20421
21156
21349
19790
20528
19996
19544
19922
19918
19383
20061
20327
19467
19300
19452
19962
19910
19318
19553
19541
19318
19345
20806
20348
20070
20276
18972
19495
19451
19787
20513
19580
21037
20347
20243
19814
20093
19874
19874
19730
19643
19306
35673
19686
19715
20030
20607
20734
19958
20362
20146
19568
19326
19584
19176
18835
19799
19531
19544
19720
19144
19840
19346
19837
19967
19807
18901
19444
20431
20009
19636
19442
19748
19968
20166
19812
19724
20258
20239
19795
21081
20422
20726
21070
20784
20730
19555
19550
19966
20054
19351
19510
19156
19455
19424
20200
20828
20911
19769
19483
