40445
40402
39919
41238
41506
43488
43596
41749
40522
44843
40077
40549
40482
40355
43430
43910
43777
40253
58609
43155
44336
39798
43153
40347
40336
40635
40913
40510
44879
40404
56434
40131
44402
40227
43986
51660
43544
40378
43002
39928
40452
40599
43347
40135
43401
40571
40677
39685
39921
39746
40577
43893
40200
40035
40018
41922
40547
40431
40682
43074
44446
40253
43644
44068
40109
40115
40653
40521
42679
41055
40086
40625
41659
43724
40468
43100
41955
44961
42246
43353
43250
42184
45164
41842
40548
43882
43838
41022
44905
41385
48884
41721
41449
43401
41741
41518
42745
40959
39956
43492
