15791
15480
15262
15382
16207
15374
15573
15098
16156
15551
15392
15519
15266
15233
15564
15762
15459
15057
15026
15472
15131
15321
15113
15908
16738
15335
16785
15759
15740
16500
16166
16392
15747
15593
16027
15774
15438
15170
15622
15623
15307
15270
15814
15007
15519
15713
15011
15474
15122
14969
15062
15263
15223
15036
14973
15221
15486
15399
15180
15539
15165
15226
15301
15520
15472
14846
15759
15732
15259
15550
15444
15787
15058
22315
15437
15034
15727
15800
15601
15288
15143
15623
14843
15250
15743
15083
15575
15741
15860
15425
15952
14810
14969
15109
15301
14867
14981
14655
14907
15238
