32172
33509
34081
32585
30774
32659
32204
31426
31510
30833
33609
31461
34455
31326
33591
33202
33251
33306
33714
31285
31601
31182
34074
40193
32778
31774
32038
32340
39611
31585
31283
31203
31712
37936
31205
31473
31341
36725
32230
33149
33014
32137
33495
33389
58232
31668
31716
32975
32269
31159
32015
31453
32150
30950
33991
32969
31512
31301
35441
30750
33747
31273
33716
31946
31125
31337
32589
31073
31344
31464
31671
31293
34572
31532
31814
31552
31417
31116
31721
31649
31390
32007
31149
34454
30766
41325
34635
31098
31732
38172
31335
44413
38374
31111
34120
33432
31302
31531
31354
31673
