23335
24031
22789
23640
24591
32677
24665
23892
24170
23942
23364
22395
22350
24458
22868
22219
22258
22274
22430
22556
22090
21920
22146
32102
23989
22102
28891
22006
22395
22311
22021
22534
22624
22468
23000
22210
22179
22357
22376
22262
22383
22304
22413
22657
22624
23138
22158
21830
22429
23903
22235
22255
22337
22102
22316
22617
22784
24719
41519
24161
22680
24241
22810
22207
22019
22465
22481
23777
22319
22252
24027
22356
22340
22684
24783
24582
23068
22162
22125
24188
22451
31048
24528
24352
22663
22849
22504
23330
23735
23643
22646
23757
22674
23568
22690
23652
23945
24212
22763
24676
