26736
26435
27169
39018
27355
26970
26792
27289
26961
29494
26678
27981
27068
40613
47276
30025
30258
29240
30611
31451
31462
31661
29773
30908
30463
32022
30971
32864
32458
34112
32728
30899
30095
28620
28697
30530
29432
27325
26747
26495
26940
26962
26787
26815
26554
26390
27030
27479
26650
26927
26895
33840
57048
31079
29585
28966
28877
28399
46777
27915
27470
27305
26755
26867
27147
27376
29265
26791
27438
27307
27569
27480
28964
27041
26697
27097
28854
27185
27262
28595
27218
28659
28345
27144
27535
29020
28058
28544
29604
28064
28171
28409
28235
30373
28401
28718
28182
28634
28176
27621
