39482
39263
37997
39330
36112
35999
35617
36159
36097
36260
35914
36091
38072
38617
35562
37987
35610
42500
35817
38535
35788
35771
36869
35514
36100
35832
35691
38386
35402
36128
35806
36460
35895
35605
35749
35936
35754
35782
36201
35702
36818
35796
35428
36288
36916
35589
35478
35945
35716
36007
38671
36744
35950
37089
35753
35283
35623
35930
40102
36010
37130
35808
35773
35348
36000
35391
37917
43563
38119
38304
150276
38682
40997
39947
41343
40351
39712
40661
42039
42809
44976
54558
43382
41260
40664
39273
39627
39252
39388
40756
40168
35804
38359
35936
35911
35574
39531
35373
38267
35789
