10008
10035
10366
10503
10631
10033
10690
10186
10487
10153
10224
10129
10157
10484
10097
10261
10135
9874
9962
10048
10447
9873
10009
10001
10187
10290
10242
10450
10503
10552
10177
10406
10028
10166
10470
9825
9952
10002
10957
10409
10091
10265
10565
10509
10268
10182
10198
10592
10412
10473
10167
10066
10231
10299
10402
15540
10180
10185
10218
10760
10259
10140
10355
10361
9928
10148
10206
10250
11556
10136
9791
9787
9734
10328
10387
18198
10722
10750
10484
10157
10121
10407
10234
11078
10118
10059
10212
9870
9939
10080
10186
10113
10067
10227
10447
10323
10368
10578
10223
9989
