4944
5721
5111
5157
5113
4901
5109
5234
5465
5534
4957
5453
5171
5250
5763
5114
5531
5573
5458
5196
5254
5395
5547
5846
5779
5594
5761
5904
6137
5804
5689
5640
5829
5608
5722
5600
5901
5707
5880
5605
5650
5650
5761
5737
5717
5869
5933
8801
5932
5762
5916
5599
5779
5638
5854
6038
5767
5873
5842
5757
5640
5823
5673
5856
5625
6127
6448
6118
5875
5991
5751
5853
6020
5943
6007
5863
5819
5773
5650
5655
5763
5780
5998
5749
5712
5731
5866
5826
5938
5877
5571
6171
6019
5800
5885
5745
5502
16556
5807
5814
