1928178
2108408
2258672
2077107
2038132
1944441
2003555
1912593
2150458
2014127
1970424
1919841
1907308
2054781
2095967
2004086
2003833
1949667
2162792
2249564
1937680
2222762
2005449
1897457
2103081
2120275
2049057
1896467
1859525
2063746
1934494
1960226
2066894
2231882
1989795
2195938
2105709
2094847
1911912
2049921
1894699
2035651
1999638
2093402
2076856
2187071
1941796
1974794
1997657
2055365
1836845
2118616
2162448
1925021
1925364
1992610
2076379
2023127
2231605
2032437
2254333
2182281
1963256
2153300
2259062
2248429
2329118
2071779
2532382
2009941
2118619
2054715
2178934
2008057
2002015
2011101
2087855
2068297
2210324
1963552
2058402
2104076
1989245
1942949
2157032
1999194
1960816
2143070
2143470
1934381
2307085
2014416
1901240
1998011
1994750
1972327
2018447
2058691
1955701
1986541
