6157327
6179125
6114523
6637215
6437404
6086103
6104085
6255170
6261376
6319620
6681603
5807307
6214983
6458660
5800644
5971084
5913852
5835432
6111252
6299664
6238561
6652490
5979783
5764736
6321103
6231251
6784385
6915026
6743284
6648076
6429213
5998866
6456264
6307873
6297822
6443364
5907034
6268352
6737157
6717836
6545782
6855777
6541376
6354772
6320915
6297066
6185465
6232053
5876128
6030041
6193812
6166905
5648540
5831665
5921299
6401745
5781704
5628119
5745096
5906083
6273025
5973669
6548693
6498464
6341392
6621495
6773914
6272796
6618012
6141318
6382024
6475432
6615893
6071613
6075716
6536772
6321897
6218237
6329518
6184116
6670056
6925381
6792495
6266339
6206255
6753783
6426577
6156436
6289878
5903147
6040558
6248271
6179828
5980051
5996383
6242935
6391261
6378821
5785464
5857986
