20915952
20159046
20435128
20513665
20118337
19302133
20084111
20474581
19513386
20138972
20294361
20078005
19688360
19541527
20471394
20295453
19668528
20359320
19411707
19440449
19797766
19615808
20082747
20019077
19296847
20062299
20135337
20278751
21447818
20129256
20331826
20104620
20124314
19885536
20932413
19367130
21030168
18957629
20256485
20067439
20471075
21373879
19674797
20160075
20128297
20554622
19932057
20248086
19792316
20504450
19914924
19151408
19919623
19957413
20562311
19759231
19736793
20459186
20681969
20562156
20761320
20170276
20380638
19812680
19108541
20062860
20348889
20339855
19389615
20652748
21726428
20100141
19516922
19839441
20998143
19092059
19609255
20154222
19145870
20820820
19298675
20135107
19824884
20923085
19498702
21117247
20427809
19998616
19785305
19288605
20510284
20169310
20215455
21172584
20488734
20128144
20515972
20003820
19986140
20745087
