17335612
16781771
17193393
16360305
16494763
16149611
16072422
16033721
15945774
15634082
14757227
15773563
15905403
15563807
15936353
15334360
15666295
16250635
15959949
15346524
15585512
15732399
15963485
15443350
15916986
15573124
15518761
15647665
15751876
16109200
16480090
15785433
16602242
17017951
16287128
16926382
15989658
16070475
15254605
15655403
15357013
15616389
16610471
15704560
15717867
15432448
15707334
15788391
15550185
15553766
16317829
15830945
15899599
14760303
14922133
16106592
15776138
16126676
16011497
18576318
15566544
15219530
16286930
15596018
14900392
16309487
16609077
16211038
15210816
16012754
16209811
17229225
15342161
15844039
15845605
16071681
16120545
16054802
15929764
15814604
15786152
16003904
15819795
15897471
17462402
16444838
16064774
16549638
15298415
15952343
16021062
15786421
15882355
15198052
15728305
16048063
15713769
15711953
16497033
16501209
