12182256
12242518
12313219
11926003
11927091
11942831
11743500
14343084
11826096
11986092
11966093
12637644
12639514
12616947
13827616
13379373
12547531
12029221
12115802
12462415
12371467
12731726
12473974
12494335
12703274
12469233
12509720
12157271
12422493
12761696
12995887
11949719
12464041
13216664
12578607
12544632
12836245
13478327
12398526
12734278
12735325
12339896
12069053
12108474
12363302
12427766
12888045
12819920
12521015
13521694
13157732
12381145
12761948
12638138
12882745
11767120
12641184
14479980
13011679
12656907
11974329
12306281
13129887
12832604
12893239
12134608
12314261
12449321
12740855
12337853
11860919
12788642
12514541
12437926
13114544
11563588
12228805
12485527
12081252
12290367
12493897
12516735
12373357
11633679
11690639
12212935
12038484
13199721
12577153
12685242
12320592
15047518
12954780
12729714
12627776
12634659
13127189
11583045
12150257
12813720
