3993871
3680112
3658097
3491105
3639996
3667484
3496040
3835452
3912023
3791657
3315670
3763360
3608555
3670723
3694330
3997374
4026029
3905050
4017436
4015671
4141580
3928019
4151268
4098181
3993439
3867392
3853649
3906061
4220141
4850417
6705276
7752251
4845149
4717021
4288076
3871181
4197131
4496780
4114377
3971493
3844371
3977994
3898275
3786727
3977073
3647651
3637688
3947838
3961800
3839104
3857319
4179393
3864363
4220840
3826165
3860097
3956581
3969631
4206175
3831905
3506532
3856463
3855738
4432261
4216306
3752901
3894877
3990351
4014361
3938931
3789084
3895595
4097532
3888486
4271462
4086583
3803506
3995235
4031290
4309876
4219545
3917552
3741592
3956246
4055775
3810213
4008809
4025454
3786695
3797097
3795830
3845092
4518602
3808247
3789762
3971511
3759794
4130385
3868860
3640589
