8429902
8894260
10167535
9305238
8629007
9190887
8888181
8500232
9373483
10245031
12482771
13040652
11151059
10516369
11745187
9603356
9781764
9210744
9456549
9665828
9742420
9458457
10429353
10120738
9486840
9384392
9771253
9698906
9196171
9907010
9504356
9028490
9786935
9258183
9407819
9492408
9956984
10024724
9755945
10007304
10074829
9367373
9882452
10137976
9518510
9747539
9794081
9405213
9166599
9934927
9980622
9500603
9267314
10789743
9603932
9540262
9279856
9181716
9615035
9503009
9834972
9142495
9162752
9422693
9487584
8951991
8957221
9433194
10098472
8839033
8720580
9064480
9389478
8890551
9584857
8801515
9112516
8247343
8701290
8496004
8835237
8960143
8928973
9071779
8972918
8776016
8791284
9258845
8611284
8647058
9429979
9193353
8656292
9090327
8889880
8898854
8991515
8830069
8851042
8321146
