200557
193100
195109
237188
180816
195045
198058
200342
195568
216568
185029
200899
215832
229014
222262
175101
208841
187588
224037
236892
220673
230286
211434
213362
219387
204467
237766
238809
216103
230288
208437
194485
245840
203216
229155
187439
213609
227365
241702
251180
222923
225201
236011
214722
238958
218931
213871
228073
226029
202636
250141
185750
225845
211171
228899
218057
235372
236810
244336
217473
221566
230543
234186
240228
233460
230976
223047
230964
252498
221002
221353
274421
234503
230013
255755
223994
211286
190933
225263
218184
236770
230203
234261
227642
224854
221041
237052
246840
223584
208657
257112
240456
224799
228802
227556
185992
215090
208692
224073
206704
