883534
901023
965351
981241
911326
833658
1215218
953539
869157
859552
866132
867325
885713
898076
924326
939697
899920
902572
868824
925642
1046131
929017
978363
989401
962677
898304
932208
1010916
821601
1040080
997968
898029
888135
920126
912646
918892
735475
893566
890510
922582
877706
979817
808190
869001
916617
848636
919598
876237
944324
897532
875362
866208
903963
873744
865710
931482
952647
858670
915504
921752
838982
939311
1040905
894805
849824
911053
870686
935924
942522
944276
939482
970290
863353
965937
824461
1023929
855726
865531
897853
855003
902901
877655
1011700
932293
852318
807134
950554
919149
854296
924218
884118
908787
854359
953080
851920
867416
866575
858204
835486
911386
