1823588
1941188
1785917
1908685
1766215
1886884
1915636
1837443
1920151
1855531
2016691
2159077
1905824
1905042
1897127
1890034
1800684
1776473
2149107
2102624
2024451
2162828
2088319
1960578
2020673
2001852
1918040
1871660
2017528
1859713
1885491
1912179
2167801
2272827
2017113
1944655
2105282
1998614
1918318
1995234
1963203
2194430
1926703
2194788
1955713
1865692
1880268
1874330
1997661
2010605
2020325
1977229
1857545
1835341
1844056
1789510
1958303
1878001
1896711
1913272
1943714
2013654
1969838
1892559
1835746
1826496
1800444
1864047
2014099
1791125
1843139
1816872
1753239
1919686
1840332
1837322
1850390
1865871
1812266
1858866
1887827
1917184
1888877
2017215
1867295
1883392
1946487
1937458
1864550
1857352
1860199
1833638
1865296
1794120
1869405
1815067
1918410
1745998
1866783
1872102
