11904656
12819268
12779223
12378465
12155285
12582890
11953361
12460720
13516450
12651950
12680463
12134473
12252594
13251572
12698130
12624433
12674324
13448757
12319504
12381285
11964525
11884272
11984079
11883954
12081441
11851460
12227368
12331953
12748050
12107403
12103274
12071079
11909295
11902886
11927784
11682327
12100659
11243118
11318683
11685955
11538505
11731455
11637150
11770599
11630084
11710533
12003225
11405991
11253899
11830454
12330353
11933446
12278538
12149584
11940241
12260362
11752750
12544304
12461112
12593739
12992153
11727027
12391048
11537056
11490911
11713090
12070016
12031740
14057151
12341458
12185891
12584750
11938056
12427730
12399442
12006102
11839735
11856385
12070909
12515054
12046581
12534660
12496344
11582413
12807200
12149018
11810086
12046901
11867817
11318231
11762128
13029969
11485396
11520019
11538240
11477022
12181418
11619348
11446553
11646576
