23535251
22525705
22690905
22855107
23103184
22702650
23075845
23673198
22914017
22026017
22795661
23392161
22910166
22923115
22145744
22317962
23238829
22394592
22401147
22426607
22561870
22299045
22812923
24184732
22567237
22650093
22569337
23440940
24175882
23724803
23979515
23148849
23104814
22767503
22865376
22334687
22837339
23658203
22461834
22589445
22875710
23910330
22681520
23919008
23927287
23867637
23594120
23322552
23265619
23597131
24429155
23053917
25423092
23103912
23050055
23726212
23369338
23324673
22843122
22901334
23204903
23983750
23128545
23204355
23052793
23188190
23147477
22793677
23894273
23121878
22447160
22849913
23233208
22364353
22498829
22493154
22160986
22172672
22759102
22588006
22454051
23016188
23045417
22861870
22416245
22300058
22827042
22298714
23069111
22919394
23046997
22631525
22822308
22542684
22470864
22530840
22714935
22108515
26458361
22210409
