29845566
29697854
29587274
29874376
29304127
29682561
30573782
28939104
29826421
30381856
29310844
29895434
29835013
30277460
29709537
29702339
29681061
29768103
30048428
29540452
29709952
30342115
29568569
29105305
29681066
31632299
29535622
29352611
29876033
29218227
29892799
30307894
32014144
33177042
34836149
35644999
36979625
37796539
38280687
38950228
39854243
38986360
41011037
40516198
41375369
41875074
41728381
40377219
40702704
40540776
40307716
39830529
39783322
39769870
39423875
39398019
39570904
39345788
39956058
38852021
39208205
39152837
40825178
39301178
38590364
41417346
39324011
39289829
39255558
39001444
39120064
39980667
39796952
40917865
39630914
39588575
39161926
40365615
39407172
39105381
39068935
39750194
39488265
39571127
39695169
38776428
39559473
39425726
39368728
39279349
41466051
39660497
39270311
39050393
39229786
39405836
38887190
39112288
38637021
39985814
