8502674
8419768
8321323
8162021
8172494
8313785
7878579
8164028
8270554
8249992
8276399
8016446
8158785
8844883
8399598
8176757
8014458
8051632
7735299
8248307
8243609
7908290
7971211
8314191
8152462
8198649
8047205
7824951
7806600
7739946
8382617
7776730
7628166
9087347
8059937
8111847
7613307
7618215
7946273
8390432
7619323
7957155
7933261
7896441
7616479
7760345
11330084
7522340
7900855
7828349
8045658
7907238
7987488
11187004
11895426
9304513
8361772
9105544
8278452
8208800
8017346
8143090
13411969
7737469
7668775
7946764
7884002
7909655
7823761
8478303
7525603
7585282
7485687
7750549
7678359
7431545
7650763
7792978
7848715
8143649
7917242
7717751
7455953
7575954
7599504
7743764
7443393
7927284
7898726
7926754
7951328
7847141
8169608
8166053
7905884
7675305
7428815
7611576
7519011
7798191
