421122
412353
390692
390959
387364
393234
471920
439286
431326
441606
449130
412997
460048
422634
386655
398738
393686
398246
435147
410755
440319
415681
455590
427225
422981
469390
442188
453882
450472
454724
444925
444851
464549
453973
490600
457831
452996
447257
491086
444668
446325
452386
441192
465079
449524
482420
480437
445574
456478
454017
449256
461457
440368
437731
468700
448460
477925
459675
448806
452775
482114
498571
509898
487838
473877
510955
486233
470164
484243
502037
493952
474328
465760
473009
477960
490156
512195
466282
481348
452082
458124
456846
448734
453189
454517
477646
499383
481047
461495
447603
462344
454048
448329
448345
463080
598336
447438
455568
458527
470444
