17660687
17354477
16819543
16924258
16697548
16515075
16941886
16465296
16464078
16672394
16853706
16540652
16392430
16558299
18301522
16444747
16986716
16642587
16804764
16307664
17059612
16822013
16759585
16729604
16323370
17021993
16392604
16905378
16386218
16654995
16825406
16145990
17118417
16881346
16665022
16727626
19441322
17346190
17833421
16866047
16763164
17032718
17089264
17087265
16770083
16576086
16919089
16854816
17004025
16399678
17888134
16291544
16484334
16537132
16388572
16794049
17354406
17724684
17477017
17680987
17327310
16683982
17678342
16920453
17369527
16859794
18437162
17658762
17543995
16797954
17202353
18598905
18363264
17028924
17019229
16605750
16839142
16971074
18078271
17071552
16770505
16943715
17672583
16780578
17254106
16866164
17029647
16740440
16783677
16804973
16305797
16297776
16819642
16992280
17395456
17309685
16826676
16453217
17216570
16624841
