4338268
4507486
4210761
4234613
4171328
4086300
4453310
4280251
4569068
4732941
8347316
6203361
5338003
4832439
4450332
4210366
4317110
4558507
4327019
4063782
4037411
3985412
4262028
4141375
4285117
4853077
4476596
4629855
4572767
4540546
4512522
4275504
4164919
4523915
4329595
4353960
4067069
4220594
4221232
4273522
4126854
4258645
4354675
4122875
4357690
4242204
4138735
4155171
4161622
4062739
4214914
4272025
4236769
4308155
4396420
4338251
4204774
4274423
4221633
4107942
4117643
4081356
4451818
4560531
4565914
4155971
4367403
4071393
4318034
4063709
6104914
4210019
4100988
4205193
4485081
4549876
4286734
4376679
4157531
4148766
4344737
4203514
4187546
4078269
4061938
4147108
4291160
4206929
4021781
4296812
4158908
4179484
4487924
4253256
4182645
4294064
4409875
4709008
4515564
5198815
