49901543
50153161
51562873
51498110
52175168
53532581
51516878
51049122
49578563
49649863
50044223
51715457
50664220
51436037
51835177
57026872
51133499
50511696
52165246
51919740
51692968
51663948
52335598
51870311
50478122
50149663
49906461
48912004
49334954
48108347
50063498
49805140
48953568
48930451
48509716
49582815
49022457
48829246
48564133
48420437
48403875
49461749
48216499
48293979
50018039
48268552
49544003
48226847
48779068
48577469
49265409
48730330
48117856
48998451
48861078
48448585
49164617
50885058
48799384
49069263
48391996
50083071
48171660
48186384
48381870
50203693
48525017
48373307
48548973
48503906
50667428
48666331
48287159
48830671
48815750
48758976
48868364
48515250
49110137
49109255
48990663
48098612
48745125
48607749
49029260
48142779
49534966
48676243
49480725
48127626
48308091
48802300
49282522
48423778
48237388
49449808
48213029
48470558
48765648
48657993
