9683021
10644516
9537349
9508787
9490561
9892233
10256515
9429921
9595469
10354538
9466863
9628430
9536307
9538155
9645316
9683865
9772211
9793292
9685030
9425818
9466631
9956258
9429829
9445786
9438775
9603945
9582075
9592533
9456156
9488057
9454018
9484371
9402876
9426826
9321514
9827280
9586255
9745003
9597240
9742771
10215021
9592866
9992882
9898025
10106029
9775073
9618336
9629706
9648999
9909850
9637203
9601907
9600610
9503168
9753909
9523717
9697371
9881271
9553710
9570214
9629174
9692134
11023958
9349968
9318350
9440611
9477350
9484919
9563976
9477251
9655794
9617930
9752678
9568328
9905401
9656821
9583644
9483989
9837417
9324368
9455684
9472912
9385434
9463125
10209310
9552539
10037883
9945209
9725800
9879472
9890012
9622745
9469773
9297002
9569590
9524913
9617593
9740743
9588556
9435909
