1350776
1242920
1256931
1272981
1406412
1258674
1268847
1245414
1247340
1293292
1288149
1267801
1325605
1251902
1276004
1249981
1232429
1335207
1286817
1250109
1254336
1301641
1256494
1273754
1237994
1251081
1286425
1296858
1266811
1249997
1233684
1218177
1254632
1403554
1439433
1237446
1231888
1212967
1278792
1209983
1256846
1284610
1246586
1259230
1261137
1265721
1242026
1219718
1323458
1321842
1247690
1233626
1287431
1252070
1242419
1261802
1312754
1212196
1264627
1223907
1679738
1318953
1342664
1262834
1355547
1250594
1771130
1300179
1349676
1365998
1358591
1402664
1300457
1245077
1288252
1232991
1262019
1330840
1237039
1253137
1261643
1276713
1247101
1259633
1326769
1269675
1266988
1302104
1268678
1254102
1288226
1241423
1247300
1331546
1258579
1261567
1342403
1293769
1300982
1305432
