5552582
5475883
5519846
5580433
5789814
5555892
5831900
5879612
5494633
5505140
5350980
5491341
5275218
6104149
5484498
5766929
5989176
5349125
5318724
5372383
5239772
5264167
5271839
5288139
5257337
5604332
5385626
5407548
5505505
5861721
5888380
6000881
5925823
5662435
5758629
5429452
5383537
5412308
5436157
5373640
5839770
5417313
5590688
5500688
5444849
5405270
5607461
5739238
5709001
5579034
5628605
5656840
5571733
5640292
5602790
5556299
5550329
5567824
5508317
5307057
5318258
5525251
5447173
5663307
5866429
5951603
5623450
5662282
5874770
5914155
5726677
5925824
5580804
5613059
5480617
5468407
5492473
5385339
5452203
5559454
5484547
5457196
5438493
5520271
5386863
5304535
5296996
5262509
5286506
5372538
5382215
5442263
6161609
5471574
5558791
5848718
5471686
5589656
5983147
5486379
