3695607
3646961
3877337
3863923
3719429
3748398
3726877
3661839
3709376
3684855
3835098
3740781
4170704
4478149
3983334
3695445
3793218
3654695
3781950
4051633
3870593
3793369
3768665
3749591
3750370
3806162
3642419
3813020
3730555
3778413
3944662
3945835
3994049
4075201
3778425
3953262
3753083
3755329
3778084
3871470
4772442
3707593
3839558
3758885
3697889
3801120
3643154
3721763
3772512
3967558
3714337
3743485
4057348
3881622
3915310
4145684
8432186
7170790
4829265
4216237
3979012
3897609
3843723
3704287
3768950
3751099
3710812
3676890
3962539
3765579
3839156
3826706
3838438
3762974
3735915
3646486
3662616
3660603
3758356
3580711
3577391
3642840
4065209
3785876
4227054
3747680
3620801
3661032
3685180
3768966
3792555
3888329
3851894
4094327
3835837
3839217
3914607
3921037
3793721
3875565
