551827
590379
552967
535791
621281
555117
587790
567278
559852
537090
550399
604860
571561
551382
570334
551878
533989
603577
602410
557059
596533
542671
530920
556288
538046
541851
593906
573001
543754
533347
532633
532422
535443
541729
670001
600804
556368
545262
541485
536471
536746
574128
545751
577502
551754
537391
538833
578933
555813
534289
576270
698161
551588
551904
551513
554353
537553
544506
560604
556345
556187
540984
549318
535114
534930
536837
593898
542604
581613
598328
548552
567741
541774
539396
540521
524728
538276
549481
539548
541090
527775
544063
546185
540789
592585
592362
531460
541729
609801
596379
562900
542911
676956
601173
535251
551423
557257
606021
552656
579644
