12317196
12225029
11931575
12703334
11677031
11894494
12178247
11994149
11909375
11828460
11803900
12317461
12681851
11764324
12082607
11748124
11802718
11925794
12260723
13350584
11966138
11987504
11844760
12164494
11906397
11740755
11843625
11883001
11995768
12139633
12729003
11849036
12327891
12396067
12450817
12008518
12014603
12086351
11841637
12257444
12484877
12524078
12133641
12901565
12691869
12340923
12424782
12358246
11999571
12202509
12106844
11936904
12982229
11960714
12087213
11876354
11947632
12329278
11971381
12093921
12005886
12061010
12577054
11987253
12664757
12550808
12294680
12689846
12397779
11995912
11818206
11732419
12279671
13036070
14152669
12443431
13555692
13071217
12717466
12411114
12848884
13447716
12021975
12256637
12237803
12313071
12010205
11964398
13187915
12950349
12180225
12066026
12038316
11994242
12412560
12183788
12224220
12327059
11996313
11931404
