7378846
7528929
7365420
7335329
7410759
7304332
7210369
7237705
7459846
7499318
7184146
7344291
7277529
7181249
7080381
7213782
7436869
7258732
7391584
7298496
7321041
7410089
7420974
7577985
7256539
7294088
7530623
7434353
7158970
7532610
7434623
7376103
7651002
7415190
7398959
7286418
7296962
7719778
7195100
7178537
7295856
7462232
7391215
7517220
7463433
7464950
7398953
8409980
7383774
7193181
7175576
7140323
7327327
7503275
7280523
7764993
7212280
7235824
7624853
7785876
7669275
7423104
7400204
7204960
7247735
7247253
7365314
7188185
6964741
7151518
7360836
7299418
7429831
7355431
7380548
7409109
7401920
7291941
7460033
7297730
7409836
7390718
7482029
7183821
7030571
8265716
7360123
7227331
7236216
7297530
7365461
7933632
7367116
8137104
7452393
7381093
7407606
7265158
7473008
8249749
