127451
145170
134184
123978
128195
133721
146862
123224
142442
139753
136486
135265
135190
132942
124968
144509
133968
140271
134325
132496
136281
139592
137189
139798
148692
140501
140001
138882
141732
144281
144574
172687
139058
139952
142655
147359
144088
159439
164237
152750
143919
142068
149510
146852
146163
143551
148466
147214
150952
146549
140761
141626
141286
152234
143032
150913
144874
144968
142589
140076
146300
143930
145095
158851
147254
153253
152547
157216
147863
145892
142947
147405
144782
144068
142157
143114
181895
152521
146463
143494
144749
143328
152031
156969
141674
174319
153921
143796
149452
145671
150534
153638
156176
146347
149791
140133
140044
142678
144697
141805
