2886104
2352313
2308477
2295442
2888145
2322276
2255888
2289494
2308025
2309356
2258287
2284288
2369375
2322067
2377035
2333941
2367371
2408289
2294420
2291318
2299261
2333570
2257632
2335972
2296894
2307107
2310003
2317919
2289189
2436065
2301281
2327424
2348061
2334718
2315402
2352026
2350232
2352452
2283272
2315243
2337843
2421258
2319997
2272369
2332855
2294756
2425716
2269560
2276070
2304024
2373897
2301082
2345582
2352546
2334717
2442819
2824760
2453999
2463517
2400285
2435613
2412731
2411107
2494923
2510555
2550397
2422029
2380042
2908927
2714307
2597825
2556948
2566041
2462081
2398437
2627279
2517676
2492043
2365115
2408666
2470238
2427125
2326697
2313517
2339228
2339670
2396742
2358124
2285001
2562717
2416791
2351197
2429589
2354145
2320357
2302895
2351864
2352244
2344681
2348662
