70641
75413
70680
70627
72666
86129
70273
70750
70300
71680
71219
70358
70713
70232
70745
72023
70540
70474
70583
70252
70822
71926
70243
71817
70903
70172
70276
70509
70324
70268
72016
70627
70330
70650
70497
71037
70461
72379
70387
70497
70303
70371
70873
70168
70373
70216
70415
70253
70445
70282
86668
71136
70582
71763
86516
71283
70558
70707
70799
70430
86008
71496
70552
70521
86466
70318
72152
70640
70373
70219
70400
70507
70500
70456
70228
70243
70199
71364
86661
70533
71634
70746
70592
86241
70534
70353
70721
70275
70342
70063
70586
70800
70607
70576
70315
70597
70616
88685
70665
71090
