38214
38493
38367
38169
38144
38249
38079
38524
38143
38295
38099
38260
38531
38168
38133
38821
38290
38485
38369
39289
38194
38185
38154
38380
38044
38508
38611
38316
46019
46375
38632
38295
38584
38288
38496
47542
38227
38451
38326
38521
38884
38127
38128
38548
38546
38091
46219
38402
46068
38223
38290
38136
38216
38370
38665
38204
38086
38247
38076
38068
38244
38226
38076
38051
38054
38560
38194
38089
38159
38129
38505
38027
38083
46718
46209
38163
46380
38082
38053
46517
38169
38057
38434
38366
38138
38104
46541
46276
38398
38593
38215
41862
38054
38152
38250
46515
46493
46170
38093
46039
