15056
15421
15456
15155
15351
15435
13054
15409
13019
13179
13179
12965
13922
13444
13200
13373
14428
13130
13891
13348
13300
13564
13022
12917
13121
13245
13196
13518
13076
13191
13271
13138
13248
15476
13596
13320
13029
13089
13196
15385
15948
13159
12941
14158
13074
13575
13555
13603
12926
12997
15307
15317
15597
15322
13209
12958
13063
13186
13097
12982
13112
13578
13144
13258
13287
15351
13253
13625
13120
13130
13043
15357
15443
15201
15387
13784
15932
15615
12917
15197
15357
15221
13154
15207
15326
15400
13000
13178
13213
12964
12995
13585
15899
13563
13195
13822
13015
13146
13049
13581
