36737
33180
32966
33195
32930
33395
40952
40119
39729
40041
39737
40104
33602
39738
32874
33612
32926
33081
39915
39833
33037
32868
33077
32994
33074
40343
39939
33007
39871
33075
32916
32874
39898
32982
33841
33466
35261
39927
40052
39742
39810
40031
39751
40299
33062
41044
39755
33308
33274
32970
40468
33019
33421
39813
32909
32917
39592
33111
33688
33236
33253
33902
33327
32962
32929
33264
33155
32947
33156
40055
33032
40061
42612
40193
40000
39987
39763
39928
33100
39669
40016
33223
40080
39920
40908
40174
39880
32952
32903
32854
32910
37746
33433
32972
32829
33321
33132
32892
32918
32905
