76334
76476
76894
76963
76460
76555
77599
76353
77017
76688
76998
77129
76342
76509
76822
76922
76414
77964
76774
76428
76346
76401
76332
76558
76637
76348
76604
77026
76241
76599
76345
77112
76450
76469
79750
76276
76470
76217
76571
76561
76630
76819
76497
76574
76845
77139
76739
76521
76333
76357
76288
76448
77517
93478
76354
93807
93726
93341
77716
77447
76450
76729
77241
93583
93309
77055
76644
76708
93925
76725
76465
77294
76962
76856
77446
78008
76808
93657
76432
76419
76340
76725
76548
76404
76289
76789
76295
76572
76428
77220
76708
76287
76434
93708
77084
77252
76379
88482
76729
93069
