48867
47907
47828
48172
58306
59205
58013
57983
58731
58382
47920
49288
47979
48731
47734
47656
48454
47836
47824
48218
47927
47907
47660
47651
47635
47763
47754
47766
47942
47634
49410
49055
58411
58332
48243
47710
48249
47769
58038
47757
47789
47807
47631
48030
48001
50719
49235
48097
49808
57746
57873
58164
61004
48388
48202
49886
48495
57909
47585
58303
47569
47604
49111
58744
48343
47689
49550
48162
48180
58245
48244
48526
48087
57737
58082
47704
58076
58348
50566
48096
48849
58179
58108
59698
58766
47673
47727
48778
48064
47639
51198
48136
47695
48229
47976
47909
48187
48246
47627
47593
