71059
71665
71264
71242
71304
71320
71134
71985
72301
71451
71036
71398
71650
71688
71668
71232
71300
71463
72986
89064
87496
71236
72906
71083
70987
71203
71520
72664
71371
71538
71529
71312
71238
72536
71691
71343
71313
71390
71310
71814
71202
72291
87070
71611
71418
71406
71505
71128
71353
71219
71617
72009
72201
71085
71104
87129
71180
71942
71320
71473
71101
87880
71808
71308
71934
73585
71625
72430
72920
87205
71073
71302
71127
87614
71241
71492
73016
71188
71125
71222
71614
71798
71402
72315
72706
71059
71409
71257
71471
71144
71637
71270
71269
71677
71521
71055
71245
71595
71276
71587
