59238
60869
58889
58982
59191
58995
59410
60793
59210
72560
73575
59041
59754
60438
59480
58943
59672
59201
59363
59114
59629
58997
59101
59257
59034
59446
60158
59188
59134
58891
59239
59253
58939
59069
59633
59095
58954
59287
59576
72044
59017
59102
60071
58917
59356
59030
59246
72997
72622
59439
59204
72168
59171
58995
59241
72423
71995
71996
58908
59362
72509
59655
58859
59236
59368
58957
60904
59365
58862
59031
59248
59203
59578
59105
58890
59188
59073
59307
72269
59100
58948
59004
59153
59423
59090
59345
58819
58931
72067
58959
58893
72366
58963
72423
72206
72303
59522
59002
72373
58978
