35694
35427
37205
35763
43398
36702
43243
42898
35568
35649
35586
35478
35400
35879
44283
35641
42899
36107
43242
35527
43304
35719
35571
35764
36041
35685
35543
35606
35615
43321
36415
35525
42973
35720
36407
35549
35449
35757
35779
35556
35920
35646
36531
35441
35779
35716
43001
35899
35811
35567
35446
35738
35508
36117
43181
35790
43154
35968
42955
43264
43099
35498
35669
35679
35721
35955
35722
35680
43042
35485
43173
43044
42919
42738
35828
43194
43479
35580
43269
35867
35698
35426
43078
43017
35553
35484
35937
35585
35499
35702
42907
35790
35683
36044
35624
43223
35810
35728
35555
43011
