54263
53414
53801
52203
52286
52336
53460
52522
52007
52504
52424
52392
53919
52216
52597
52006
52502
52057
53318
52346
54091
52335
51930
52733
53059
52394
52153
51937
59679
52392
52219
52584
52156
51956
52132
52317
66904
52662
63725
63468
63495
63797
52175
52142
51981
52496
52104
60314
52562
51898
52051
52042
51990
52342
51918
52798
52106
52510
52171
52347
52411
52058
52432
52153
63453
63395
52130
52447
51964
52657
52100
52341
51849
52576
51918
52145
53344
51964
52135
52211
51976
52602
52596
52203
52120
64138
52227
52450
52061
52639
52427
52015
52122
52982
53372
52189
52065
52175
63531
52181
