56041
55899
56007
55452
56339
55860
55377
55436
55607
55582
55716
55733
55787
55870
55488
55488
55966
55577
55663
56446
55693
56576
56070
55609
56873
55904
67818
55536
56865
67894
55705
56066
56533
55986
55500
67648
55827
68098
55467
68215
55823
55868
59061
68152
67963
55707
56048
55785
55951
55911
55708
57919
56068
55782
67873
55581
55527
55516
55542
55717
55545
55768
56166
55513
55817
55458
55999
55554
55332
68156
55589
67968
67699
55748
55559
55779
67933
55837
55825
67516
55650
55698
55682
55979
67673
68100
55456
55433
55624
55700
67647
57449
55746
57063
55387
55506
55968
55514
55830
55873
