65716
61174
62702
59870
58410
57924
58063
58419
58361
58306
58832
58172
62480
58199
58663
58321
59784
59663
58438
58534
58230
58469
58267
61136
65648
60782
64491
60953
61073
60054
58376
59507
59839
58455
58373
58745
58095
59868
59879
60285
59699
58451
58251
58210
58156
59684
58279
58294
58603
58407
58095
58531
58278
58045
58602
58638
58415
58509
58189
59786
58115
71036
59323
70676
58055
58518
58897
71068
71114
71102
71238
71554
58025
58825
58280
71357
58804
58265
70987
71745
70986
71068
58181
58247
58054
58288
58279
71115
58081
58268
58605
58399
58448
58223
58147
71424
70808
71347
70843
70774
