40942
40683
40744
40716
40605
43993
42662
43619
41645
50477
40927
40910
49495
40631
41257
49612
49620
41230
40836
40704
49208
40737
49485
49297
41116
49490
40873
49549
49232
40979
49768
49767
49193
49483
49560
40707
49590
49625
49774
41061
49404
40900
42384
49594
41165
40919
49613
41313
40796
41189
49544
41336
40682
49868
41053
40876
40806
40969
40771
40766
40754
41073
40878
49535
50106
42446
40897
40762
49619
49515
49645
40847
49583
49818
40849
41213
49634
49492
40867
49521
40769
49384
41596
40922
40793
40976
49356
49477
49599
41151
41345
40914
40930
49544
49542
49473
40706
40656
40629
40835
