33706
40679
34026
34022
41227
34066
35130
33778
34157
40666
41007
34008
33829
33749
34154
33938
35420
40879
34144
34084
33894
34672
41360
40899
33826
33884
34274
33881
42013
41011
41468
41261
35358
33732
34069
33908
33951
34124
33982
41313
33836
33808
41559
41421
34207
33974
41060
34210
34046
34721
40875
40970
40938
34155
34019
40937
33844
34009
34126
33940
34093
34105
34006
34117
33885
35389
33738
41006
33836
33805
40869
34366
33876
33914
34388
33946
41403
33750
34023
33711
33722
34218
33819
34048
33827
34057
33908
34022
33894
40994
34001
34106
34325
34224
41136
40867
33791
33892
34078
33801
