16489
15786
18446
18788
18552
15529
18675
18663
18546
19306
18379
18510
18497
18677
18386
19880
18620
18527
18745
18724
18379
18589
16635
15886
15772
15621
15871
15720
15565
15573
16682
18417
16708
18452
18576
18551
18695
18592
18330
20174
18600
18512
18570
18542
18508
18494
18567
15862
15786
16766
15707
15589
18447
18611
18414
16929
18487
15685
15619
16318
18432
19125
18429
20146
18722
16682
18699
15714
15616
16131
15579
15911
15621
16345
15683
15700
16730
18371
16675
16383
15911
16252
15703
16451
16194
15825
16066
15636
15847
15547
15596
18812
18473
18544
18438
15629
18493
18317
18643
18617
