86272
85727
86259
86038
86355
86682
86183
86537
105913
86706
105649
86437
86491
87413
107519
86334
86468
86399
86541
86856
86789
85946
85935
86075
86504
107507
85818
105610
106011
107498
86304
86083
86053
85791
86418
86277
86030
86601
86437
86227
86205
86265
86096
86613
86010
86683
86094
86068
86676
87347
86555
86527
86341
86091
85954
106052
106667
85974
86032
85908
86160
85813
106510
87103
105325
86652
105159
86238
86060
86304
86494
86375
85979
86191
86229
105594
86357
86416
106145
87835
105716
86690
106664
105484
85943
86829
86230
86032
86276
85904
105490
86763
86754
86090
85944
105389
86084
86513
86629
107384
