19618
20944
16747
16648
16560
16687
16579
16406
16433
16984
16507
16588
16409
17755
17311
17710
16568
16560
16527
16608
16546
16662
16554
16763
16604
16503
16410
16427
16486
16670
17739
16508
16469
16439
17724
16585
16439
17706
16703
16840
17766
16817
16424
16392
16520
19582
16840
16524
16594
17724
16509
17728
16862
16553
18080
16622
16535
17764
16422
16531
16547
19643
20966
19523
19604
19865
19530
17687
16618
17728
17038
17753
16673
16806
16815
16634
16421
16910
16627
16641
16493
16569
18165
16745
16352
16570
18639
17734
16612
17728
16438
17712
16617
17106
16553
17824
16522
19696
19488
17753
