39129
38550
32111
32194
32223
38960
32220
32229
32430
32203
32203
32321
32235
38865
32249
38778
32462
32245
32069
38814
32413
32644
41655
32645
38895
38899
39178
38976
39095
39178
38822
38612
32148
32346
32494
31981
32103
38685
32145
32031
32089
32325
32020
32264
39070
32053
35803
39586
38889
38849
38908
39260
32105
38685
38903
39117
32126
38994
38687
32267
38853
38897
38874
38654
32758
32295
32003
32057
38935
38978
38822
32115
39093
38886
39016
32638
39025
38999
38894
38857
38715
32759
32096
38786
33631
32583
32007
32608
32158
32118
32539
31973
32024
32190
32382
38917
32302
39112
38819
38750
