18335
14385
14074
13896
14006
16395
14739
14033
14388
16242
16962
16530
16378
14571
14113
16265
16324
16316
16476
16283
16697
14497
13914
16236
16463
16328
14065
14099
16323
13915
14105
13863
14631
16828
16297
16266
14627
13963
14033
13976
14247
13913
14161
13826
14922
16554
16280
16656
16468
17999
16464
16433
13782
13887
13926
14151
14071
13789
16253
16287
16692
17070
14297
13980
14115
14028
16521
19643
16332
16241
16243
16234
16288
14039
14567
16885
16297
16462
13964
13903
13814
14597
16343
13928
14232
13871
14316
13829
14605
16354
16482
13921
14205
13937
14032
14032
14187
16199
16274
16437
