6899
9847
6326
6959
6281
7646
6332
6387
6474
7824
6268
7070
7496
8685
6686
7990
11603
9649
6299
8214
6285
6350
6266
7334
6319
8163
7764
8784
12263
6976
8719
7548
8021
6295
6518
8198
8667
12131
12558
6295
8746
10630
9157
10932
7153
9686
10397
9121
9336
6271
6581
8357
6291
6521
8054
6274
6294
6312
6304
6326
7930
6310
9729
6279
8028
6301
6298
9272
6322
6304
6927
6876
6302
6309
7183
6310
6318
6328
6927
7004
6282
6271
6899
6331
6272
6281
7994
6284
6296
6306
7193
6285
6317
6287
7435
6947
6348
6298
8471
9928
