64832
64094
78787
64293
64734
64146
65980
78062
79301
64537
64553
69323
64655
79799
78250
66243
80121
64075
78745
78636
64472
64123
64784
64306
79866
64079
64291
64613
64894
64101
64972
64692
78822
78677
64164
78512
78840
64475
64849
64440
64360
64553
79231
64397
78378
78834
64297
80789
79666
64545
78423
64416
64508
64403
64607
64230
64121
64079
64277
64618
64269
64276
80656
64215
79709
78797
64325
78611
82177
79121
64574
64258
69624
64437
64059
65244
84422
78979
64392
64434
64488
78235
64238
64577
64300
65123
64108
64768
64579
64107
64703
64706
64532
78491
64278
64418
64151
64965
64205
64114
