78657
77605
77675
77662
78001
77714
77858
77255
77569
77389
77994
77266
77481
77163
77464
77663
94602
77214
77099
77859
77222
78209
77356
94322
94557
77792
98924
77618
95434
78676
77548
77248
77137
94529
94333
94832
77398
77482
77530
77372
77310
77589
95043
77565
94719
94314
78401
77252
77121
77534
77271
97341
77257
77608
77853
77652
77279
96159
99300
78183
78788
77596
78117
77881
77694
77143
77302
77735
77456
79280
77555
77381
77185
79420
77976
77925
77669
77279
78196
77156
77581
78693
77159
77239
77496
95159
77177
78549
78802
95143
77245
77647
77934
95629
95255
77555
95274
77416
95191
77443
