45445
37407
37461
37531
37477
37529
37387
37272
37254
45551
45126
45672
45252
45056
38958
37232
37329
37441
37526
37454
37285
37335
37295
37783
37799
37388
37792
45198
37486
37434
37758
37187
37531
37361
37366
37460
37394
38217
37632
37242
37394
45087
37500
37378
45824
37436
37857
37341
37112
38974
37457
37206
45204
45357
45590
37655
45365
45367
45392
45429
37759
37794
37540
37446
39210
37340
37356
37182
37198
37293
37472
37470
37557
37643
37256
37367
37150
37348
45276
37736
37365
37526
37275
37427
37245
47278
37978
37862
45306
45355
37474
37567
37182
37205
37428
37866
37331
37350
45447
37515
