33492
36375
34426
33378
27662
33412
27832
33366
28447
28058
27790
35704
33564
33510
28829
33559
33468
36469
33522
34708
33292
33657
33299
28017
33541
33473
27896
27747
27634
33620
27818
33746
33791
33897
33647
33380
33412
33433
28065
27833
27678
33523
33327
36087
27757
27845
33308
33737
33803
27776
33549
33392
33789
33674
34745
34736
27991
27780
27937
27960
27814
27794
28112
27852
27938
28067
28508
27724
27800
27630
27766
27999
27512
29160
27864
27682
27707
27752
28723
27774
27937
27677
28012
28161
28001
27888
27952
27855
27954
28700
27730
28019
27935
27795
33435
33489
33405
28060
28187
27943
