22395
21752
21722
21803
21716
21963
21597
21866
21926
22051
21847
21665
21953
21792
21770
21857
21603
21911
21994
21683
21950
21959
21852
22202
22004
26056
26012
25910
26119
25869
27293
26222
25799
26125
22196
22012
21652
21542
21688
21666
21792
21663
25814
25963
26105
25942
26067
21824
22305
21702
25819
26021
25886
26301
25867
26085
26146
25927
26102
25927
25850
26034
21949
26042
26030
21828
25973
25920
26290
21951
26101
25858
25908
26129
21642
21728
25933
23940
25888
26210
21689
25805
26066
26103
21765
25853
25934
25939
26095
25978
21779
25880
21815
21925
21738
26129
21611
21912
26140
25853
