66901
55461
54514
55648
54632
54702
54750
55425
55318
55046
55119
54586
55378
54904
54843
54760
54636
54638
54642
55136
55120
66784
54862
66851
55054
66955
55084
60429
67050
55554
54591
54968
54888
54962
54561
54670
54823
54514
56139
54724
56013
54522
55339
54706
55768
55189
54542
54801
54587
55529
54719
55437
54792
54793
54824
66774
66443
66708
54776
66983
54879
54913
54712
55528
55127
54915
54777
55779
66751
54614
54776
55207
68558
54873
55386
54714
66610
66676
54634
66775
55051
66652
54527
54827
55044
54884
55717
54883
67371
54833
54562
54961
54654
55514
66943
55513
55120
54935
66857
54896
