44665
47683
44532
44552
44227
44291
47875
44230
44391
44381
53782
53811
44232
44484
44277
44365
44762
44429
44380
44169
44478
44310
44226
44264
44267
44769
54445
45284
44267
44419
44306
44161
53587
44989
44580
44507
44203
44593
44808
44699
44256
44280
44499
44617
44436
44489
44406
44397
44180
46326
44449
44317
54089
53923
54108
53782
54167
44163
53753
44272
54423
44229
44431
44348
44122
46270
44403
44441
44503
44199
44447
45999
47412
44221
53736
44404
44651
45005
44467
53757
44293
44248
44168
44172
44356
44409
44369
44418
46746
44475
44556
44367
44559
53597
48428
44041
45336
44373
44474
44273
