100 84,76 98 106 100 binary_best-100-100.txt
200 68,25 86 43 100 binary_best-100-200.txt
300 64,91 96 140 100 binary_best-100-300.txt
400 68,29 96 103 100 binary_best-100-400.txt
500 63,92 96 34 100 binary_best-100-500.txt
600 66,39 97 111 100 binary_best-100-600.txt
700 64,26 99 145 100 binary_best-100-700.txt
800 65,06 87 155 100 binary_best-100-800.txt
900 71,35 94 109 100 binary_best-100-900.txt
1000 68,52 95 110 100 binary_best-100-1000.txt
1100 63,79 91 46 100 binary_best-100-1100.txt
1200 67,22 96 102 100 binary_best-100-1200.txt
1300 65,56 99 101 100 binary_best-100-1300.txt
1400 73,81 98 100 100 binary_best-100-1400.txt
1500 90,78 99 100 100 binary_best-100-1500.txt
1600 64,86 86 107 100 binary_best-100-1600.txt
1700 63,74 95 38 100 binary_best-100-1700.txt
1800 70,7 98 101 100 binary_best-100-1800.txt
1900 78,32 99 100 100 binary_best-100-1900.txt
2000 73,36 94 106 100 binary_best-100-2000.txt
2100 66,59 94 136 100 binary_best-100-2100.txt
2200 70,01 96 107 100 binary_best-100-2200.txt
2300 67,02 88 136 100 binary_best-100-2300.txt
2400 67,72 93 115 100 binary_best-100-2400.txt
2500 62,41 87 32 100 binary_best-100-2500.txt
2600 71,76 99 100 100 binary_best-100-2600.txt
2700 63,86 99 146 100 binary_best-100-2700.txt
2800 88,31 97 101 100 binary_best-100-2800.txt
2900 70,61 99 103 100 binary_best-100-2900.txt
3000 64,67 92 38 100 binary_best-100-3000.txt
3100 64,3 96 105 100 binary_best-100-3100.txt
3200 166,44 98 100 100 binary_best-100-3200.txt
3300 67,71 97 100 100 binary_best-100-3300.txt
3400 72,81 99 100 100 binary_best-100-3400.txt
3500 79,66 98 112 100 binary_best-100-3500.txt
3600 64,35 99 107 100 binary_best-100-3600.txt
3700 58,09 85 31 100 binary_best-100-3700.txt
3800 65,42 96 101 100 binary_best-100-3800.txt
3900 61,65 97 107 100 binary_best-100-3900.txt
4000 81,51 99 100 100 binary_best-100-4000.txt
4100 64,43 99 110 100 binary_best-100-4100.txt
4200 69,58 96 103 100 binary_best-100-4200.txt
4300 63,88 95 124 100 binary_best-100-4300.txt
4400 85,19 99 1834 100 binary_best-100-4400.txt
4500 62,19 92 109 100 binary_best-100-4500.txt
4600 75,64 99 105 100 binary_best-100-4600.txt
4700 69,48 99 100 100 binary_best-100-4700.txt
4800 69,2 97 101 100 binary_best-100-4800.txt
4900 69,61 90 101 100 binary_best-100-4900.txt
5000 68,23 99 100 100 binary_best-100-5000.txt
5100 74,09 98 101 100 binary_best-100-5100.txt
5200 73,22 98 108 100 binary_best-100-5200.txt
5300 75,61 98 100 100 binary_best-100-5300.txt
5400 59,41 98 37 100 binary_best-100-5400.txt
5500 61,31 96 101 100 binary_best-100-5500.txt
5600 72,16 94 101 100 binary_best-100-5600.txt
5700 59,06 99 31 100 binary_best-100-5700.txt
5800 62,41 92 113 100 binary_best-100-5800.txt
5900 72,82 99 100 100 binary_best-100-5900.txt
6000 64,25 99 101 100 binary_best-100-6000.txt
6100 63,79 95 105 100 binary_best-100-6100.txt
6200 60,16 88 110 100 binary_best-100-6200.txt
6300 58,06 98 31 100 binary_best-100-6300.txt
6400 67,73 99 102 100 binary_best-100-6400.txt
6500 62,38 96 100 100 binary_best-100-6500.txt
6600 59,15 96 100 100 binary_best-100-6600.txt
6700 56,21 90 107 100 binary_best-100-6700.txt
6800 63,65 97 110 100 binary_best-100-6800.txt
6900 61,97 99 100 100 binary_best-100-6900.txt
7000 59,9 98 101 100 binary_best-100-7000.txt
7100 56,28 97 31 100 binary_best-100-7100.txt
7200 62,02 95 100 100 binary_best-100-7200.txt
7300 60,89 97 101 100 binary_best-100-7300.txt
7400 60,96 96 102 100 binary_best-100-7400.txt
7500 77,69 95 100 100 binary_best-100-7500.txt
7600 58,09 99 118 100 binary_best-100-7600.txt
7700 66,98 98 112 100 binary_best-100-7700.txt
7800 63,91 94 38 100 binary_best-100-7800.txt
7900 71,4 97 101 100 binary_best-100-7900.txt
8000 59,97 99 106 100 binary_best-100-8000.txt
8100 58,26 92 100 100 binary_best-100-8100.txt
8200 63,37 99 102 100 binary_best-100-8200.txt
8300 73,47 98 100 100 binary_best-100-8300.txt
8400 77,95 98 102 100 binary_best-100-8400.txt
8500 62,23 89 142 100 binary_best-100-8500.txt
8600 56,77 96 120 100 binary_best-100-8600.txt
8700 56,99 88 106 100 binary_best-100-8700.txt
8800 68,45 91 106 100 binary_best-100-8800.txt
8900 62,59 97 100 100 binary_best-100-8900.txt
9000 71,67 96 100 100 binary_best-100-9000.txt
9100 63,24 97 106 100 binary_best-100-9100.txt
9200 57,99 99 135 100 binary_best-100-9200.txt
9300 60,43 92 104 100 binary_best-100-9300.txt
9400 63,42 98 206 100 binary_best-100-9400.txt
9500 70,29 98 117 100 binary_best-100-9500.txt
9600 61,4 92 104 100 binary_best-100-9600.txt
9700 68,03 94 100 100 binary_best-100-9700.txt
9800 59,2 93 103 100 binary_best-100-9800.txt
9900 54,59 87 107 100 binary_best-100-9900.txt
10000 63,59 90 100 100 binary_best-100-10000.txt
