69962
69001
56450
57503
56317
57031
56354
56605
56344
68884
69014
68999
56461
56321
56784
56866
56355
56830
68803
69243
56299
69119
68989
69031
56320
56517
56267
68949
56268
56567
57105
56713
56659
56675
68455
69570
56646
56915
56272
69211
68398
68844
68730
69279
56410
56595
56853
57885
68925
68741
57101
56431
56654
56707
56430
56397
56345
56568
56408
56534
56570
56597
57394
56313
68441
56380
56514
56352
68627
56563
56393
56682
56319
56838
56843
56707
56956
56798
56805
56549
56594
56376
58053
56439
56612
56705
56476
56363
69093
56296
68553
68859
56366
69240
56961
69195
69610
56455
57986
56297
