64742
62497
62946
62833
62891
62989
62720
62613
63192
62768
64289
62594
62467
62477
62705
62474
62450
65349
62366
63629
62817
62760
62368
63778
62455
62830
62818
63273
64490
62953
62373
62973
62507
62789
64226
62397
62490
62492
62430
62402
62990
62522
62714
62429
62566
62502
62402
63010
62861
64017
62472
62439
62493
62816
62748
62971
62488
62362
62628
62863
62420
62585
62660
62527
62461
63169
63503
62415
64402
62369
62702
62591
62554
63954
62546
63753
62856
78954
76855
77362
77190
76325
62585
62425
69029
62477
62815
63145
62476
62559
62638
62489
62631
62573
62794
63188
62868
62427
78053
76452
