100 652,53 999 1005 100 binary_worst-100-100.txt
200 903,14 998 1020 100 binary_worst-100-200.txt
300 2217,99 4701 1238 100 binary_worst-100-300.txt
400 3472,93 9837 10041 100 binary_worst-100-400.txt
500 4558,13 9986 10963 100 binary_worst-100-500.txt
600 7102,11 9930 10103 100 binary_worst-100-600.txt
700 7045,52 9263 10340 100 binary_worst-100-700.txt
800 7471,14 9928 10397 100 binary_worst-100-800.txt
900 9579,04 9979 10122 100 binary_worst-100-900.txt
1000 10107,9 9994 10002 100 binary_worst-100-1000.txt
1100 10631,8 9954 10037 100 binary_worst-100-1100.txt
1200 11619,5 16533 10288 100 binary_worst-100-1200.txt
1300 11904,6 17592 11208 100 binary_worst-100-1300.txt
1400 13080,4 14855 12063 100 binary_worst-100-1400.txt
1500 13868,9 15948 12917 100 binary_worst-100-1500.txt
1600 15253 152,53 19643 13782 100 binary_worst-100-1600.txt
1700 16444,9 19106 14670 100 binary_worst-100-1700.txt
1800 17402,1 20174 15529 100 binary_worst-100-1800.txt
1900 17210,6 20966 16352 100 binary_worst-100-1900.txt
2000 18699 186,99 21483 17236 100 binary_worst-100-2000.txt
2100 20382,5 23187 18117 100 binary_worst-100-2100.txt
2200 21007,2 24210 18978 100 binary_worst-100-2200.txt
2300 21011,7 27121 19851 100 binary_worst-100-2300.txt
2400 23638,7 25930 20714 100 binary_worst-100-2400.txt
2500 23954,7 27293 21542 100 binary_worst-100-2500.txt
2600 25795,3 29813 22456 100 binary_worst-100-2600.txt
2700 25192,1 29407 23271 100 binary_worst-100-2700.txt
2800 25934,7 31546 24169 100 binary_worst-100-2800.txt
2900 27839,3 32651 25049 100 binary_worst-100-2900.txt
3000 27564,9 32792 25895 100 binary_worst-100-3000.txt
3100 28602 286,02 33602 26748 100 binary_worst-100-3100.txt
3200 30444,8 36469 27512 100 binary_worst-100-3200.txt
3300 30767,6 43440 28474 100 binary_worst-100-3300.txt
3400 31055,9 39132 29333 100 binary_worst-100-3400.txt
3500 33243,5 38188 30237 100 binary_worst-100-3500.txt
3600 35873,8 39372 31104 100 binary_worst-100-3600.txt
3700 35465,5 41655 31973 100 binary_worst-100-3700.txt
3800 36016,5 42612 32829 100 binary_worst-100-3800.txt
3900 35831,6 42013 33706 100 binary_worst-100-3900.txt
4000 37060,4 42566 34539 100 binary_worst-100-4000.txt
4100 37823,2 44283 35400 100 binary_worst-100-4100.txt
4200 38100,2 45216 36281 100 binary_worst-100-4200.txt
4300 39186 391,86 47278 37112 100 binary_worst-100-4300.txt
4400 39543 395,43 47542 38027 100 binary_worst-100-4400.txt
4500 41130,1 49031 38862 100 binary_worst-100-4500.txt
4600 42640,8 49449 39763 100 binary_worst-100-4600.txt
4700 44494 444,94 50477 40605 100 binary_worst-100-4700.txt
4800 46323,8 53128 41438 100 binary_worst-100-4800.txt
4900 44839,8 52761 42315 100 binary_worst-100-4900.txt
5000 46393,5 53739 43210 100 binary_worst-100-5000.txt
5100 45967,2 54445 44041 100 binary_worst-100-5100.txt
5200 49393,7 56351 134345 100 binary_worst-100-5200.txt
5300 49574,9 57308 45817 100 binary_worst-100-5300.txt
5400 50861,3 60954 46646 100 binary_worst-100-5400.txt
5500 50792,6 61004 47569 100 binary_worst-100-5500.txt
5600 52523,7 60508 48450 100 binary_worst-100-5600.txt
5700 53842,4 62156 49266 100 binary_worst-100-5700.txt
5800 54234,6 65637 50200 100 binary_worst-100-5800.txt
5900 57102,4 90603 51053 100 binary_worst-100-5900.txt
6000 53603,9 66904 51849 100 binary_worst-100-6000.txt
6100 53935,5 64919 52754 100 binary_worst-100-6100.txt
6200 55954,6 67429 53648 100 binary_worst-100-6200.txt
6300 57188,2 68558 54514 100 binary_worst-100-6300.txt
6400 57804,6 68215 55332 100 binary_worst-100-6400.txt
6500 60100,8 69962 56267 100 binary_worst-100-6500.txt
6600 60961,9 71125 57136 100 binary_worst-100-6600.txt
6700 61262,5 71745 57924 100 binary_worst-100-6700.txt
6800 61503,8 73575 58819 100 binary_worst-100-6800.txt
6900 62012,9 74359 59670 100 binary_worst-100-6900.txt
7000 63254,2 79853 60556 100 binary_worst-100-7000.txt
7100 63441,1 75915 61431 100 binary_worst-100-7100.txt
7200 63926,8 78954 62362 100 binary_worst-100-7200.txt
7300 66179,9 81670 63099 100 binary_worst-100-7300.txt
7400 68895,4 84422 64059 100 binary_worst-100-7400.txt
7500 68721,2 83322 64899 100 binary_worst-100-7500.txt
7600 69252 692,52 85218 65747 100 binary_worst-100-7600.txt
7700 68531,4 84535 66621 100 binary_worst-100-7700.txt
7800 70902,2 84867 67455 100 binary_worst-100-7800.txt
7900 71822,7 86785 68361 100 binary_worst-100-7900.txt
8000 71003,2 85817 69228 100 binary_worst-100-8000.txt
8100 72024,5 88685 70063 100 binary_worst-100-8100.txt
8200 72694,6 89064 70987 100 binary_worst-100-8200.txt
8300 76650,1 90812 71833 100 binary_worst-100-8300.txt
8400 77900,9 97047 72659 100 binary_worst-100-8400.txt
8500 77822,8 92136 73560 100 binary_worst-100-8500.txt
8600 79169,8 97434 74419 100 binary_worst-100-8600.txt
8700 76707,2 92751 75248 100 binary_worst-100-8700.txt
8800 78539,9 93925 76217 100 binary_worst-100-8800.txt
8900 81237,8 99300 77099 100 binary_worst-100-8900.txt
9000 79403,6 97020 77952 100 binary_worst-100-9000.txt
9100 80800,7 99351 78766 100 binary_worst-100-9100.txt
9200 83440,6 99678 100121 100 binary_worst-100-9200.txt
9300 81717 817,17 99895 80563 100 binary_worst-100-9300.txt
9400 85703,5 99856 100046 100 binary_worst-100-9400.txt
9500 85976,4 84728 100800 100 binary_worst-100-9500.txt
9600 85260,3 85115 102175 100 binary_worst-100-9600.txt
9700 86319,3 86979 102937 100 binary_worst-100-9700.txt
9800 85814,7 94964 106579 100 binary_worst-100-9800.txt
9900 90306 903,06 87835 105159 100 binary_worst-100-9900.txt
10000 88283,9 88899 106250 100 binary_worst-100-10000.txt
