64246
63653
63428
64917
63710
63699
64152
63526
63555
63785
63487
63776
63960
63591
63586
64716
63479
63750
63431
63219
63695
63244
63241
63270
63688
63656
64295
65334
63302
63266
64397
63472
63553
63509
63611
77505
64597
63455
63938
63266
63565
63505
63404
63813
63239
65615
63787
63701
63459
77398
63386
63482
63388
63248
64680
78203
63099
77913
77783
64869
77515
63338
63551
65565
77863
78559
63575
63424
64696
63781
64234
64061
77268
77177
63800
63533
77564
63658
63410
63756
63445
77515
63581
63475
78520
77745
63384
63479
63325
63368
63777
63296
78214
65438
63463
63301
81670
77941
63479
63752
