54198
52648
52431
53744
53691
56170
53621
52361
52503
52409
54356
54294
53568
52459
52679
52495
54093
52684
52403
52526
52334
52113
52418
52525
52431
52469
54425
54695
52662
54164
52968
51186
62111
52220
62379
62426
51417
52402
51130
52625
59266
75632
59318
61088
58734
67261
65384
52256
51592
51149
51183
51576
51287
62566
51618
51087
62585
51776
57892
64362
68161
59458
72936
90603
83746
71342
62838
64671
59780
56245
53962
65269
64048
62618
51561
52859
62679
51470
52188
51889
51334
51555
62778
62645
52621
55006
70779
64712
57883
56779
58189
56797
54990
63698
52289
52524
62088
51053
54914
55238
