48689
48353
40109
40031
40076
48513
39826
40451
48442
48606
48681
48239
39763
40190
40045
40066
40112
43058
39900
40098
40070
39847
40534
39916
40206
39797
48720
40040
48387
40031
39994
48522
40368
48625
40349
42782
39901
48379
40093
39916
39835
39961
39928
40129
40815
40084
40156
49449
39957
48412
40321
39937
40131
39943
40000
40056
40417
40402
40126
39829
40151
39887
40161
40024
40024
40572
40250
40359
40683
39884
48803
40006
40849
40162
39861
49171
48964
48444
40034
48718
48134
40975
48749
48268
48150
48734
39825
40141
40299
41187
48572
48328
39958
40286
48594
48859
39802
48615
39971
40008
