10769
14726
10454
12253
12086
12119
13194
10456
12460
12020
12080
12212
11340
10452
10636
10528
10512
10519
12139
10893
10491
11213
10430
11023
12007
13708
14689
11984
15320
12027
10402
10429
12269
13482
12244
10448
10318
11058
11117
12165
12317
11501
10442
10513
10425
10412
12093
10471
10395
10965
10479
10507
12325
12020
10448
10810
10468
10544
10368
10647
15795
12017
10462
10442
10351
12046
10722
15369
12327
13646
16412
16533
10477
12144
10678
13216
10576
10385
12197
10404
12055
10361
12165
10426
11967
11954
10449
13519
12733
12039
10465
12080
12136
12171
10448
10467
10573
10288
12156
10472
