72143
72072
71949
72198
72280
72111
71833
72543
72064
72410
72043
72426
72255
72123
73687
72296
72111
72135
72144
76853
72301
72000
72023
72562
88485
72456
89415
88183
88161
72432
72540
71949
73541
72379
90812
72208
87645
71871
72349
71954
90104
72774
72746
72628
87934
72596
72094
71940
72074
89159
72148
72496
72076
88468
72662
74393
72266
71913
88497
88918
72068
72326
88792
72389
88381
72365
72472
89299
71930
72314
72287
72080
72746
72173
71895
90632
72402
72188
88510
72024
88493
72282
89692
88647
71899
72152
88402
72040
88670
72072
88434
88420
72249
72527
72797
72787
72429
88402
88310
72206
