15049
14833
15357
15369
14723
17285
17295
17568
17461
17603
17542
17361
17433
17388
17472
17369
17551
17772
14670
17531
14687
14854
17423
17384
17285
15645
14792
14943
16459
15049
15006
14703
14802
17728
17473
18952
17711
19106
18780
18689
17430
14763
17401
17442
15267
14812
14743
14880
14810
14982
15234
14693
14773
15069
17349
18892
14712
18744
18696
15633
14793
14788
15928
14903
17449
17320
14774
16166
14726
14770
17486
17380
17491
15695
14846
14930
17557
18971
15672
17446
17298
17595
15536
17496
17483
17508
17289
17375
17422
17267
17269
17561
18832
17443
14869
15777
14732
15574
14683
15966
