68456
84097
84437
84387
69073
68733
68548
68823
68967
68843
68929
68863
68812
84420
84279
68477
68661
68671
68406
83531
68586
68822
68738
68469
68917
72128
68701
68486
68939
71698
68729
68701
68657
69198
68492
69037
68642
68754
84147
68605
69936
68711
68486
68541
84182
68361
69049
83989
83752
68398
69234
69139
68613
68802
68518
68857
68796
69284
68745
69032
68528
69240
83788
68653
68724
68671
68908
85141
69128
68428
69187
68615
84026
70716
68761
84061
83783
68935
68535
68853
68865
68418
85251
68788
68871
68536
84118
68991
69348
68617
69348
68641
68601
68877
68535
83783
86785
69496
68983
68451
