82477
82809
82327
82980
101771
83465
83587
83116
82417
83159
83410
102842
82938
83001
83162
82706
82396
83966
84728
82559
84501
82595
82836
82446
100800
82849
82522
82608
82717
83633
83234
83323
82668
83706
104295
83720
103239
82260
82782
82383
104480
82753
82505
82500
82500
82498
82566
82778
82495
82984
82851
82880
83171
83622
82426
82401
83637
82105
83615
82901
83794
101456
82938
82498
100834
82919
82682
101305
101568
82370
101405
83047
84216
82410
100942
100943
101248
100914
82489
82960
82928
83096
82377
83351
82675
82485
82443
83175
82582
82286
83664
82378
82717
83446
83004
84583
82468
82798
102936
82706
