9705
8416
9726
8341
8622
8439
10712
8678
8380
8408
8397
8386
8696
8381
9934
8401
8666
8921
8392
8855
8380
8396
9571
8397
8383
8348
8458
8367
9111
107049
8357
8391
8367
8751
8368
8398
8598
8924
8579
8753
8371
8769
8680
8397
8748
8337
8644
8397
10092
8395
8400
8774
8401
8774
9842
8358
9894
8371
8388
9783
10309
10442
8368
9775
10479
9887
9994
9707
9767
8712
10554
10670
14897
15515
8383
9876
9944
8351
8670
11722
9772
8354
8388
9970
8386
8784
8740
8383
10002
8394
8590
9874
8386
9880
10021
8393
9336
10680
9857
8365
