49721
49546
49705
49645
49561
49419
49660
50551
49318
50011
49515
49362
49471
49713
49436
49811
51045
49266
60971
60141
50556
60692
60544
49716
60446
49275
60367
50977
60353
49762
49521
60354
49496
59968
60500
49644
49779
60755
50695
50094
50384
60575
49879
50988
49744
60517
60188
49623
60610
49488
60487
49644
49447
60536
60223
50045
49461
60674
49772
60233
60258
60023
50160
49754
49448
49725
60383
62156
49743
49463
60244
49695
60160
60580
49480
50143
49492
60989
49374
60363
60413
50216
60146
60502
60314
59992
60295
60412
61336
49611
49375
49802
60317
50305
49305
49753
49868
49701
49541
49519
