20918
20868
21030
20753
21848
25050
25017
24929
25183
25087
24880
20851
25080
25136
25176
25058
20751
25930
25145
24889
24804
25153
25047
20937
25017
24960
24963
24748
24965
20940
24900
20957
24969
21191
25165
24994
25328
24876
20911
25002
24827
25149
20842
24923
20737
21181
20719
24905
24721
24972
25523
24863
24843
24722
24933
24804
21773
24809
20918
21095
20788
20953
20804
25097
24941
21102
25015
20714
25155
24899
25337
20889
24801
24991
25345
24810
24907
21053
24857
20914
20757
25026
24782
24747
25480
25063
20930
20857
21296
25075
25001
24854
25074
20844
20872
21525
24943
24837
24833
25032
