31194
31356
31296
31569
31852
31671
31573
31240
31200
32268
31159
31467
37941
37754
31424
37872
31497
37863
31104
31491
31179
37867
37737
37768
31371
31131
31368
37798
37657
38086
37597
38010
37899
31153
37592
37609
37840
37552
37903
31322
37997
37954
37800
37766
37777
38048
37760
38114
37681
37805
37743
37909
37654
37643
37813
37989
37973
37613
37734
37907
37725
37723
32536
37953
31422
31364
37548
31234
31135
38980
37588
37832
31433
38173
37584
37760
38502
39372
37860
37830
37806
38043
31298
37762
37675
37970
37845
37561
37581
37862
37788
37601
39233
37866
37742
31247
31294
37619
38152
37969
