31945
30515
30364
30664
30769
30337
30902
30411
36566
31386
36918
37101
36855
38188
36955
36939
36980
36690
36807
36516
30455
30456
30669
30437
31941
30346
30854
36929
30569
30418
30254
30486
30385
36741
36852
36530
36786
30268
30631
36816
37092
36710
30609
36783
31477
30418
30479
30804
36689
30659
36923
30681
31038
36610
31246
36928
30453
36771
36934
36818
36541
30600
30288
30618
30751
30619
36927
30237
30478
37059
30280
30518
30967
30442
30695
30400
30795
36585
30734
30347
36736
36556
30434
30689
36759
36828
30461
36524
36785
36949
36602
36722
36731
30916
30402
30708
30274
37092
30338
31214
