60841
60780
61200
60556
60793
61068
61390
61224
60837
60912
61165
61268
62087
61099
60857
61016
61121
60823
60913
61183
60775
60875
61175
61226
61096
61199
60929
60663
61697
61155
60829
61414
74273
74148
60690
61141
60789
60845
60938
61305
61077
61043
60791
61147
60787
61109
74210
60889
74686
60789
61144
60662
62395
62021
60817
61156
60963
60806
60812
74674
74231
60956
74167
62035
60645
60827
61221
61098
61172
74921
74581
60883
60724
60756
61515
79853
74111
61483
60756
74435
74703
61027
60819
60794
60771
74015
60666
61228
60887
74226
62077
60950
61179
61107
61220
74383
62054
60745
60834
61090
