42184
34820
34770
34799
34770
41896
34845
34712
34769
36044
34914
36021
34863
42136
35110
35172
35087
34596
42237
41984
34539
34782
34580
35020
34942
35432
42216
35007
34734
34738
34932
34706
34786
34889
34589
35061
34749
34834
35271
35133
34906
41970
41875
41758
42009
34675
34678
41892
42058
34798
42026
42003
42566
34801
42093
42204
34917
34966
34746
41899
41831
34930
34693
34623
34843
35117
34786
35449
34845
42297
36156
35164
41807
35258
36067
34874
36253
34735
34597
35577
34682
34831
42046
41995
34980
34605
42137
42131
42275
42162
41987
34571
42136
36533
34880
35094
35299
34721
36714
34854
