77953
97020
95185
96295
95544
78990
78071
78420
78031
78189
78346
78097
78460
78293
79233
78053
78567
78940
78676
79003
79702
78230
79483
78799
78939
78246
78476
78410
78555
78244
78765
78507
78065
78405
80360
78205
78101
78141
78564
78463
78561
78732
78309
78077
78004
78057
78058
78057
78217
78219
79169
95551
78514
79381
78075
78843
78688
78373
78292
78370
78281
78352
78296
78204
78187
78903
78145
78101
77995
78002
78197
78775
78004
79911
78330
78442
78036
78293
78580
82580
78261
78326
79057
78493
78376
78905
78583
78408
78051
78170
78076
79241
78642
79163
78463
78164
78899
77952
79396
78544
