45973
45850
49501
55962
55850
55875
46160
46024
46226
45830
46184
45925
45989
45978
46319
45862
45904
45968
46456
45854
46529
47166
45817
45856
45841
56496
55903
46328
47321
55890
45969
46016
46023
46976
45997
45932
45998
46188
46004
46222
46114
45993
45887
56411
56102
45895
56141
57241
55975
56129
55738
46150
56571
55722
55854
56204
46507
45967
45931
48467
46467
46053
55954
45953
55644
45883
46130
55857
56102
56068
46169
46123
46088
46159
46191
46196
46744
56006
46779
46074
55929
55942
55871
56199
57308
56033
46029
55613
55940
46034
45946
45876
45856
46144
46306
46218
46089
56050
56234
56076
