39341
39210
39517
39667
39277
38902
39143
39486
39014
39209
39096
39576
39204
38997
40486
39223
39192
38967
39328
38984
39437
38978
39245
39320
39498
39149
40238
39494
39168
39451
39229
39112
39362
39080
39122
39048
39240
39160
47368
48584
47647
48666
47778
47363
39049
39179
39008
39276
39183
42330
39996
38957
39278
39273
40099
39753
39418
39207
47400
39080
42159
38985
38957
39227
47292
38866
39094
39391
39116
39034
44238
47633
47615
39187
38862
39120
39235
39196
47310
38988
39017
38981
47528
47376
47277
39027
49031
47617
39232
47539
47136
47297
47359
39532
40056
47406
39055
39619
39070
39312
