97473
79841
79892
80513
79857
81371
80389
80254
81221
81078
79865
80257
80002
80271
81138
80424
81887
80036
79775
80076
80335
79953
79977
80569
80236
79835
80213
81521
98008
80681
98682
80437
100121
99678
99365
99237
82541
79954
81026
79786
97593
81593
98360
80211
81590
80142
79722
80231
79889
80170
80537
98260
80006
81412
79748
80285
80002
80641
80094
98902
80176
79942
79924
97827
80455
80289
82874
79831
80354
80715
97711
80237
80289
80226
79942
79894
97792
80322
80495
79832
81104
80696
79743
80002
99557
80199
79847
80021
98034
80116
79944
80249
79683
80406
79979
79972
98222
80059
79840
80099
