68471
67670
68045
68025
67820
68082
67787
67943
68143
67654
68091
82851
68070
68633
67776
68868
68371
67676
67789
69660
67646
68084
68074
68157
67716
83191
68344
68702
67678
68074
82793
82693
67812
67937
68348
67455
67986
82481
67995
84159
68071
67745
68056
67898
67641
67665
68613
67800
67605
67642
67611
68205
67763
67556
67850
67849
67923
82970
68080
67830
68075
68349
67848
68240
68172
69384
67667
82661
67680
67904
67643
83434
67846
68187
68266
83042
67723
68340
67659
68183
67702
67909
67605
68338
82894
82962
68768
67802
83838
84867
83518
83056
67630
68384
68258
83845
67688
67745
82956
83025
