825012
817962
835827
821436
833038
837853
819149
818996
830499
826114
831785
827820
866111
845673
828184
812979
835910
807333
936239
847345
824738
820017
821372
850290
820405
883539
899789
896770
848340
807908
854036
870617
829517
825087
832261
826228
853063
829738
907322
842494
972956
830968
829077
816782
805313
840396
818807
836007
830085
891531
808829
828223
899330
840367
857151
825425
801604
819531
814060
817198
829730
840856
813447
862693
838891
833788
918371
855997
844326
859651
865875
840074
1211714
908906
880717
861074
912198
876047
839085
868594
864656
832010
876154
835098
789536
802996
790346
779651
775258
783226
788613
805430
774109
781448
785340
766201
770594
762668
734509
750572
