789039
780687
748710
774540
751381
791961
775993
800615
780201
807750
790596
779088
805407
779824
790275
781301
759428
814252
767851
785943
799055
788437
814756
766793
795713
770607
774183
791994
770655
773724
851586
779081
796861
880861
870092
881685
790051
790105
789039
758766
792623
781679
857698
810582
762141
835867
775136
779522
773663
773368
785288
788779
807468
804975
789348
791062
781924
786537
774073
780634
784839
773430
779874
816756
861761
771426
784326
809697
758796
802962
802874
782743
831681
763573
789284
768950
787279
773076
760455
774627
769762
827602
868300
993052
816783
790717
790772
798987
759090
790627
778454
770361
789607
778885
782261
805176
773894
781714
762769
808561
