740275
745083
761215
808205
764921
751553
751990
768934
806285
768677
752751
830896
753574
780293
768212
775684
841480
890964
761195
825894
755070
753787
760243
791732
744558
743989
1001493
733103
734272
738343
739304
739899
735057
741018
731252
779620
790500
826181
784450
781836
780977
778990
767779
767557
831703
755995
832653
762013
741049
725796
762899
753994
763869
756662
748518
785490
761768
759572
763833
774840
753546
739464
791500
757235
775179
768274
746494
736381
741568
796732
742222
759690
766714
818728
765680
756261
751037
836839
863001
763934
766412
753260
748007
755603
831695
871922
890588
797443
777432
814896
803098
757948
771364
759373
757392
759368
809811
758425
818474
754334
