491925
509177
490700
491792
493935
520912
533869
482625
513349
519974
523477
538470
526780
558530
575349
559207
585864
562144
555568
571949
556091
597909
553952
537453
547235
548420
544062
550489
580529
559438
1626541
566528
570583
570988
559254
590481
549429
560444
543680
557569
548619
563284
564287
559928
548299
560548
559857
532259
592424
535632
586509
563985
545577
563880
565983
559046
549045
549020
537915
563800
566393
555084
557175
545714
542055
544278
572944
561698
553241
575362
551468
565147
538852
569553
575756
556411
547596
539782
552988
559184
556076
561113
563938
590827
615855
570216
600906
588477
580263
556315
572618
575796
608546
543830
534519
563666
550151
632636
587242
598267
