690390
698424
763754
692050
736402
696637
688386
682653
702884
710867
692653
683659
688041
713565
711936
701168
694730
683448
672642
660052
684664
675342
667200
681609
678309
688468
696207
670981
682572
690371
678627
675540
690311
702207
697331
689027
684352
723700
717382
703667
689187
699737
699138
667832
667758
677319
683002
665402
674770
660599
689678
678640
698798
675241
675491
671416
686024
690362
690858
671768
700466
694670
698251
700294
699837
666768
692893
678944
685174
698965
689557
695107
674107
673125
676538
661615
676781
679099
673382
667413
668708
783513
690859
697010
696803
675138
657783
707066
737353
726948
715822
712084
696386
697396
717354
688207
687686
698937
688145
722471
