871333
855631
818332
797394
815133
921846
813432
808230
801977
789413
812421
787639
808569
818832
794268
803371
797992
809709
822125
829668
792468
836068
815533
817993
813304
804823
776171
782381
806895
827639
1246286
905970
865342
882597
830879
846788
814241
817088
808871
810518
787374
807864
789910
860239
811471
780522
803551
808731
821768
807554
796400
825913
805150
843729
816828
810027
809729
787189
823435
821053
831107
861902
816979
826414
818162
839850
828412
816308
840235
811928
786836
836426
814998
832429
815040
790758
787165
889596
867142
869903
870417
906612
879040
909972
935565
903614
863178
857605
840091
871862
843257
817101
846329
809267
823777
828796
823859
784004
800727
796212
