706198
719487
705699
732010
728513
720961
718049
727561
745689
730232
759806
729758
763710
766622
742835
723127
706294
735739
725683
706862
732908
726589
733330
726915
782966
738294
760554
728127
702456
776798
729508
705666
712759
735737
722345
735906
717908
871217
779961
784084
747854
788237
724687
735630
718613
721292
708580
728800
707581
723516
730454
725274
720188
690975
718930
685611
710890
720023
714905
713008
729274
737283
821692
714744
708423
702689
730285
744353
725290
735704
750939
784232
721157
759738
747792
726998
743404
718168
726302
717180
700367
694503
707337
710282
715991
744701
989489
759159
752392
724751
744800
723426
751627
710158
694104
737609
729615
757497
722569
764421
