586612
589573
589927
592695
581584
572958
593643
569382
575269
573227
592503
580987
597850
598718
604548
567290
583739
587148
586079
588476
600788
585529
596271
575967
606140
584061
587711
580452
585801
598136
608088
601648
648173
604455
610524
650168
653208
603746
605071
609099
628360
584837
589571
579929
573598
588677
573500
581414
564358
607579
568636
577122
569158
591362
578690
580900
602352
559322
567763
580312
568477
579864
585692
583317
583894
608563
577219
574852
577387
578076
594318
581129
577247
599863
569962
585700
589132
587519
583699
576084
579994
580333
615621
605088
558177
595426
956659
712573
651211
639322
668462
584105
601977
577828
588805
712720
583671
589141
576526
574968
