675334
638745
632680
651430
642929
639787
641324
641754
618653
640389
621081
670800
619883
620486
713835
624644
635707
708131
624776
629821
608079
628218
634083
633213
655172
648103
636636
672686
631110
653168
626949
657703
638573
651101
633616
733652
728586
691449
655707
632084
630767
658527
656547
651459
652067
720068
641594
622933
637571
640663
628092
638283
628288
634943
629888
634992
620067
657800
625220
778379
633116
629271
658520
630031
637690
653516
633022
645523
720029
612736
640895
645769
646272
643305
786903
627663
636610
604238
816138
632030
637192
636363
640051
637651
689951
638421
645199
828562
676224
671609
655571
636262
631566
636678
639943
646140
642779
689292
668959
640109
