175
216
213
212
218
197
301
247
249
169
194
273
273
211
215
225
228
254
255
210
239
218
213
234
202
199
205
205
224
305
201
177
202
214
212
196
218
175
205
216
230
209
215
213
266
211
217
201
206
250
233
212
204
189
208
269
193
208
231
205
215
220
208
225
221
224
200
307
224
218
225
215
209
233
216
209
208
229
220
202
200
251
230
219
212
220
222
218
207
206
184
234
201
202
239
257
202
193
198
259
210
211
209
197
245
221
229
203
212
220
193
216
226
238
230
227
214
214
230
225
235
227
231
224
225
226
223
247
215
203
214
238
218
211
227
221
194
219
201
219
199
238
207
219
227
213
228
224
203
213
211
212
217
218
260
227
213
237
250
214
227
229
208
268
229
210
223
205
216
312
229
246
339
284
227
272
414
245
207
235
232
219
200
271
203
200
198
230
196
218
196
196
209
209
219
192
217
192
175
199
196
201
186
211
190
182
186
216
194
190
217
189
191
228
198
187
204
200
189
195
186
219
223
211
221
210
228
183
233
198
182
215
180
179
244
212
179
183
178
212
182
225
174
181
193
189
178
243
179
204
183
219
189
246
179
194
169
182
201
186
201
182
221
166
193
205
174
180
191
241
194
181
188
213
190
216
205
170
175
186
177
181
182
183
197
196
193
194
242
171
194
330
208
179
204
185
187
190
202
177
247
193
200
177
192
205
192
197
254
191
180
221
254
180
196
184
205
178
194
181
185
190
249
231
219
194
196
206
206
227
220
201
197
216
198
204
191
185
216
206
242
203
195
202
185
242
168
190
190
188
197
190
229
202
180
244
183
205
233
175
215
181
202
180
211
201
175
188
185
187
187
182
198
178
180
201
248
241
188
184
190
201
252
182
214
176
206
195
203
246
184
179
185
172
172
244
195
184
174
182
179
198
189
198
191
186
193
215
171
171
182
189
257
200
172
188
189
172
235
226
168
177
172
202
175
179
174
212
160
163
237
163
195
199
174
175
196
161
173
170
188
256
255
175
171
157
205
174
180
166
180
183
158
173
182
170
167
181
180
157
174
172
160
156
170
169
174
212
172
177
210
175
151
155
178
176
157
213
174
174
196
171
198
205
173
156
223
161
168
168
196
189
166
159
253
165
192
202
164
174
231
170
172
178
175
240
174
163
172
196
153
174
182
172
166
276
172
211
173
173
173
164
201
199
227
197
158
206
179
249
186
165
257
175
165
148
206
157
159
216
155
157
208
213
204
181
203
161
169
163
162
195
181
215
188
201
157
210
159
159
164
172
175
184
160
181
215
157
169
208
193
178
156
156
172
158
222
167
188
192
189
152
232
176
152
199
167
144
217
166
160
227
166
167
219
160
166
214
223
162
160
211
156
161
231
174
161
161
161
181
223
196
165
204
213
152
155
212
160
167
219
162
161
216
189
168
223
200
205
156
214
221
202
156
217
168
168
162
161
196
176
164
198
229
182
161
201
178
177
161
183
181
171
186
183
184
189
176
223
171
281
183
316
172
155
178
158
182
204
176
159
187
153
181
183
167
163
160
191
212
177
239
185
174
184
188
167
176
165
182
179
175
163
205
232
186
172
176
182
170
260
173
186
177
182
183
177
171
180
174
200
187
167
174
178
180
186
178
180
182
183
323
154
171
149
215
181
187
172
177
180
202
189
162
166
180
181
179
205
173
193
167
175
179
194
169
198
166
170
186
190
185
159
173
171
194
178
178
228
158
181
185
155
181
157
151
155
187
151
175
149
152
176
142
166
143
148
200
209
148
214
154
151
157
162
185
139
155
161
148
158
155
159
144
183
143
153
159
154
154
150
147
146
192
195
211
198
216
147
183
165
208
234
170
161
182
166
160
199
195
164
167
194
163
170
195
141
157
158
158
168
182
195
161
158
192
158
144
204
151
144
149
141
193
148
161
151
195
222
144
147
150
165
138
154
148
231
178
159
160
166
165
204
167
175
165
200
141
146
211
143
136
148
142
169
147
159
153
157
143
154
190
167
161
224
230
205
284
209
197
211
197
193
217
216
200
241
201
196
277
267
198
209
260
218
200
206
208
270
198
220
215
208
233
244
262
210
203
201
239
237
263
203
201
207
247
242
264
277
242
217
224
234
238
184
287
248
189
248
221
197
215
202
310
208
202
213
210
213
199
229
203
197
188
217
204
202
195
178
257
248
206
273
213
218
204
209
296
204
232
289
220
235
198
264
200
217
243
204
204
238
220
197
223
249
208
197
248
214
212
201
221
185
208
207
240
221
198
269
220
