356
316
210
181
257
273
165
253
222
161
204
213
188
221
182
194
209
175
168
170
169
168
201
173
185
186
162
186
215
160
164
226
232
250
213
194
207
193
178
199
175
212
224
176
210
213
164
200
208
180
187
177
181
174
232
210
189
253
280
224
174
233
344
182
194
210
539
202
187
160
187
205
210
206
178
164
168
193
210
168
177
168
169
187
182
187
158
206
209
174
163
205
172
205
187
161
170
172
164
161
180
161
193
170
171
162
189
165
194
195
171
167
200
166
235
301
165
201
177
236
177
182
236
194
182
195
181
170
235
273
203
1324
226
165
226
228
213
178
182
176
212
194
161
185
179
202
180
224
189
194
213
190
192
184
176
244
228
233
235
216
228
187
218
226
229
202
254
317
243
194
273
201
199
361
302
237
234
241
251
255
1014
374
229
239
229
231
222
226
264
243
231
264
184
223
310
221
199
221
187
200
189
239
249
234
219
228
213
221
197
246
224
270
230
213
216
224
216
217
217
222
244
209
191
211
225
447
220
223
228
209
202
230
230
196
216
242
222
226
218
258
217
211
191
190
197
197
249
225
305
241
248
209
212
221
217
219
205
224
242
227
224
184
219
244
223
216
291
217
182
269
296
230
234
221
218
227
221
220
196
229
215
224
207
219
188
230
203
259
213
217
234
197
423
238
197
225
213
212
205
202
335
198
227
244
298
245
213
262
194
218
227
329
232
196
221
201
240
240
219
210
202
247
206
225
204
226
223
237
249
224
218
217
240
192
267
195
214
214
244
228
288
237
239
223
258
239
242
236
192
226
225
238
237
221
224
231
249
264
231
191
235
225
338
253
194
232
222
252
275
336
347
322
313
331
193
315
303
374
335
320
216
233
188
344
191
202
385
204
201
198
211
213
225
285
296
199
228
249
191
194
201
377
195
312
262
233
200
284
169
215
247
200
268
280
249
281
246
196
266
181
198
236
246
210
205
212
197
228
226
205
206
245
204
196
206
242
205
216
230
202
176
212
210
225
268
253
208
249
223
201
210
247
223
213
181
241
198
200
202
211
209
232
206
222
214
226
264
174
204
199
184
197
209
204
231
239
204
182
200
220
223
227
222
194
213
225
234
258
190
233
188
210
189
182
228
231
224
190
180
219
189
182
196
185
192
221
210
188
179
221
165
214
185
194
198
242
204
172
188
191
236
216
187
233
188
189
218
234
205
219
208
217
196
180
184
210
203
199
199
195
229
180
232
189
212
169
204
189
218
231
187
189
183
203
230
184
192
198
183
194
228
192
194
194
193
201
219
190
189
218
210
193
235
185
199
187
190
218
184
191
182
197
184
188
190
210
205
183
186
178
194
222
209
197
266
190
253
217
187
308
219
217
196
192
216
195
197
235
201
197
229
231
213
212
233
192
213
188
197
201
209
200
198
195
209
212
224
204
237
189
203
209
213
241
201
194
215
188
194
189
187
192
198
216
195
206
196
195
220
231
208
208
196
178
182
216
205
228
199
184
192
193
212
219
226
184
187
193
197
247
184
228
198
195
188
191
190
168
196
180
204
192
192
189
222
191
203
220
198
191
184
202
174
232
216
202
192
194
225
218
222
191
227
208
210
202
217
212
200
208
184
229
198
240
265
227
232
182
208
189
221
196
192
189
226
201
205
217
229
266
273
249
194
244
289
234
226
215
180
200
222
227
215
215
217
227
222
197
214
183
192
217
223
217
214
304
290
175
249
192
201
223
194
187
190
199
207
208
283
244
289
253
257
213
185
252
192
218
247
201
261
190
221
219
215
221
185
240
233
184
147
209
180
222
198
198
265
174
218
229
200
215
233
184
219
213
198
227
215
193
228
218
191
232
214
201
182
284
196
207
285
211
183
224
186
176
271
219
225
195
213
148
227
200
166
247
222
211
209
278
174
168
219
227
152
186
207
174
160
157
174
220
233
159
208
228
169
157
181
164
210
216
187
183
163
182
201
187
163
209
196
228
183
167
197
176
210
164
158
179
213
174
192
218
165
172
213
159
240
171
204
181
167
154
216
167
228
163
171
159
205
192
158
177
178
214
162
157
208
192
237
208
188
206
163
157
265
250
393
279
243
195
263
205
208
205
200
204
153
170
167
157
179
214
182
199
159
159
157
149
158
182
183
225
245
215
165
196
184
174
199
210
168
217
164
188
161
222
170
210
156
188
167
163
229
220
159
149
218
165
180
179
212
177
165
209
220
169
220
176
158
160
171
172
202
166
154
161
184
182
211
167
181
190
168
172
232
176
170
170
