194
168
151
171
203
155
196
211
181
190
174
190
136
197
146
142
181
151
143
155
166
197
145
148
180
188
184
158
155
158
153
185
144
149
184
142
143
132
154
145
185
186
149
160
145
160
155
152
200
154
141
176
148
155
155
187
150
159
150
128
137
192
177
160
150
206
138
149
165
150
178
148
192
174
160
177
205
197
159
165
199
172
200
172
198
174
204
231
196
173
206
181
186
205
172
165
194
213
333
336
308
385
314
334
342
255
341
231
271
225
205
190
166
218
187
201
173
215
169
193
224
175
230
197
202
171
166
205
194
199
193
171
169
184
168
199
194
168
492
210
190
200
165
215
174
183
172
164
175
211
231
204
228
226
265
194
174
198
185
207
205
202
339
224
184
298
237
189
184
209
193
186
216
211
210
175
205
187
180
184
719
220
174
181
166
187
213
201
217
169
210
172
172
177
195
252
161
212
212
181
542
433
625
307
253
245
242
246
197
235
242
197
250
239
212
229
212
207
242
226
204
233
220
199
226
226
194
219
226
182
206
213
195
227
213
213
217
219
347
249
228
201
188
226
229
209
228
198
198
255
238
205
226
244
232
224
214
198
240
217
221
196
244
207
213
201
216
216
213
204
219
217
242
223
199
208
290
603
182
181
172
242
301
232
216
196
211
181
220
341
224
216
211
196
366
210
201
221
430
196
226
232
207
250
216
227
200
225
203
229
233
211
203
218
224
228
208
237
214
208
208
231
751
217
241
216
213
364
220
253
231
228
225
259
221
219
213
229
289
324
389
327
281
354
294
334
228
238
224
216
216
212
227
240
244
194
208
229
223
200
200
219
251
230
234
196
208
221
357
201
222
234
271
246
228
236
247
210
214
211
198
285
227
256
242
350
221
210
232
212
205
274
219
197
203
232
219
241
234
244
239
238
222
236
233
216
241
225
245
186
218
192
212
174
239
240
236
232
250
187
319
203
199
198
210
220
225
265
212
240
239
240
310
253
205
225
246
210
208
217
373
215
242
260
201
256
188
184
240
322
240
249
240
517
201
206
213
189
178
283
246
242
440
332
359
651
231
241
599
311
411
227
231
208
223
182
205
214
219
221
248
187
213
223
194
265
195
249
210
213
218
241
214
192
191
236
215
239
214
222
236
346
405
265
393
292
297
284
258
210
205
189
323
222
272
423
428
322
498
171
214
227
236
343
236
223
234
211
205
228
231
187
223
204
211
185
354
181
222
180
336
248
333
257
202
222
219
204
219
217
211
233
277
345
220
229
214
196
235
218
202
218
186
207
213
231
183
203
273
209
223
190
200
234
215
277
203
220
249
248
234
196
221
190
226
214
244
210
224
211
226
228
186
220
257
190
238
202
252
249
332
332
234
241
235
185
201
195
205
302
252
339
184
203
205
221
211
232
185
211
191
227
198
230
235
248
225
220
231
238
219
218
228
225
219
214
227
224
218
229
236
210
211
198
202
232
206
215
225
215
180
191
190
207
203
234
250
258
218
199
239
228
216
215
185
211
232
213
193
226
220
203
216
212
254
210
226
204
190
183
234
209
236
198
223
194
216
196
211
229
187
216
209
224
237
191
210
218
284
377
247
327
325
302
179
197
208
209
194
199
186
220
194
177
192
166
185
203
214
198
168
186
189
205
203
209
321
219
209
195
194
157
204
206
179
196
224
212
188
204
205
224
188
216
174
208
236
209
196
194
201
186
200
209
201
174
198
186
209
199
174
203
197
177
200
216
202
190
213
214
215
194
198
299
212
214
224
206
210
201
179
201
204
193
222
202
189
196
186
206
227
205
196
204
176
193
235
199
229
173
212
197
195
194
208
223
197
197
261
184
204
195
213
218
205
215
197
221
157
215
195
205
185
201
208
210
187
208
232
188
195
210
214
158
177
160
168
209
205
197
190
219
194
184
221
240
220
197
203
212
181
211
184
209
189
218
216
194
211
197
193
186
190
209
191
183
203
202
225
213
201
194
189
194
171
256
195
228
215
195
195
195
202
209
217
198
201
196
198
194
202
222
191
234
204
167
228
215
200
258
195
204
186
198
223
191
183
215
195
215
212
197
212
209
203
204
208
187
176
232
207
209
192
196
194
240
209
188
203
202
207
225
198
197
185
192
191
183
233
194
182
204
176
202
197
202
214
209
233
209
208
160
200
180
190
202
212
217
196
194
195
200
201
206
192
215
176
199
228
214
203
206
192
212
206
232
194
199
199
180
207
195
229
194
205
212
201
187
232
188
192
187
220
182
188
192
189
176
231
182
