100 142,158 99 101 1000 avl_worst-1000-100.txt
200 155,249 99 99 1000 avl_worst-1000-200.txt
300 136,481 99 100 1000 avl_worst-1000-300.txt
400 138,317 851 101 1000 avl_worst-1000-400.txt
500 148,536 93 93 1000 avl_worst-1000-500.txt
600 147,613 99 101 1000 avl_worst-1000-600.txt
700 158,193 97 100 1000 avl_worst-1000-700.txt
800 156,724 98 100 1000 avl_worst-1000-800.txt
900 154,474 98 100 1000 avl_worst-1000-900.txt
1000 145,153 99 101 1000 avl_worst-1000-1000.txt
1100 159,551 99 102 1000 avl_worst-1000-1100.txt
1200 147,292 99 102 1000 avl_worst-1000-1200.txt
1300 153,101 99 100 1000 avl_worst-1000-1300.txt
1400 157,63 946 102 1000 avl_worst-1000-1400.txt
1500 165,306 663 100 1000 avl_worst-1000-1500.txt
1600 163,94 880 104 1000 avl_worst-1000-1600.txt
1700 156,567 346 101 1000 avl_worst-1000-1700.txt
1800 163,807 99 100 1000 avl_worst-1000-1800.txt
1900 155,849 98 98 1000 avl_worst-1000-1900.txt
2000 161,36 99 101 1000 avl_worst-1000-2000.txt
2100 160,271 661 100 1000 avl_worst-1000-2100.txt
2200 166,936 907 100 1000 avl_worst-1000-2200.txt
2300 162,237 515 103 1000 avl_worst-1000-2300.txt
2400 169,718 442 102 1000 avl_worst-1000-2400.txt
2500 167,733 486 110 1000 avl_worst-1000-2500.txt
2600 170,461 855 109 1000 avl_worst-1000-2600.txt
2700 163,465 825 1018 1000 avl_worst-1000-2700.txt
2800 202,153 462 108 1000 avl_worst-1000-2800.txt
2900 167,267 797 104 1000 avl_worst-1000-2900.txt
3000 159,838 366 104 1000 avl_worst-1000-3000.txt
3100 161,614 874 106 1000 avl_worst-1000-3100.txt
3200 169,645 496 113 1000 avl_worst-1000-3200.txt
3300 168,932 724 115 1000 avl_worst-1000-3300.txt
3400 183,543 746 121 1000 avl_worst-1000-3400.txt
3500 180,562 588 116 1000 avl_worst-1000-3500.txt
3600 174,387 554 112 1000 avl_worst-1000-3600.txt
3700 172,917 577 109 1000 avl_worst-1000-3700.txt
3800 190,548 654 112 1000 avl_worst-1000-3800.txt
3900 176,138 837 117 1000 avl_worst-1000-3900.txt
4000 191,499 759 1096 1000 avl_worst-1000-4000.txt
4100 200,504 795 125 1000 avl_worst-1000-4100.txt
4200 169,489 368 113 1000 avl_worst-1000-4200.txt
4300 164,794 459 117 1000 avl_worst-1000-4300.txt
4400 173,515 450 114 1000 avl_worst-1000-4400.txt
4500 170,925 517 1081 1000 avl_worst-1000-4500.txt
4600 163,938 408 114 1000 avl_worst-1000-4600.txt
4700 170,688 965 120 1000 avl_worst-1000-4700.txt
4800 160,035 908 114 1000 avl_worst-1000-4800.txt
4900 160,889 434 114 1000 avl_worst-1000-4900.txt
5000 171,42 918 126 1000 avl_worst-1000-5000.txt
5100 167,824 3304 114 1000 avl_worst-1000-5100.txt
5200 155,912 98 98 1000 avl_worst-1000-5200.txt
5300 168,044 291 118 1000 avl_worst-1000-5300.txt
5400 160,617 334 114 1000 avl_worst-1000-5400.txt
5500 169,095 341 114 1000 avl_worst-1000-5500.txt
5600 168,557 441 117 1000 avl_worst-1000-5600.txt
5700 169,625 473 110 1000 avl_worst-1000-5700.txt
5800 174,77 6102 119 1000 avl_worst-1000-5800.txt
5900 162,278 292 121 1000 avl_worst-1000-5900.txt
6000 161,787 568 117 1000 avl_worst-1000-6000.txt
6100 169,745 625 117 1000 avl_worst-1000-6100.txt
6200 163,355 889 118 1000 avl_worst-1000-6200.txt
6300 165,742 344 1090 1000 avl_worst-1000-6300.txt
6400 157,713 3353 1051 1000 avl_worst-1000-6400.txt
6500 159,148 984 117 1000 avl_worst-1000-6500.txt
6600 163,522 479 122 1000 avl_worst-1000-6600.txt
6700 152,954 329 111 1000 avl_worst-1000-6700.txt
6800 166,909 763 119 1000 avl_worst-1000-6800.txt
6900 170,593 750 119 1000 avl_worst-1000-6900.txt
7000 167,231 463 120 1000 avl_worst-1000-7000.txt
7100 158,337 282 122 1000 avl_worst-1000-7100.txt
7200 163,851 465 117 1000 avl_worst-1000-7200.txt
7300 160,689 317 124 1000 avl_worst-1000-7300.txt
7400 159,376 616 110 1000 avl_worst-1000-7400.txt
7500 169,116 324 126 1000 avl_worst-1000-7500.txt
7600 168,984 745 128 1000 avl_worst-1000-7600.txt
7700 170,072 318 1196 1000 avl_worst-1000-7700.txt
7800 168,119 373 124 1000 avl_worst-1000-7800.txt
7900 167,187 323 123 1000 avl_worst-1000-7900.txt
8000 161,104 362 122 1000 avl_worst-1000-8000.txt
8100 168,29 346 124 1000 avl_worst-1000-8100.txt
8200 167,59 301 126 1000 avl_worst-1000-8200.txt
8300 168,102 268 125 1000 avl_worst-1000-8300.txt
8400 166,164 397 126 1000 avl_worst-1000-8400.txt
8500 165,41 336 124 1000 avl_worst-1000-8500.txt
8600 162,93 274 114 1000 avl_worst-1000-8600.txt
8700 182,469 940 127 1000 avl_worst-1000-8700.txt
8800 161,892 410 111 1000 avl_worst-1000-8800.txt
8900 166,261 616 1052 1000 avl_worst-1000-8900.txt
9000 163,344 328 119 1000 avl_worst-1000-9000.txt
9100 161,773 879 125 1000 avl_worst-1000-9100.txt
9200 165,294 363 119 1000 avl_worst-1000-9200.txt
9300 162,413 248 126 1000 avl_worst-1000-9300.txt
9400 169,636 337 128 1000 avl_worst-1000-9400.txt
9500 167,92 314 126 1000 avl_worst-1000-9500.txt
9600 167,207 310 1005 1000 avl_worst-1000-9600.txt
9700 165,617 397 127 1000 avl_worst-1000-9700.txt
9800 167,359 648 125 1000 avl_worst-1000-9800.txt
9900 181,762 964 130 1000 avl_worst-1000-9900.txt
10000 169,994 561 123 1000 avl_worst-1000-10000.txt
