39
76
85
67
44
53
66
103
80
82
83
96
106
58
78
69
52
118
90
53
74
42
104
43
75
40
40
44
40
41
60
56
91
64
41
63
74
45
81
38
41
84
96
37
97
98
64
84
76
55
54
43
44
78
46
42
42
50
39
85
71
32
40
41
80
39
66
45
76
58
43
66
39
67
38
82
40
71
42
41
40
39
89
41
47
49
71
39
40
41
52
48
105
63
53
75
46
45
76
48
47
78
47
75
41
45
48
78
45
41
40
46
40
69
60
74
47
63
70
83
40
40
68
59
41
41
46
77
65
83
41
40
43
45
43
49
67
53
46
39
82
49
42
89
46
41
39
82
49
45
43
66
60
39
45
46
43
74
78
42
89
79
40
47
78
45
44
60
41
83
50
74
39
78
46
50
73
43
77
50
79
72
60
78
45
57
101
92
41
49
47
63
73
42
40
46
72
39
40
42
66
81
71
44
83
55
94
39
52
84
69
59
56
48
73
40
42
79
76
67
79
46
39
77
49
62
62
84
73
78
45
80
39
93
87
52
93
66
58
40
41
40
62
48
39
47
47
80
46
42
43
52
41
45
75
39
51
64
39
66
43
56
91
81
46
39
67
46
74
45
47
54
84
82
44
70
39
43
105
69
45
41
79
46
59
81
80
54
44
52
45
54
72
42
77
41
40
41
41
95
40
53
74
41
65
43
50
40
81
46
82
66
40
45
43
42
47
72
49
40
73
49
39
40
50
50
74
156
42
55
74
43
40
41
41
67
53
91
63
92
43
50
47
88
53
43
65
42
83
65
44
44
77
77
80
43
70
221
44
50
45
80
52
90
53
46
84
43
46
75
94
44
43
81
52
43
46
79
44
71
35
44
79
79
44
44
78
46
58
37
46
76
64
54
53
43
97
58
49
78
53
54
50
71
75
84
50
54
43
79
44
50
51
81
87
50
74
44
64
55
74
59
77
53
51
48
50
75
54
79
76
45
43
44
68
64
88
56
42
57
76
53
76
65
50
56
69
70
84
67
47
88
81
71
50
56
85
43
51
79
70
53
49
51
54
61
81
74
81
86
81
46
52
40
48
62
42
68
42
84
42
48
71
60
47
60
45
50
48
78
41
47
59
48
72
39
78
42
41
41
44
81
46
71
41
42
41
43
41
92
71
42
51
60
137
42
77
42
43
49
91
42
42
75
43
50
97
48
70
68
44
76
44
43
49
43
42
50
82
46
71
49
58
43
56
87
42
54
92
46
43
57
78
63
71
50
44
55
43
85
81
83
44
68
45
45
95
52
42
80
77
94
44
44
54
82
50
73
46
48
77
55
43
43
69
76
92
51
92
97
53
44
86
55
88
45
47
51
78
54
44
43
46
53
66
54
140
93
53
62
52
84
45
56
59
91
44
56
61
59
48
85
75
45
80
57
65
88
61
84
98
125
54
78
85
60
65
108
48
45
45
44
44
42
42
53
84
179
55
90
34
55
43
52
49
43
47
47
52
44
49
52
48
101
79
46
60
59
55
58
45
45
54
91
48
45
62
45
46
52
98
82
51
62
135
109
140
61
57
45
46
92
68
56
84
86
90
118
57
46
49
74
78
46
49
71
70
59
48
49
71
48
58
126
66
52
88
78
90
50
51
48
50
91
92
46
54
45
85
113
47
70
48
55
47
89
62
74
48
47
58
46
48
57
57
77
48
71
49
47
93
68
45
83
48
48
47
46
75
80
47
48
59
88
46
45
100
80
46
46
100
52
45
55
70
90
51
44
83
66
45
44
82
58
51
45
52
78
80
61
43
70
78
53
52
77
44
84
69
55
45
67
54
84
50
70
45
86
54
50
42
85
53
70
71
80
43
51
75
51
57
44
52
50
43
59
50
47
91
87
92
35
42
70
89
50
34
43
45
42
55
45
79
89
58
65
104
71
83
111
50
119
86
83
60
52
56
77
47
45
67
70
45
49
48
78
42
78
44
65
82
52
42
80
61
50
42
50
75
89
76
71
71
60
73
71
81
56
49
44
81
40
77
74
41
75
53
107
66
65
78
47
66
81
63
40
47
53
72
42
44
83
82
54
44
63
58
65
78
107
88
43
76
64
73
74
41
87
48
79
40
78
48
43
40
84
72
72
41
81
67
54
40
74
62
73
41
69
79
69
43
95
44
51
86
42
74
40
66
39
94
49
93
43
52
81
47
42
39
41
47
84
41
43
82
72
48
49
74
46
80
82
49
41
41
41
78
42
47
75
40
68
91
35
40
76
41
41
74
39
