137
130
197
286
159
239
147
199
202
151
206
200
219
193
193
193
130
187
204
128
207
192
132
133
208
131
126
201
187
130
192
133
144
212
196
134
222
148
164
243
196
230
197
180
217
206
190
223
181
126
155
178
233
171
247
172
202
192
261
221
316
227
233
206
203
185
209
164
152
194
203
133
241
137
130
132
129
219
147
137
151
188
132
197
190
145
195
142
129
134
126
118
127
184
158
148
168
158
156
200
202
148
143
199
148
205
211
129
361
130
136
194
143
147
129
140
146
135
199
122
135
132
255
155
159
226
120
212
192
133
202
201
141
198
143
191
215
178
193
205
189
131
127
211
128
135
169
257
211
289
150
208
171
130
198
198
207
147
191
130
148
182
189
139
147
197
144
192
194
123
132
133
182
190
130
211
188
125
188
135
132
194
200
145
201
198
128
196
191
137
189
183
155
172
194
125
125
126
135
187
408
131
189
145
141
193
132
138
151
190
209
208
196
192
214
213
189
183
212
199
130
136
197
119
139
123
196
149
206
193
147
151
178
127
182
179
130
140
187
125
122
122
187
185
190
166
141
140
175
139
151
121
164
122
143
145
131
133
177
140
124
131
129
186
171
128
179
146
124
149
157
142
174
134
140
184
169
168
126
144
139
139
129
157
124
126
130
192
133
127
125
135
127
168
183
125
186
124
136
127
155
181
141
115
139
125
166
138
117
176
132
145
130
124
174
126
126
176
121
181
133
126
137
170
124
182
142
114
142
183
188
131
207
140
131
182
174
162
185
197
133
178
171
137
152
179
165
147
171
125
141
129
176
132
124
173
126
148
135
117
131
167
120
124
173
129
123
167
120
130
180
188
137
181
141
131
131
185
154
191
125
185
130
142
177
133
131
147
141
124
167
132
169
132
124
129
179
177
132
130
131
127
142
191
140
122
185
175
140
165
133
140
189
130
164
146
133
143
142
166
140
140
138
142
140
139
139
122
195
190
135
150
138
130
195
186
150
173
126
125
125
123
114
130
126
123
188
129
188
165
130
178
177
133
169
175
143
191
129
148
142
184
127
175
178
172
138
126
139
133
133
171
144
132
198
127
127
127
130
173
186
145
125
139
129
183
120
182
127
139
177
126
148
142
125
144
209
141
147
199
149
132
192
134
124
177
146
135
125
148
148
142
144
148
140
130
145
151
157
134
135
140
216
149
148
144
147
139
184
134
152
147
148
150
196
158
127
131
154
134
194
147
129
195
146
145
148
193
184
204
186
195
231
188
135
192
136
199
150
203
119
159
197
164
134
142
168
151
148
204
128
134
136
127
206
205
143
129
209
133
136
190
139
137
191
201
137
220
130
131
199
135
149
132
210
142
129
119
137
136
218
148
144
213
144
134
148
203
143
216
193
133
207
145
136
129
219
136
366
199
147
133
136
155
119
190
132
134
197
139
146
118
194
189
141
196
126
132
211
192
141
193
189
137
176
152
139
131
199
143
210
152
215
140
148
139
204
139
163
193
149
133
149
144
191
197
137
209
132
135
150
209
204
203
137
145
134
149
130
148
187
154
209
140
139
139
144
136
131
213
146
135
160
191
135
153
209
148
131
133
137
162
198
124
136
134
142
138
146
196
144
151
199
139
134
204
158
138
128
137
203
152
145
222
145
128
139
146
142
156
213
150
136
199
163
134
126
159
134
206
138
135
140
132
139
200
137
148
135
144
147
205
135
134
145
131
172
202
135
162
141
156
217
200
141
155
155
149
214
209
146
147
150
220
140
201
214
144
144
145
227
136
149
141
151
140
228
144
206
149
144
144
209
155
207
166
143
155
226
159
156
147
210
146
211
143
158
141
157
146
157
157
280
171
205
159
197
218
174
255
201
142
207
140
216
152
204
147
159
133
208
151
227
210
137
215
211
155
195
209
170
151
145
159
144
227
174
163
153
143
149
236
197
212
203
163
150
160
150
157
221
142
165
196
145
147
208
153
218
158
150
143
143
218
220
146
215
218
153
155
143
154
142
206
190
150
203
213
155
216
144
147
149
208
140
147
147
158
155
382
142
138
229
137
149
149
142
155
206
177
148
142
214
143
214
142
154
141
150
147
142
131
156
154
174
144
157
215
150
146
227
145
138
152
150
147
199
142
145
131
146
134
146
160
145
144
144
149
150
233
145
155
152
150
167
172
174
165
206
206
209
155
222
138
148
228
215
237
296
207
244
188
229
209
140
154
225
221
167
160
226
150
232
141
183
236
159
247
214
158
221
226
151
204
209
160
201
227
127
211
