148
152
215
153
147
154
231
215
149
152
158
219
147
150
210
163
156
153
156
157
164
153
207
143
173
225
151
137
145
155
159
147
144
148
143
161
147
147
191
182
169
214
150
135
164
147
163
160
222
145
196
180
940
209
143
228
147
165
158
152
206
222
232
145
215
155
141
160
147
153
233
149
140
158
151
234
146
214
158
148
145
158
205
147
164
145
186
225
157
160
212
145
154
166
148
172
208
154
157
165
145
145
211
164
158
173
214
163
157
149
149
149
212
165
151
191
238
152
143
164
220
169
164
229
152
151
168
180
206
161
152
155
144
188
152
165
152
145
167
222
175
171
164
177
209
233
169
165
151
154
152
163
242
157
161
244
231
180
156
160
221
154
149
239
158
158
155
176
154
234
171
224
158
159
157
230
155
154
156
159
219
149
158
188
182
151
219
150
238
222
210
166
157
181
170
164
242
166
166
170
150
142
134
160
222
231
162
168
132
165
162
177
156
233
227
149
227
157
167
235
157
161
149
183
220
162
192
240
155
146
151
229
225
148
247
236
139
166
161
227
152
147
141
154
141
141
207
134
139
148
154
200
143
140
137
158
203
147
145
156
139
197
150
145
173
155
193
143
162
147
141
207
143
136
147
140
189
159
154
146
143
207
13977
129
211
145
217
150
162
159
198
156
145
148
204
147
150
174
146
148
150
144
188
146
149
145
182
217
153
199
145
149
149
144
200
145
144
146
145
155
151
153
211
147
142
140
152
132
197
144
148
178
201
153
146
143
201
144
144
153
144
187
159
143
156
148
151
134
186
149
147
188
146
145
145
146
157
138
140
218
153
151
140
153
192
154
189
153
160
204
142
196
150
161
201
144
221
217
139
145
206
204
165
143
174
158
153
205
139
135
211
158
196
157
156
137
155
150
136
151
137
141
143
182
191
154
138
211
151
151
139
142
153
166
137
150
151
195
162
168
191
190
243
153
202
174
140
155
212
135
196
143
150
142
139
154
146
144
155
172
160
178
158
139
143
154
153
158
147
180
134
144
155
145
145
215
149
134
142
140
155
148
175
143
195
158
156
152
156
137
140
149
158
211
146
231
145
165
145
145
137
189
136
161
142
216
153
148
199
143
207
208
145
141
142
199
143
145
210
139
224
139
148
209
146
161
148
139
153
236
188
146
210
164
160
157
152
210
161
230
204
162
220
146
162
150
150
220
160
161
163
171
162
147
212
145
219
145
156
222
224
184
141
169
208
172
171
225
193
219
169
163
146
148
224
159
148
160
149
196
160
160
182
148
154
217
152
177
155
196
221
161
149
147
152
165
208
165
168
152
159
217
150
150
183
164
156
159
149
214
155
153
146
155
209
153
154
222
155
213
210
165
227
174
152
239
157
230
217
215
151
156
167
226
151
201
162
162
218
213
216
177
152
225
162
153
163
183
160
163
251
211
159
157
189
168
215
223
141
139
140
144
213
140
149
156
136
155
205
137
165
153
144
241
143
138
170
210
140
152
162
159
214
150
226
146
146
141
137
233
232
238
141
142
225
146
132
147
149
142
157
137
150
142
225
199
140
140
146
225
216
152
163
140
138
228
151
221
153
148
177
135
146
138
203
135
140
222
139
150
136
127
209
138
129
135
154
221
152
146
143
138
138
144
142
140
199
220
153
141
141
141
147
150
230
149
141
144
207
160
137
158
143
141
217
210
241
136
135
140
147
212
143
138
147
181
128
142
230
150
143
213
143
139
156
165
179
159
228
213
149
145
168
144
137
161
153
142
199
141
173
211
143
144
151
147
177
148
148
143
159
216
140
158
148
203
154
158
216
150
213
145
148
153
189
158
229
196
143
141
155
166
206
139
197
163
148
142
140
148
144
143
216
214
145
155
145
179
207
140
154
149
147
193
145
145
145
167
208
148
151
150
161
198
153
283
178
213
143
210
137
144
146
186
141
142
144
154
143
150
213
154
168
136
142
148
141
147
164
161
212
140
173
205
207
200
160
151
232
141
148
203
142
158
192
141
164
195
151
141
148
142
152
163
192
187
141
139
150
146
147
157
141
160
200
148
150
142
151
211
147
150
149
164
157
158
170
156
157
213
155
156
155
166
223
204
177
139
213
150
152
148
219
167
153
150
168
211
217
150
156
146
219
156
174
148
151
210
152
185
153
157
180
155
153
237
153
225
156
150
161
152
145
145
228
176
150
148
166
216
149
165
228
159
167
151
160
224
154
152
153
163
149
150
155
169
190
153
150
218
155
169
150
168
171
166
162
158
220
210
