203
213
202
186
242
307
194
218
182
192
198
196
185
238
219
227
208
210
202
196
192
210
203
194
189
192
216
214
178
214
170
176
187
198
183
182
208
184
165
209
202
191
217
181
196
193
174
244
171
187
191
180
183
216
186
188
183
244
240
179
187
226
201
204
189
179
184
191
210
225
183
185
190
174
171
213
182
176
172
188
170
214
173
208
179
187
201
201
206
175
176
175
171
184
213
185
191
222
188
182
184
186
202
173
193
194
201
210
210
185
175
175
183
170
194
194
203
194
188
207
193
181
266
206
253
312
365
193
172
196
228
192
228
199
218
238
289
292
272
294
202
255
291
198
207
233
236
304
290
196
207
198
194
242
278
351
240
249
402
207
240
263
214
211
201
258
202
205
276
181
201
198
201
248
228
211
255
182
256
192
248
202
203
266
181
227
186
186
229
325
216
245
219
214
373
416
265
264
208
206
270
283
215
213
270
261
270
249
205
201
247
188
207
199
196
200
191
215
211
181
214
214
200
228
315
262
286
272
663
549
537
212
239
218
403
389
299
267
232
219
226
237
232
266
228
225
214
228
274
225
238
239
280
273
229
349
224
234
258
247
312
254
313
225
276
243
276
239
230
197
226
275
243
224
254
270
215
208
213
232
236
230
252
260
237
261
237
233
230
300
249
235
231
297
243
269
239
243
314
263
237
219
279
278
224
290
224
201
238
269
217
256
262
229
354
231
240
214
235
175
237
202
216
214
211
211
238
255
248
241
215
424
214
210
218
375
254
268
217
210
215
423
212
216
195
204
212
221
221
207
286
226
197
220
207
217
194
223
239
217
215
217
223
253
212
206
219
222
240
191
270
236
210
232
412
239
207
204
212
240
203
202
206
240
257
225
312
220
229
279
252
299
211
263
212
204
371
223
1206
247
222
212
206
203
219
257
276
208
204
241
213
214
223
211
198
223
254
232
216
501
208
188
213
210
394
281
213
198
241
243
303
229
212
190
199
486
221
204
232
210
210
200
213
232
212
211
269
249
398
226
242
221
232
211
214
205
198
253
196
225
241
196
231
201
226
174
213
312
220
212
271
274
226
216
203
224
202
209
288
214
236
202
232
204
238
211
238
224
237
222
211
219
294
211
228
330
270
208
251
251
241
215
285
214
209
264
253
252
218
235
224
235
212
202
259
228
244
223
239
276
249
230
240
246
274
238
252
226
214
263
223
215
232
224
230
264
247
226
230
234
270
234
237
202
218
243
219
240
203
226
256
219
244
224
250
212
239
244
270
244
227
221
214
237
230
210
214
204
207
217
236
265
250
258
215
208
229
254
211
226
224
247
232
205
237
219
215
233
223
317
222
234
207
210
219
233
260
208
244
254
237
218
252
224
194
215
246
254
211
234
225
222
249
194
196
241
260
220
242
347
405
313
338
259
299
202
229
264
256
206
222
215
216
218
202
269
224
210
263
237
222
252
219
273
316
344
299
297
218
255
196
211
207
261
254
256
225
208
212
209
255
221
209
208
205
224
219
216
253
231
208
227
215
214
262
214
228
207
226
220
223
330
439
241
374
208
228
209
257
205
256
211
212
202
214
209
246
237
211
199
246
213
211
251
241
222
200
233
251
208
216
192
212
266
220
245
182
173
189
150
225
212
174
180
185
175
181
173
224
215
201
219
236
247
177
190
186
179
185
194
220
255
181
247
173
179
218
229
226
249
258
242
170
175
235
180
226
258
202
209
183
232
217
163
163
246
289
266
175
182
238
236
333
250
197
200
214
271
257
236
247
223
237
196
177
257
255
166
176
170
179
194
218
182
169
172
180
178
169
176
239
173
175
234
165
176
172
172
228
252
181
178
229
154
224
178
200
219
187
177
177
202
261
194
163
217
210
170
204
178
165
196
164
226
241
176
165
193
172
191
236
178
184
182
172
227
209
175
170
175
228
181
227
167
188
193
214
158
216
190
176
163
178
188
194
158
223
225
166
166
239
222
207
183
170
177
176
228
168
204
172
155
166
211
163
180
232
163
218
180
170
170
238
180
223
206
161
171
225
174
228
170
183
244
166
157
198
174
231
234
164
179
182
177
219
166
226
255
163
232
173
193
201
199
239
161
172
223
181
158
168
196
178
225
165
174
176
230
205
215
175
181
168
168
218
215
188
234
187
231
219
185
173
206
220
218
159
212
180
177
240
168
178
216
207
226
189
177
167
230
203
182
187
179
201
165
235
164
193
208
205
169
162
175
219
237
188
188
175
166
215
235
222
167
230
158
194
234
187
237
