224
261
210
208
174
185
173
164
175
198
217
197
331
204
221
252
256
210
182
178
220
178
265
209
192
176
208
199
185
190
225
188
181
199
209
193
287
193
282
212
205
185
172
198
195
199
208
288
424
205
247
205
190
196
202
195
186
172
383
225
236
221
242
214
195
289
257
284
258
211
178
275
224
250
192
238
257
235
223
239
224
262
254
230
255
339
255
278
226
235
242
233
242
261
232
252
245
240
233
234
255
236
317
211
222
221
216
251
231
225
239
337
270
416
276
247
237
245
254
226
236
220
341
229
236
241
255
245
265
243
270
251
263
239
254
241
256
237
273
257
264
307
259
231
231
250
262
234
237
226
270
340
238
223
213
216
259
265
235
228
239
250
287
233
286
247
224
251
238
252
233
218
225
222
249
214
270
305
208
280
385
320
240
219
224
231
223
237
224
297
236
250
222
263
216
220
226
232
247
200
414
202
236
206
223
232
237
231
210
217
225
210
210
230
212
235
302
240
222
230
216
230
220
244
238
302
217
232
251
225
286
227
222
322
229
247
256
178
229
228
225
196
208
234
211
283
203
366
182
283
252
230
219
209
195
233
374
186
201
227
212
210
202
200
249
214
271
308
284
197
201
189
236
280
234
199
207
258
354
197
194
246
206
259
210
255
196
275
234
260
220
224
242
203
270
274
168
204
181
203
195
183
222
308
198
230
207
196
200
192
223
279
193
261
206
246
283
210
210
235
219
187
252
223
261
186
218
203
191
228
217
197
229
241
242
207
231
223
241
197
269
207
232
254
196
243
272
201
200
232
200
199
206
231
235
200
211
232
208
219
212
211
205
189
181
197
247
188
216
193
212
267
222
193
245
232
195
206
247
199
194
179
244
193
264
180
237
196
221
228
185
225
187
181
180
191
219
183
192
204
223
197
207
195
199
180
253
185
222
180
183
193
238
189
173
219
192
232
191
163
188
192
197
254
259
339
225
249
339
324
313
275
282
182
225
173
170
190
174
173
218
154
180
178
184
336
180
245
155
219
236
174
229
187
178
180
175
238
193
167
171
244
224
177
171
235
246
228
175
217
236
173
233
173
221
161
174
177
223
173
163
169
161
217
184
193
183
172
173
248
174
180
161
219
193
184
186
180
301
212
227
225
219
236
180
169
213
164
218
184
221
164
217
307
224
162
310
256
255
354
219
224
226
181
189
167
158
167
239
168
212
181
250
199
211
193
209
172
186
222
209
176
184
175
217
157
224
174
158
163
220
162
239
166
161
222
175
185
177
172
178
208
181
169
161
180
220
164
183
178
231
261
196
241
201
169
165
169
171
176
228
217
173
232
193
224
193
183
181
232
224
337
195
190
213
190
237
184
186
189
215
177
201
235
178
199
210
230
343
294
194
185
186
177
209
282
266
339
189
231
225
204
211
192
197
181
186
188
192
231
199
235
185
179
188
179
196
174
269
195
184
184
198
197
195
262
182
196
200
197
188
175
250
176
202
196
190
190
195
235
237
220
187
230
258
231
185
214
187
192
178
186
217
236
191
200
190
179
247
187
219
206
183
230
206
211
186
190
244
189
275
180
229
196
192
194
178
238
183
187
207
181
217
218
208
203
408
364
401
213
194
214
216
192
234
300
239
214
252
214
203
202
219
200
242
310
194
228
185
225
206
199
203
230
202
215
226
203
258
219
243
203
220
210
256
199
201
210
250
206
222
234
219
199
205
217
214
199
211
205
218
211
227
175
182
244
227
206
189
188
224
210
197
197
207
190
179
204
199
213
224
178
202
222
216
230
221
209
201
190
219
204
195
204
183
225
171
176
214
198
195
201
177
206
190
172
230
196
239
182
235
218
177
201
174
207
174
164
172
198
202
196
244
179
247
185
236
202
204
244
187
236
229
186
216
227
220
180
200
239
188
196
181
237
173
227
187
193
200
192
198
170
201
204
170
178
193
188
187
173
188
216
182
253
203
214
233
199
159
250
171
233
180
218
195
229
169
240
175
191
186
300
211
190
192
204
196
223
157
226
169
221
174
216
212
190
202
160
169
206
172
176
205
218
194
323
208
222
212
206
195
197
187
172
167
198
203
195
213
230
299
163
179
291
191
232
257
214
266
222
206
291
210
253
218
200
229
166
179
186
229
193
215
193
187
282
222
214
238
212
210
184
208
218
238
234
242
192
244
250
196
203
188
203
272
226
249
197
198
231
205
195
249
199
199
187
186
227
232
226
190
190
226
192
213
189
226
171
218
228
198
219
190
237
201
244
204
188
191
246
