139
139
157
145
140
144
121
123
126
109
146
133
141
124
109
119
132
150
120
150
125
160
119
148
136
143
134
143
159
135
137
157
165
176
144
172
173
201
178
219
182
190
200
200
209
139
148
169
230
191
208
166
171
159
149
159
142
142
130
127
137
140
145
129
128
115
135
121
125
132
134
151
142
138
139
112
139
130
135
141
135
119
105
176
127
105
137
131
155
152
162
157
156
157
125
149
197
165
149
129
170
154
125
143
113
148
144
137
172
148
148
126
135
153
115
148
125
140
138
110
143
136
154
139
128
131
124
131
142
139
124
132
136
136
141
165
158
142
146
123
128
130
106
141
113
133
126
134
143
137
138
131
132
153
137
156
123
114
133
117
125
133
121
126
124
127
117
146
139
138
123
121
117
115
128
130
116
132
141
132
142
155
150
136
156
155
115
115
130
123
143
131
151
123
144
129
140
130
156
127
125
124
153
109
128
126
237
116
136
156
149
116
124
131
145
143
130
156
135
117
147
137
154
122
129
131
148
127
141
119
117
146
131
136
150
125
128
149
114
132
125
118
148
119
115
154
125
130
134
144
140
137
148
122
143
126
138
141
131
143
106
138
115
158
135
195
141
133
103
125
140
133
127
117
123
115
148
162
145
151
146
122
145
115
125
125
146
126
108
132
117
137
108
136
110
128
159
115
126
115
116
154
125
123
156
115
139
131
149
118
137
133
123
128
136
153
154
150
159
139
154
146
175
121
179
126
129
135
120
158
126
123
114
123
135
136
133
139
133
152
139
138
144
118
125
108
118
126
107
144
141
139
115
136
115
115
122
130
129
157
124
143
142
144
129
125
142
142
162
132
114
157
181
164
146
172
165
130
163
137
141
189
135
181
161
161
167
182
151
191
154
127
145
173
137
157
205
216
185
158
154
129
168
141
151
153
138
103
134
114
140
133
143
129
129
147
125
122
131
136
126
121
157
116
135
127
128
136
137
132
126
145
147
136
134
138
156
146
131
130
127
143
119
135
139
141
162
160
135
174
117
179
152
129
147
155
127
134
139
138
168
155
116
123
138
118
135
115
126
121
131
137
131
132
117
145
134
851
140
124
154
158
138
140
109
143
146
130
144
123
111
139
129
145
128
119
121
122
114
139
135
149
135
117
138
128
128
130
126
159
108
144
114
121
145
140
119
129
126
108
112
142
137
123
138
140
147
137
155
135
129
145
140
128
142
143
143
157
132
136
148
116
147
117
119
135
151
122
139
139
134
136
137
141
132
135
137
122
138
143
125
143
133
127
133
131
146
125
134
126
125
116
142
133
147
123
142
140
119
161
132
134
120
131
131
124
117
140
120
121
143
143
146
134
137
135
102
121
125
121
141
135
123
124
131
102
114
132
127
147
150
137
116
138
128
121
145
134
138
132
137
138
135
130
129
122
137
138
127
122
135
130
130
137
134
140
130
117
146
117
138
120
133
111
116
121
127
127
135
112
124
126
117
123
131
101
114
125
131
139
122
127
160
115
113
127
117
134
130
118
131
126
117
136
135
137
116
135
143
145
132
148
147
138
133
141
130
131
115
126
118
135
149
139
147
122
138
124
127
119
142
157
161
135
156
138
140
137
129
125
147
156
122
120
134
135
123
116
131
150
140
113
144
134
117
156
138
128
153
128
145
139
121
121
131
122
140
122
130
128
126
144
140
145
152
140
129
161
141
136
136
145
141
111
143
126
143
155
136
144
155
137
125
104
143
168
140
152
151
116
143
119
153
139
157
140
106
145
130
135
161
122
145
144
120
146
151
151
132
143
138
137
132
105
157
140
160
137
180
161
124
122
157
133
147
158
142
118
130
125
137
146
166
125
151
127
132
145
136
146
126
147
140
161
145
106
156
105
134
116
137
135
118
138
135
137
150
149
139
126
149
144
113
144
135
142
160
134
122
128
132
171
105
117
135
158
126
121
142
131
142
132
158
144
165
126
160
186
133
146
130
138
143
147
153
117
142
178
197
191
179
168
148
133
154
146
121
153
161
150
117
156
117
136
143
147
142
119
126
117
147
127
151
123
137
134
140
127
151
115
125
145
134
117
132
121
131
127
123
115
701
128
133
123
143
128
116
135
134
118
120
140
122
127
138
148
151
131
159
127
125
132
141
135
150
137
151
146
143
126
102
155
134
144
127
143
133
135
133
129
137
164
166
130
131
136
153
128
135
142
140
137
136
140
155
150
161
127
130
123
122
132
122
134
139
129
135
109
126
139
141
108
159
122
148
119
116
149
142
135
