142
199
140
145
208
143
288
260
284
165
269
196
137
179
213
137
209
141
139
137
144
205
195
138
213
129
255
257
155
169
148
192
230
143
149
188
147
150
216
162
142
144
137
212
139
158
151
154
217
206
202
222
212
225
156
139
166
144
198
139
135
139
188
200
132
151
203
152
155
192
195
133
229
213
142
142
210
138
205
138
213
196
140
216
210
201
196
134
153
213
168
204
218
165
205
209
133
185
150
148
147
196
208
141
165
166
220
132
198
137
205
205
146
136
128
159
198
153
136
155
210
146
142
235
161
205
141
139
139
213
154
215
134
207
212
149
134
208
142
144
212
146
134
163
134
198
138
197
150
155
151
166
164
205
210
164
169
141
193
145
137
206
212
140
143
144
154
224
229
146
150
160
134
140
141
226
192
147
150
137
158
174
136
149
153
135
227
143
136
155
195
139
210
173
202
207
179
211
227
199
204
151
193
167
161
205
156
139
232
143
217
206
144
211
148
151
238
157
226
212
150
258
149
157
163
138
210
225
139
201
134
157
211
156
205
205
143
208
136
220
157
153
208
212
156
163
151
188
151
134
211
269
204
135
186
144
133
231
147
223
192
206
205
148
207
124
194
192
152
221
198
146
192
136
153
206
139
153
154
153
215
157
216
145
146
214
140
210
211
141
133
203
204
213
222
136
204
213
151
197
213
137
202
210
148
225
205
143
131
142
209
197
153
157
199
228
175
131
206
142
135
152
132
142
212
169
205
218
153
136
223
218
152
142
191
206
162
135
205
150
122
221
221
185
216
196
212
195
191
204
152
219
149
216
141
155
141
210
207
144
212
200
141
141
134
141
136
210
138
225
203
195
213
148
207
198
204
198
210
227
143
210
207
200
207
210
213
216
218
181
163
260
168
159
209
137
187
198
149
141
185
196
177
197
194
143
137
160
238
178
144
129
202
133
191
185
143
189
137
181
147
150
202
182
216
173
215
192
229
133
159
210
199
190
139
193
184
216
201
183
194
138
141
171
155
191
210
137
183
131
135
160
194
147
139
191
145
291
128
189
197
140
192
177
194
206
188
135
190
192
194
189
176
138
197
213
190
140
134
190
133
198
132
193
174
121
139
130
205
218
190
172
156
209
193
149
197
136
147
202
141
194
180
132
149
206
200
183
148
196
186
193
194
192
118
168
216
196
186
192
134
141
135
209
195
172
147
139
136
181
131
180
181
138
134
196
138
195
124
185
188
169
143
198
202
209
190
210
148
147
198
123
153
193
198
199
194
133
139
129
136
190
274
170
131
180
192
139
128
200
194
195
126
149
188
135
191
131
135
130
136
125
185
131
148
184
128
134
169
136
192
139
197
137
147
162
143
200
126
198
190
130
140
193
133
137
144
139
148
146
143
159
158
152
160
123
130
218
128
177
145
130
137
160
136
202
136
136
130
184
131
136
193
135
198
199
133
162
150
127
191
127
132
129
149
137
195
137
126
135
148
131
199
137
136
145
139
160
184
135
153
130
153
149
143
139
211
151
153
203
135
135
136
138
134
214
149
145
129
140
136
210
138
136
135
131
151
205
147
139
132
142
217
137
135
187
152
147
140
150
134
207
147
138
129
147
169
204
119
199
138
134
223
131
155
163
147
162
197
134
136
136
145
128
160
128
137
140
129
217
130
136
134
147
138
203
146
156
222
139
142
212
129
190
135
156
146
137
140
138
149
181
139
142
146
138
135
130
148
144
146
161
209
144
136
153
138
134
221
137
147
133
137
130
134
135
202
209
136
202
132
135
239
210
143
135
219
134
142
134
164
135
147
191
206
128
146
144
149
206
134
138
136
143
137
140
138
193
198
132
136
134
127
122
137
131
134
139
146
141
123
206
133
133
205
130
168
207
138
141
136
199
144
156
140
129
208
134
149
192
143
151
203
156
136
206
152
225
154
136
141
144
133
137
203
145
139
217
212
138
147
138
137
201
152
204
141
156
149
158
138
198
139
137
143
156
156
209
139
208
137
192
140
204
137
202
152
220
156
135
137
140
144
202
134
227
153
132
146
148
152
207
134
152
189
146
148
194
136
137
200
147
205
147
147
155
144
139
140
141
194
138
137
198
138
132
149
210
130
147
132
143
136
200
156
144
138
160
167
147
137
219
155
136
201
135
151
229
139
152
216
186
151
198
168
190
141
188
186
172
238
216
279
187
226
146
159
140
206
139
192
163
152
156
159
211
135
143
137
133
150
185
140
198
140
141
151
144
140
210
149
136
135
159
230
266
182
208
152
196
