114
129
263
179
213
158
175
204
189
124
191
181
163
131
134
136
185
192
192
117
117
148
130
187
208
246
294
301
205
241
241
207
154
275
246
232
250
190
316
147
267
250
283
247
153
190
205
135
149
232
247
173
203
144
206
176
111
188
131
131
133
116
175
192
130
128
130
190
159
130
166
163
140
123
151
130
130
175
113
152
130
182
115
337
216
123
181
156
177
136
130
149
147
119
127
186
129
177
135
171
123
130
171
176
119
114
133
136
135
131
150
195
170
125
170
170
122
195
179
126
172
225
143
139
207
187
255
155
181
128
189
138
195
131
141
177
127
218
249
174
194
125
191
176
201
194
165
179
191
147
180
182
149
161
188
139
192
140
149
166
154
146
148
180
178
127
125
181
147
168
178
200
143
176
183
191
178
180
139
161
186
164
186
196
164
245
306
204
154
129
122
186
195
131
196
170
136
177
150
139
192
130
146
178
185
187
214
131
178
137
176
186
132
129
130
172
141
183
138
209
142
173
194
138
139
122
140
223
124
210
188
177
148
122
193
129
189
135
139
131
123
185
140
174
164
117
176
188
192
139
169
112
174
128
193
114
145
169
195
189
174
178
175
136
170
125
149
114
150
146
177
170
163
128
170
185
131
119
137
174
120
136
126
183
192
138
200
147
149
192
364
188
192
132
112
120
294
112
212
117
199
199
132
192
116
192
196
152
190
126
127
182
130
193
138
133
134
175
188
152
174
191
115
186
151
125
191
172
176
136
116
183
182
115
191
130
190
141
181
186
173
168
260
130
123
139
163
118
179
179
162
159
110
169
258
170
169
115
165
166
170
170
109
117
128
125
179
182
185
172
173
156
127
180
179
175
157
162
109
114
158
174
122
178
167
149
124
164
109
156
125
127
179
142
152
175
165
177
173
188
212
105
129
171
108
118
187
133
141
132
181
141
135
168
158
124
189
121
158
121
176
169
133
183
173
107
176
193
165
661
170
144
144
177
132
178
169
284
133
211
204
217
219
224
149
234
150
204
197
146
196
135
137
204
210
139
139
153
133
170
193
145
148
133
142
192
152
147
183
199
150
191
134
173
141
176
143
140
177
149
120
127
142
218
135
484
184
110
179
170
179
121
126
116
201
114
180
170
162
133
130
173
179
142
177
218
116
117
161
162
191
140
166
168
132
186
173
176
161
135
176
166
178
132
168
160
125
108
130
168
197
184
187
176
184
179
154
186
173
178
186
162
183
128
169
171
132
163
111
178
115
170
181
153
108
125
117
172
158
160
131
125
155
189
143
108
170
181
205
109
173
180
111
114
199
168
144
178
122
128
203
155
184
214
149
186
252
172
132
189
176
124
166
156
130
108
131
132
180
171
132
139
163
138
170
126
170
105
104
121
116
162
191
148
194
155
213
123
157
129
183
175
134
141
134
132
187
157
148
191
109
122
124
131
189
120
129
132
127
161
132
170
102
125
109
185
121
171
197
169
190
133
191
121
169
185
120
182
119
110
347
169
170
117
170
127
187
128
178
173
124
207
130
115
170
206
242
109
171
115
115
168
118
147
176
143
132
125
154
126
125
158
188
186
119
166
173
132
175
126
172
107
175
127
119
179
175
174
140
189
140
164
124
170
122
183
137
110
131
282
183
128
133
172
160
135
181
105
183
144
128
169
157
127
176
158
167
116
179
115
184
132
118
133
198
124
345
166
176
130
180
187
160
123
166
161
112
137
184
193
175
166
137
172
122
191
121
171
126
149
117
123
169
150
173
166
124
164
131
177
164
166
145
133
183
127
130
206
164
178
113
184
133
120
184
132
190
125
199
117
129
124
183
129
118
292
115
192
132
183
146
119
167
135
126
144
127
151
124
161
125
165
130
526
141
187
184
125
190
125
126
130
171
190
182
133
134
119
171
161
182
125
136
121
123
171
192
165
125
122
123
121
147
175
196
179
129
108
174
127
174
122
193
112
160
187
125
193
169
176
115
124
107
149
178
164
167
111
154
173
124
171
188
109
157
187
190
132
161
179
163
133
131
181
127
179
155
129
118
161
194
119
124
130
154
114
152
104
157
121
137
129
146
124
157
128
156
130
180
171
128
158
122
176
113
114
109
120
153
117
164
138
171
136
122
156
142
126
171
149
130
122
164
148
159
136
152
168
138
160
114
154
156
188
131
173
148
151
144
163
122
155
155
106
129
121
184
123
105
139
128
140
169
162
100
167
122
137
141
157
141
144
167
161
153
122
499
121
126
104
167
154
154
151
171
175
121
206
173
166
