63
42
47
45
74
42
63
42
60
48
39
77
41
51
84
81
77
58
40
47
44
50
39
42
49
48
43
79
53
45
83
77
55
43
41
47
41
64
87
43
42
57
80
52
43
54
55
41
84
46
39
56
80
47
58
80
75
56
44
76
97
58
51
51
41
42
41
44
44
43
50
52
47
50
48
55
49
47
43
66
43
46
42
43
41
45
55
49
68
47
61
46
48
50
84
41
61
41
41
48
41
71
49
42
42
63
42
42
52
45
88
42
44
41
70
48
42
51
41
44
78
59
53
48
49
42
48
42
79
43
44
43
52
62
45
42
43
65
54
44
44
78
61
50
52
43
53
44
71
43
52
47
48
50
88
78
44
45
45
52
41
58
51
53
57
55
47
47
54
45
49
51
57
78
42
43
51
50
61
44
76
43
45
92
51
40
40
43
45
51
42
42
45
41
61
73
41
42
51
59
59
44
53
51
56
46
46
67
53
53
44
43
44
35
47
53
45
56
60
47
87
57
53
46
56
63
44
44
45
54
62
44
43
45
48
52
169
54
71
48
57
45
57
54
134
46
46
46
46
75
62
53
46
48
66
58
103
44
50
46
55
59
53
101
90
48
55
48
45
45
45
47
48
64
46
68
52
57
49
57
43
45
44
62
56
56
89
50
44
43
52
46
46
45
88
42
44
89
88
55
49
59
82
43
51
41
47
41
59
43
76
46
41
52
59
57
49
43
70
48
73
43
48
96
41
43
48
82
50
44
45
43
45
43
83
40
44
44
85
48
40
83
43
44
41
41
48
50
73
51
50
72
52
50
54
40
53
48
79
48
60
72
53
39
55
41
41
51
41
42
54
45
79
50
41
70
40
53
67
49
61
50
41
46
42
54
41
49
55
49
40
53
43
50
42
59
59
54
51
65
65
42
50
54
74
44
49
48
42
49
41
49
64
48
51
39
41
47
44
49
55
43
56
41
51
40
49
40
48
58
50
80
50
50
50
51
42
43
42
53
48
51
42
46
45
42
61
42
45
61
60
72
49
53
60
54
44
50
79
77
41
55
79
43
48
50
63
63
46
57
50
44
51
41
51
41
48
42
51
58
63
48
80
79
58
44
41
42
49
48
48
41
46
50
76
42
53
42
47
44
47
58
42
40
46
60
45
50
42
55
45
42
71
50
53
41
43
43
46
52
78
52
67
50
41
41
65
70
43
55
42
41
42
56
50
53
43
41
73
41
40
54
40
64
51
39
42
43
82
59
47
45
64
50
43
51
48
47
47
54
49
48
47
56
42
48
52
50
46
50
50
40
46
41
44
52
50
40
41
44
40
50
45
42
48
83
43
40
43
55
51
41
47
68
41
48
47
47
52
47
77
61
61
48
59
49
44
49
62
48
41
47
41
49
47
49
41
45
42
47
40
47
43
42
42
40
57
42
42
87
83
41
45
53
45
58
62
43
45
42
66
50
66
49
77
40
41
52
51
53
52
45
51
59
40
49
41
47
47
49
48
53
48
53
41
44
41
50
41
47
47
69
52
57
75
49
40
60
42
42
43
41
51
71
84
43
50
81
49
46
33
48
61
51
47
62
48
49
88
41
48
67
41
47
49
50
49
52
48
52
45
52
50
59
41
50
60
40
42
45
40
41
53
41
41
75
48
43
53
50
56
43
49
49
53
53
48
50
57
43
50
42
52
41
50
118
43
45
46
65
46
46
45
50
49
43
49
59
90
82
55
75
53
58
43
65
49
50
52
50
45
54
51
45
44
54
60
55
44
54
63
55
56
48
46
45
41
59
42
41
52
41
53
40
81
51
49
83
54
59
41
51
48
55
42
43
53
42
41
39
50
51
75
47
43
47
62
69
48
70
43
44
71
42
46
66
41
41
56
41
77
49
40
41
47
72
82
42
50
70
67
43
41
47
42
39
83
49
58
80
81
41
47
40
72
41
41
42
49
52
43
46
48
48
44
41
52
42
41
40
49
40
72
52
48
39
83
52
64
39
47
75
47
42
44
77
60
49
40
40
42
73
40
44
43
91
51
53
60
42
61
42
49
39
53
40
44
85
84
39
52
40
55
58
42
48
47
62
41
48
48
56
47
58
50
74
51
42
49
46
46
57
59
43
51
54
50
39
48
39
50
42
50
39
43
42
35
52
47
55
48
43
51
41
47
61
42
43
72
40
41
50
42
63
42
58
39
41
53
48
41
46
44
48
58
63
39
43
41
39
45
42
44
43
43
44
61
73
50
63
43
49
67
84
62
42
66
41
68
49
