55
46
56
61
82
33
49
86
47
71
47
75
78
51
48
63
84
46
86
61
41
84
81
41
82
50
75
75
50
49
41
84
47
47
78
75
82
49
45
61
66
54
76
40
56
48
46
43
60
48
68
73
41
63
48
51
56
40
81
74
51
48
58
48
104
43
60
59
72
48
104
38
47
70
40
48
73
43
53
40
77
49
47
41
43
51
40
69
52
42
41
42
41
70
40
85
42
48
50
49
62
73
55
87
45
75
46
83
60
48
84
67
66
46
46
74
54
59
42
73
52
58
50
48
81
73
46
42
78
49
67
51
46
68
79
42
73
39
58
46
51
40
41
40
49
39
42
47
53
40
41
45
81
49
41
42
63
54
71
85
65
70
75
49
88
94
40
70
85
45
66
42
49
55
46
47
41
45
58
45
46
39
48
63
61
39
38
42
80
80
42
58
61
42
94
47
64
59
45
64
89
45
50
49
73
45
69
40
43
62
65
70
47
50
73
49
60
65
55
76
43
62
42
87
56
42
44
67
48
40
41
46
41
46
78
76
89
39
42
44
124
50
107
54
50
41
41
78
39
42
40
41
51
77
42
47
54
52
42
43
104
84
73
60
43
42
48
41
53
41
94
134
66
42
33
54
140
60
72
76
76
83
46
40
73
49
50
44
42
45
49
67
35
44
71
41
69
57
42
43
65
53
69
68
105
65
71
50
47
42
42
91
44
75
59
65
44
53
46
53
72
50
67
60
43
43
69
42
56
40
54
41
61
49
44
83
68
44
65
85
42
88
52
81
75
52
42
35
52
52
66
80
44
56
45
45
84
46
50
50
92
74
52
43
68
53
79
44
88
64
48
42
54
44
44
44
47
94
45
51
51
44
57
79
46
67
44
78
138
57
54
45
71
68
47
43
46
45
43
72
44
47
62
44
79
44
44
45
45
42
38
57
44
87
43
43
54
64
78
69
51
72
55
67
49
61
49
45
50
59
93
76
42
63
48
43
50
54
86
45
54
44
43
54
49
43
79
41
43
51
46
77
48
78
55
52
44
65
53
53
51
71
77
50
46
47
66
51
69
52
42
47
49
42
75
47
61
73
49
43
55
71
71
43
42
53
71
42
55
48
85
44
45
42
67
48
41
60
56
41
44
47
53
68
52
41
60
43
42
48
42
78
44
42
55
40
42
57
42
71
43
41
53
44
42
44
44
76
45
44
48
49
41
77
53
82
42
43
54
49
44
56
41
101
68
44
51
56
81
42
43
52
61
52
43
75
74
43
42
44
58
41
68
41
45
42
49
49
41
51
60
73
82
60
63
50
75
47
51
42
51
41
77
43
61
64
57
43
52
43
78
60
52
52
56
44
41
57
82
44
42
49
42
44
43
52
66
47
80
51
51
47
79
66
70
42
46
60
72
42
61
43
49
43
61
41
50
54
57
77
50
43
48
48
75
58
73
51
48
71
40
42
42
46
53
72
107
41
41
42
40
55
43
42
42
44
42
58
55
42
50
48
42
74
44
72
61
53
83
55
85
43
64
41
55
49
72
42
53
42
78
43
51
43
47
56
63
50
79
64
78
50
61
52
59
82
43
76
41
71
75
40
52
49
47
83
57
60
81
49
77
41
76
78
59
71
49
49
81
51
49
60
57
66
57
51
49
54
87
61
44
71
44
48
68
49
53
57
48
60
97
49
50
63
72
41
41
49
51
74
75
40
52
57
41
40
112
45
41
50
41
46
42
47
82
60
53
70
42
45
77
70
46
69
42
50
41
54
46
55
50
68
59
43
54
50
39
81
48
76
60
58
53
48
40
55
40
47
40
43
86
42
50
61
41
44
41
57
51
49
52
47
43
43
47
41
89
51
44
51
42
48
74
42
44
51
68
40
57
51
81
49
72
47
41
67
47
42
66
43
50
43
49
66
44
76
75
44
42
48
73
62
49
41
42
51
52
42
52
50
53
48
68
48
56
40
68
43
61
51
40
62
78
57
41
63
59
85
66
86
75
40
40
75
41
50
42
49
62
42
43
75
48
41
72
74
67
39
40
57
44
79
72
43
40
88
47
90
41
60
77
47
94
50
81
77
52
84
92
48
92
41
68
91
49
93
42
63
69
52
41
84
44
42
75
90
58
53
105
82
46
88
50
40
42
82
66
97
70
85
53
49
75
41
41
93
37
74
58
39
77
55
55
54
121
73
76
38
44
80
44
45
41
45
39
40
45
73
48
38
39
46
48
41
39
61
42
40
38
59
73
47
40
67
51
47
52
56
86
53
