151
143
153
172
208
140
139
137
262
240
201
183
203
153
171
203
133
183
171
141
197
157
319
217
153
188
202
132
151
194
127
153
239
174
217
177
180
208
201
137
204
196
248
184
197
137
201
143
144
145
132
197
135
143
188
144
184
196
186
150
154
197
144
194
146
138
151
160
136
136
203
173
182
190
150
138
208
140
186
146
197
199
204
187
138
137
149
152
195
141
138
162
144
189
129
199
141
135
138
153
207
143
140
146
168
163
150
142
139
138
143
205
179
195
133
140
149
162
147
182
146
206
187
160
142
153
193
148
155
143
149
213
201
142
132
136
153
221
193
245
229
164
150
144
133
152
161
152
138
145
203
209
296
271
168
199
177
222
141
138
189
164
182
168
203
207
140
186
138
139
203
153
147
140
198
145
208
141
136
161
173
196
218
140
140
174
132
203
152
196
178
181
195
194
152
150
205
191
198
194
188
136
152
182
145
182
199
154
131
192
208
188
199
134
199
136
201
206
164
165
201
147
144
173
207
135
137
133
194
212
172
196
142
174
179
143
211
212
199
154
153
164
220
167
210
223
153
198
144
200
227
195
214
149
239
201
141
203
143
210
137
148
140
216
226
207
212
142
199
175
214
152
217
177
207
202
156
217
158
201
142
218
258
178
196
201
158
209
148
184
204
155
203
215
198
225
148
214
141
190
192
159
141
167
202
135
148
205
139
197
157
141
169
214
208
141
166
216
140
210
142
157
199
212
215
148
178
150
202
192
141
194
139
212
163
209
144
209
160
206
235
142
218
226
208
230
209
212
146
136
208
166
140
205
214
144
143
153
203
203
155
200
166
153
216
145
215
200
228
212
202
212
145
157
146
221
212
163
213
145
153
140
145
203
231
188
234
138
201
204
157
172
140
171
202
163
187
203
190
251
218
226
207
200
153
211
140
279
156
224
145
203
158
210
133
215
143
140
180
139
233
210
211
220
137
139
159
161
233
139
276
265
139
191
195
192
121
142
130
132
141
132
133
176
207
230
138
146
255
123
224
125
189
121
131
203
138
139
171
128
129
120
130
123
156
142
124
116
137
170
145
133
122
117
143
139
133
134
133
121
189
132
124
130
132
196
123
128
139
137
137
115
186
119
163
124
179
142
136
185
185
129
141
153
144
194
116
199
138
137
140
132
131
188
146
126
122
126
123
121
173
140
141
130
129
222
171
147
149
187
136
177
210
168
123
143
126
122
129
141
128
125
150
145
178
147
125
133
127
189
131
122
156
126
129
170
133
189
180
198
131
193
135
126
137
131
126
123
179
172
128
134
123
170
131
125
133
142
129
110
123
180
131
125
114
180
166
182
129
149
125
170
182
2173
135
137
135
131
188
138
120
134
137
156
127
140
165
189
126
130
131
183
131
202
124
130
172
131
132
193
129
131
132
131
191
124
155
187
163
182
185
124
192
130
178
177
132
206
144
165
187
180
130
129
232
214
152
163
144
210
210
149
151
135
150
156
158
166
214
135
143
144
160
148
228
153
152
203
207
214
145
163
152
212
150
232
158
159
146
140
211
217
145
144
149
175
151
252
155
157
156
173
130
226
161
246
205
162
150
155
146
193
164
148
142
129
205
141
156
153
139
143
209
160
164
158
172
147
138
196
212
147
213
152
154
145
145
157
215
145
144
159
157
228
140
151
156
184
140
209
161
170
215
181
146
134
150
196
200
234
175
151
209
146
201
160
167
160
152
155
223
142
193
166
166
223
149
132
140
141
152
150
162
169
208
217
160
210
201
147
155
168
219
157
157
203
143
147
213
150
140
141
166
473
160
153
159
142
151
146
145
198
140
200
147
172
144
143
199
214
142
141
159
160
211
150
195
160
148
140
174
147
208
142
153
211
176
145
151
160
213
141
205
145
146
148
150
142
205
160
157
161
146
149
151
150
140
171
203
153
146
207
167
156
155
148
172
139
205
137
128
131
136
184
142
139
144
145
202
205
128
202
145
197
148
137
146
148
143
157
214
150
139
130
151
193
150
184
133
136
137
189
206
201
123
138
192
159
210
131
155
130
128
134
209
138
148
131
154
213
364
160
191
158
140
161
148
213
188
136
140
131
197
153
208
138
148
192
148
203
136
146
139
148
138
212
127
131
135
135
198
196
209
147
133
191
190
204
161
129
131
144
143
207
209
154
132
190
138
135
209
171
189
135
139
207
130
200
149
138
143
134
130
214
188
201
148
198
140
135
146
200
149
142
141
147
171
159
154
205
206
146
208
202
197
137
135
200
186
211
