47
46
82
51
77
41
41
49
48
78
56
69
92
64
65
66
138
65
132
140
99
77
90
108
96
62
86
65
68
55
75
42
45
75
38
93
78
41
57
88
86
53
82
72
70
73
90
69
74
77
42
43
78
52
48
42
41
72
42
136
79
74
43
81
42
43
35
43
41
42
35
39
88
40
40
40
49
52
54
78
41
40
67
67
66
40
78
40
76
62
42
45
46
45
97
70
76
68
46
71
50
49
103
84
87
42
84
52
75
68
69
45
39
40
40
47
32
40
61
70
49
71
53
43
47
49
77
60
42
89
90
52
94
50
42
49
55
158
71
42
46
72
43
42
83
79
81
42
42
75
42
75
46
53
82
38
47
48
90
83
66
41
43
45
71
44
44
40
68
47
82
37
48
110
79
46
78
82
92
73
42
239
75
46
79
68
46
39
46
81
76
38
68
82
88
48
49
79
43
48
53
39
79
45
90
73
47
44
39
47
52
58
52
62
59
45
101
52
54
66
84
84
130
76
66
57
75
46
45
83
39
40
74
75
61
83
46
39
77
101
60
73
41
42
45
63
92
45
87
49
81
85
47
66
102
40
51
40
41
64
83
39
52
85
64
82
72
82
100
40
39
42
116
48
74
42
85
40
91
91
81
70
45
49
52
80
48
105
42
43
40
34
70
39
94
63
72
65
43
47
39
85
54
57
42
46
35
42
104
84
50
81
51
97
76
98
99
71
40
46
83
43
96
46
41
93
84
42
41
41
73
71
71
43
87
79
182
75
42
82
75
82
57
38
40
40
88
84
42
42
83
77
89
57
54
58
73
88
51
40
45
42
88
39
43
50
56
38
77
46
50
99
43
44
83
52
42
69
43
86
39
41
41
66
68
82
57
72
173
39
78
86
41
41
59
64
69
41
42
72
57
60
42
82
70
41
74
45
83
72
41
39
32
67
97
64
67
70
84
55
87
99
150
46
94
67
42
39
89
46
46
55
94
75
81
98
47
49
75
84
67
150
40
79
79
45
80
82
80
41
51
88
83
51
89
98
35
42
46
71
88
39
47
103
80
47
45
42
125
40
40
93
72
71
39
41
64
42
45
73
73
33
87
32
73
75
69
34
56
50
95
76
45
48
56
97
40
41
40
38
93
42
42
42
76
39
60
39
116
87
39
84
64
42
50
39
97
84
45
56
47
53
79
43
93
72
40
44
44
39
85
41
98
39
92
42
42
35
42
44
43
75
41
44
41
77
42
79
44
43
103
61
68
148
78
100
84
57
59
135
43
44
75
82
80
43
70
87
199
39
47
57
49
51
96
46
59
75
134
83
41
88
78
71
56
115
49
44
56
141
99
56
90
68
59
45
45
50
53
81
46
40
72
49
40
89
38
40
66
41
50
39
49
78
51
66
40
40
41
47
78
55
45
98
40
48
41
51
44
49
85
40
81
76
41
77
50
69
505
38
44
41
85
42
45
42
46
47
63
54
42
73
41
42
69
39
79
43
83
39
87
40
39
42
40
77
66
41
41
43
99
75
39
40
43
43
42
39
40
47
45
45
40
43
75
48
45
40
51
109
40
76
64
42
78
42
41
41
39
79
47
93
82
147
88
43
39
40
47
38
35
39
84
39
40
75
38
44
42
47
78
85
38
42
40
94
53
50
42
42
49
105
97
56
47
50
76
55
70
68
81
46
47
68
64
49
73
97
42
61
68
66
48
85
52
47
39
45
67
40
77
40
33
76
130
78
41
83
39
58
50
41
77
102
45
44
39
88
41
46
44
160
42
89
48
49
77
57
42
38
48
54
55
84
93
42
41
85
71
46
111
41
40
70
40
77
44
80
69
76
30
32
39
46
57
41
52
41
91
50
52
62
197
84
91
71
71
71
39
70
66
39
39
59
50
43
39
42
78
70
41
48
48
84
75
42
40
90
71
74
64
40
38
44
59
49
38
81
40
45
45
38
80
38
65
38
68
42
68
70
88
47
38
48
84
46
42
50
40
39
41
46
39
65
46
38
47
39
39
84
46
51
47
71
69
41
73
162
59
61
47
72
42
87
48
83
44
46
43
39
76
48
71
39
69
65
58
33
46
51
104
82
84
116
70
99
101
68
114
71
46
61
79
68
67
45
46
49
39
42
39
69
43
72
40
153
92
46
68
51
44
41
43
77
58
73
41
52
48
67
40
49
39
40
78
69
40
43
78
43
78
39
51
43
43
42
39
40
102
64
71
84
102
80
88
74
47
75
45
54
68
53
42
57
77
52
59
68
82
145
