58
39
39
96
46
46
74
44
46
40
85
78
47
44
47
47
47
47
43
46
49
84
42
49
45
42
41
40
39
49
73
47
47
50
71
41
48
73
52
47
49
43
49
53
45
45
39
45
58
40
58
59
60
41
42
42
47
54
50
56
91
42
42
62
82
88
77
42
41
42
77
42
40
83
41
47
58
45
48
65
40
79
54
41
48
51
50
51
53
43
79
57
49
40
53
58
54
50
42
90
42
50
41
48
40
49
48
59
76
40
40
52
73
47
58
47
40
39
57
64
85
61
46
71
40
42
69
39
51
75
87
55
48
46
43
55
50
34
50
45
75
36
44
47
133
49
53
47
57
55
92
44
44
52
71
76
53
59
45
44
62
47
56
78
50
45
43
78
85
72
56
44
42
90
42
82
56
41
51
61
92
45
49
45
50
54
45
89
48
46
44
44
43
51
45
48
93
55
42
48
42
42
62
48
42
52
78
48
55
53
78
86
48
42
47
69
44
57
44
53
44
43
118
47
53
62
45
54
53
45
51
45
45
44
53
97
56
76
59
44
50
93
50
45
57
51
44
78
175
43
57
58
50
45
45
52
45
83
51
44
45
45
70
46
45
198
46
137
53
64
55
86
55
43
56
46
78
84
52
50
59
55
60
49
52
49
68
49
64
82
47
71
53
61
55
44
61
58
49
41
52
50
46
44
60
53
101
81
52
47
49
82
51
48
78
48
41
51
43
45
48
44
52
74
51
71
77
41
44
72
53
51
42
53
75
87
61
42
41
41
77
41
41
51
62
48
45
49
44
48
66
49
43
40
40
47
54
43
49
41
59
51
52
78
50
41
40
45
44
50
76
40
42
62
40
78
48
56
75
42
42
47
43
42
59
56
47
80
44
59
58
41
85
53
41
99
50
41
40
49
49
51
80
43
50
41
57
60
42
60
40
80
55
48
69
50
41
51
76
41
46
49
40
83
79
49
49
43
41
53
64
55
45
66
48
74
41
59
40
43
54
71
45
61
47
54
41
73
39
40
68
43
46
54
47
41
49
48
81
47
49
48
41
58
42
41
42
43
47
50
81
51
43
56
50
41
75
47
50
51
57
51
72
48
51
72
48
45
41
41
44
43
47
45
51
48
58
42
53
66
59
46
40
76
78
41
54
48
50
82
44
41
47
40
53
49
41
48
51
52
52
44
40
74
45
52
42
58
52
41
80
60
58
51
41
55
66
43
50
52
75
61
40
41
67
42
53
73
52
58
76
42
39
50
62
47
41
58
44
41
49
47
77
50
56
73
40
50
49
54
62
51
48
83
45
49
51
48
51
40
82
40
50
49
47
58
49
69
49
49
56
40
63
43
52
42
42
77
43
47
49
47
43
59
47
43
68
44
48
81
42
49
83
41
47
68
41
53
77
59
61
79
66
52
47
51
75
44
46
47
59
50
42
41
134
67
47
41
66
41
53
44
51
42
42
53
50
40
44
45
72
41
49
53
66
63
45
47
85
41
42
67
40
50
57
76
39
48
72
71
40
47
45
45
48
41
43
46
71
39
48
64
46
41
42
48
43
43
46
58
55
49
57
52
50
49
73
72
57
51
52
42
45
48
43
88
44
79
57
42
41
51
53
77
63
59
43
51
52
52
56
44
84
53
58
100
48
61
54
74
53
42
51
49
59
46
40
51
53
42
40
41
40
50
62
51
46
50
60
51
51
83
50
60
78
85
44
49
48
47
45
54
87
58
47
41
46
53
42
41
41
46
43
52
41
60
61
81
40
41
78
58
48
58
39
48
39
44
51
76
56
40
84
70
40
88
41
51
84
39
52
78
41
40
39
49
42
76
42
51
83
72
74
44
47
41
44
39
46
43
50
46
46
41
71
46
52
70
65
41
43
44
76
80
91
83
39
76
46
43
46
54
66
51
39
49
54
83
39
57
84
47
40
41
50
47
76
53
41
74
41
47
46
44
79
43
40
86
46
43
40
42
71
41
47
72
57
61
41
51
40
39
40
48
41
78
41
47
62
67
47
46
41
70
41
40
41
41
60
42
51
39
40
53
40
51
75
88
47
40
43
60
47
49
47
46
52
53
39
40
42
50
49
41
46
71
44
78
61
47
46
39
55
48
40
54
42
42
44
42
43
80
39
62
86
56
56
59
41
71
41
41
69
48
51
82
39
39
74
47
41
48
55
54
61
55
52
44
49
60
40
42
40
50
52
33
60
55
42
40
55
52
80
55
46
78
44
42
83
47
49
76
50
41
68
43
52
40
44
49
