183
190
189
189
180
214
202
194
208
195
220
268
218
194
192
246
177
192
210
202
214
201
361
218
198
174
198
185
190
198
194
227
202
203
199
228
205
221
284
231
197
201
223
199
203
215
186
208
205
212
270
250
209
214
195
218
229
209
215
186
199
222
207
199
218
187
197
192
199
202
183
225
207
202
197
213
219
198
190
216
196
191
212
227
175
191
191
208
205
192
196
191
209
178
199
215
198
179
214
203
207
209
201
178
220
198
206
226
215
203
208
216
204
205
238
219
194
221
203
192
231
215
201
210
210
185
193
202
208
201
237
214
198
198
207
229
216
220
203
209
194
256
184
203
207
231
242
233
202
188
245
217
211
263
201
195
185
202
227
225
235
218
203
210
210
211
200
239
199
195
197
180
226
186
178
229
203
189
222
237
234
209
203
243
226
191
249
207
261
219
207
238
296
199
194
230
215
206
194
273
212
289
192
283
235
222
260
190
217
259
200
221
187
219
269
218
190
227
265
212
276
215
325
195
286
239
205
193
218
198
217
220
205
212
239
218
202
207
230
223
220
219
210
237
213
205
213
216
220
227
219
210
208
219
209
206
212
228
205
202
226
210
197
222
194
231
285
244
197
250
223
215
204
224
227
211
203
196
207
221
232
223
224
228
216
198
206
213
222
207
222
216
200
199
216
218
222
210
228
208
213
199
191
282
194
225
228
201
210
224
204
209
207
235
215
204
220
223
226
217
229
204
258
223
232
276
220
278
194
220
231
210
220
218
314
253
291
197
311
216
252
216
236
213
237
229
243
250
230
236
222
216
216
220
206
212
295
219
226
264
217
215
227
224
229
223
268
241
211
223
226
206
218
206
192
220
228
211
239
253
237
235
532
205
231
227
332
223
239
229
242
225
228
203
224
198
258
206
227
221
240
210
246
251
217
203
213
230
204
227
203
191
239
197
195
232
201
198
230
216
202
225
184
240
209
204
233
238
199
199
195
229
228
211
178
249
255
197
236
282
186
198
201
250
200
184
210
208
204
196
254
258
334
328
260
196
215
218
207
226
246
197
198
240
199
202
204
199
245
203
214
206
192
230
197
194
203
196
252
191
203
190
184
241
221
198
218
198
195
255
200
178
181
191
211
231
267
187
218
229
240
179
186
207
192
187
241
187
207
214
196
209
194
175
244
183
214
199
182
232
183
228
192
191
220
215
208
182
214
230
225
222
227
227
223
199
230
244
240
232
223
197
198
219
246
224
198
214
231
197
167
219
200
232
223
215
200
216
165
171
225
226
205
224
165
223
172
207
225
172
223
207
228
232
210
255
249
199
230
221
218
213
162
223
226
220
228
225
211
241
224
200
167
210
232
209
225
228
215
158
189
213
219
223
175
504
208
243
172
232
230
238
237
237
274
219
217
237
232
200
216
214
173
192
214
235
212
198
203
337
222
228
213
220
213
226
215
213
193
208
222
208
226
228
233
202
187
232
224
209
235
216
208
223
218
164
220
233
199
196
207
217
233
166
164
152
158
199
150
163
170
169
170
176
200
172
165
204
207
154
166
182
165
207
184
162
171
159
155
162
153
182
163
184
223
164
152
165
158
168
201
227
162
162
162
174
189
155
166
219
186
161
161
143
183
213
178
204
154
163
190
157
165
162
214
203
140
187
152
247
165
184
174
153
171
158
193
158
155
159
162
191
170
170
177
200
177
202
226
156
203
172
150
156
187
196
164
179
162
151
218
158
156
154
166
155
153
159
167
154
191
149
157
165
156
202
188
171
180
154
200
158
159
164
178
169
163
156
212
204
171
190
164
157
164
153
166
179
200
210
228
227
215
212
225
251
213
262
226
224
196
214
229
214
201
229
205
223
250
217
213
213
244
320
209
203
230
222
233
216
193
214
223
229
225
222
242
224
249
191
216
223
237
209
214
234
224
242
220
206
263
208
212
213
234
222
209
233
224
208
241
211
215
226
214
224
196
233
318
216
219
211
213
211
251
312
213
348
199
202
210
238
216
200
225
242
241
209
197
220
236
324
235
214
195
218
308
230
218
233
240
207
249
219
218
234
225
245
236
220
228
259
237
196
197
234
351
191
213
225
192
263
221
240
204
228
236
218
212
249
219
260
201
234
243
237
184
268
193
687
347
251
196
219
287
220
234
421
208
273
246
253
218
265
200
244
219
236
219
198
231
193
229
197
225
191
214
222
202
212
229
268
333
220
245
282
252
206
204
287
216
256
198
261
295
211
323
243
302
223
210
203
239
188
224
240
219
209
191
220
