157
155
148
167
144
137
207
145
153
188
191
299
163
216
158
178
163
142
140
211
136
139
149
139
201
137
143
173
176
194
145
207
133
140
217
142
152
136
169
199
152
153
138
148
218
208
136
212
138
215
204
205
192
135
227
152
213
199
134
208
152
202
200
189
216
149
197
214
143
138
141
140
224
142
137
145
208
208
145
156
144
197
223
199
175
227
220
202
147
237
164
143
141
139
141
208
157
207
145
145
206
148
140
149
139
144
214
141
186
143
147
238
208
210
141
152
141
205
191
139
207
155
187
162
158
140
142
140
137
142
205
144
149
136
141
201
140
153
151
1226
134
147
148
142
206
154
145
135
136
144
173
144
138
128
205
142
149
141
161
136
157
148
204
142
143
140
149
137
140
139
196
138
157
154
154
170
153
141
213
140
203
139
142
167
144
135
153
139
207
140
210
148
156
181
126
417
154
210
138
156
142
140
215
144
151
205
150
214
218
213
138
215
139
143
136
214
142
144
156
142
223
219
222
142
136
151
145
207
136
215
149
143
205
133
200
209
153
179
145
212
216
205
143
159
192
231
201
155
151
224
213
139
145
149
201
205
206
142
139
218
216
151
200
142
149
129
152
197
140
432
147
143
145
133
140
179
139
131
213
144
194
136
192
190
139
137
134
136
141
137
198
129
130
157
145
202
194
146
193
127
190
196
138
201
121
205
186
153
200
135
142
202
151
204
162
184
139
184
187
148
135
132
139
194
128
133
132
129
194
142
146
145
133
204
126
153
212
146
132
131
126
187
131
200
126
135
134
128
147
204
138
132
132
142
191
133
191
135
131
192
143
131
160
148
157
136
146
194
191
133
210
141
199
183
137
199
135
203
207
137
205
139
194
138
157
199
129
191
202
135
186
139
132
156
141
201
138
211
238
241
228
177
155
152
128
199
143
195
192
212
150
125
136
129
170
198
144
208
133
200
206
150
135
194
159
192
197
203
141
129
187
135
192
180
149
135
202
130
212
152
160
211
154
202
175
124
233
148
241
209
198
131
253
226
147
144
130
211
152
217
148
123
188
138
200
129
204
128
140
194
131
195
151
126
136
141
135
160
191
162
134
185
154
180
192
142
192
138
186
158
137
140
124
128
187
131
131
206
175
286
150
229
140
145
134
198
136
204
144
206
207
236
194
128
164
133
184
177
144
221
154
201
128
197
187
138
191
190
140
134
130
174
161
216
127
133
177
153
131
192
134
130
6102
147
243
242
186
142
155
139
180
200
147
130
156
212
207
196
181
213
139
165
186
194
199
176
131
181
131
150
231
130
169
185
120
240
151
233
197
163
146
158
209
135
200
135
158
153
157
179
132
169
185
131
156
193
196
143
174
136
194
140
135
251
140
150
135
148
258
144
283
163
184
143
180
174
181
148
129
141
187
130
209
151
134
183
144
191
177
137
133
138
200
189
128
158
149
146
196
154
183
148
200
185
143
171
128
145
196
136
199
127
193
133
163
130
197
176
152
191
158
234
156
174
137
184
300
150
209
194
140
195
138
196
138
130
206
227
201
157
202
136
202
155
234
160
198
131
276
171
211
186
152
133
161
194
160
147
145
144
146
133
133
142
183
126
172
136
183
156
188
154
133
208
150
202
196
128
145
150
150
137
205
138
131
136
188
142
162
149
141
209
150
137
130
206
190
135
137
139
194
132
200
137
158
139
209
131
129
134
181
194
143
136
141
133
131
194
143
200
120
184
202
139
146
135
148
208
177
136
131
180
135
151
144
151
128
128
135
258
139
191
148
144
155
125
132
150
131
208
145
198
156
197
150
145
170
208
181
240
147
207
137
199
162
207
194
135
190
140
200
189
141
137
138
197
204
135
141
137
211
143
207
203
131
149
157
139
191
143
164
204
131
146
177
180
140
169
206
147
184
119
148
141
133
206
137
187
199
146
196
119
184
196
138
208
148
208
188
143
131
134
196
254
148
201
149
192
138
203
130
206
198
150
131
187
165
142
137
168
194
135
199
216
156
206
145
211
209
137
212
147
196
207
137
220
199
135
199
169
150
200
140
147
131
149
187
191
159
132
170
198
185
133
132
201
141
212
146
147
194
136
227
169
190
128
206
200
135
203
140
135
198
152
202
203
218
190
145
221
155
211
217
146
183
131
194
199
142
232
132
219
185
136
203
143
206
186
201
194
160
132
137
189
207
211
139
132
202
145
145
211
161
193
135
144
199
132
153
170
245
163
132
178
195
234
206
152
158
156
184
183
131
201
200
134
152
199
152
201
