66
41
41
63
63
120
84
72
65
60
58
60
68
44
123
81
56
48
79
39
75
53
38
87
59
84
75
49
72
46
76
86
47
67
41
78
76
48
51
79
57
46
40
44
39
44
45
50
48
49
48
50
41
77
46
40
51
55
72
60
40
80
44
41
42
85
84
39
47
58
46
70
39
72
44
78
47
63
39
49
85
40
40
74
64
78
47
81
76
42
75
49
92
74
76
50
39
42
74
48
34
60
52
43
43
41
75
41
74
47
46
45
80
42
40
44
40
40
93
53
41
52
42
40
42
49
40
71
42
42
42
42
76
43
39
44
48
40
82
65
57
71
60
72
45
48
58
68
63
72
55
40
40
46
67
53
78
46
58
40
66
39
71
73
40
49
41
40
41
66
44
62
44
40
42
46
53
72
76
41
41
42
40
43
41
41
40
83
43
44
51
49
34
63
56
50
60
77
85
41
77
67
44
48
44
79
40
50
88
63
50
50
43
43
45
41
52
62
58
75
79
43
49
41
43
46
46
63
44
43
68
42
59
60
64
74
56
74
77
42
44
44
83
46
82
97
43
56
44
48
78
56
79
42
88
53
52
44
44
50
55
50
42
52
76
43
48
93
43
72
74
45
51
46
73
50
77
60
87
44
45
44
43
53
70
51
65
60
70
61
67
47
73
54
43
78
53
44
103
48
76
44
74
45
52
75
49
43
75
50
81
58
51
74
44
54
61
49
55
55
45
51
80
74
44
79
52
42
51
50
44
73
82
56
45
44
43
80
48
45
52
44
78
49
44
64
74
102
104
85
52
45
43
52
63
88
49
64
52
75
52
52
44
58
86
45
72
64
64
84
52
74
62
41
53
75
51
52
46
44
92
59
84
63
77
41
69
43
52
51
51
57
86
78
51
72
42
42
43
63
80
62
72
51
58
67
53
53
79
74
86
61
81
72
41
69
51
108
51
69
108
47
64
85
62
53
70
60
40
101
48
75
61
74
60
85
85
55
39
88
93
65
58
43
116
59
49
59
39
49
66
94
73
73
76
82
85
72
82
77
91
46
40
43
61
66
73
48
46
79
56
42
39
49
42
60
40
68
68
57
85
70
62
57
60
74
122
79
76
84
113
76
84
76
90
58
73
86
74
63
57
38
50
53
75
46
80
47
56
57
61
44
41
63
58
59
73
69
73
53
58
52
50
64
63
58
83
57
77
40
101
72
42
72
75
41
71
51
70
53
42
47
50
63
75
40
49
68
48
41
41
39
40
74
42
75
50
40
40
40
54
63
45
56
74
54
67
40
40
47
53
48
72
39
52
70
41
44
78
38
50
42
38
40
78
32
40
66
58
76
39
42
44
53
46
84
42
47
74
76
46
85
55
48
39
52
55
75
41
73
40
52
43
48
42
41
46
45
40
58
42
45
44
61
53
89
51
58
92
44
51
39
46
41
72
52
40
84
50
59
44
48
67
39
55
41
53
43
69
42
72
40
45
81
57
50
74
56
47
41
56
45
77
64
40
78
39
96
46
47
44
49
46
83
47
44
64
38
38
47
51
76
52
72
50
46
48
87
79
67
65
42
72
55
47
90
83
42
33
49
45
80
45
72
85
44
73
39
40
50
50
62
59
44
48
49
46
89
72
73
38
40
41
42
41
57
65
44
49
67
60
42
55
51
46
57
65
53
51
48
40
80
39
50
46
42
50
81
40
41
74
52
48
50
67
73
40
41
46
39
38
83
79
54
48
41
80
39
43
74
38
40
57
40
49
41
38
35
43
42
44
39
50
44
50
39
46
47
55
44
55
43
54
68
51
46
74
48
53
41
42
59
77
59
65
46
39
44
49
41
74
54
40
60
46
47
70
45
42
47
40
40
52
49
62
52
72
58
45
76
41
45
39
39
39
86
39
70
40
41
41
38
72
49
87
48
45
82
47
48
51
42
41
75
43
90
50
44
63
46
42
59
47
50
67
57
78
42
42
67
44
48
42
44
47
42
45
73
42
42
57
49
44
63
45
55
53
78
49
41
40
77
49
41
80
38
41
43
44
54
61
44
114
43
70
47
51
76
44
41
40
33
48
44
51
76
41
62
49
41
52
48
55
73
40
41
41
45
88
41
50
62
44
56
66
43
51
40
44
47
42
50
56
53
48
42
44
67
53
62
40
51
48
48
58
66
72
42
46
52
42
70
47
78
51
45
53
39
73
68
40
39
82
47
44
39
41
68
49
53
70
41
42
43
76
70
92
58
47
61
40
77
42
50
72
54
45
48
40
44
