188
200
243
278
349
309
242
235
248
188
189
177
196
180
197
240
204
248
191
178
182
180
210
192
246
198
189
243
191
217
203
277
276
263
236
183
268
209
244
206
188
193
187
220
191
238
196
194
195
237
186
199
247
218
406
206
190
228
206
251
187
256
192
201
213
196
203
201
243
243
205
190
201
268
233
215
213
205
257
221
224
206
371
199
197
202
215
218
205
212
241
181
202
242
215
240
186
198
230
198
214
212
241
195
208
192
254
222
205
208
196
199
235
280
341
207
244
313
200
211
200
205
211
197
235
203
192
193
213
206
260
195
246
258
244
216
217
212
224
243
225
209
201
214
242
228
242
225
209
214
247
254
227
244
241
254
253
288
209
253
218
217
232
279
280
292
269
239
272
232
214
243
237
197
268
200
209
216
217
202
196
245
237
203
206
236
200
838
204
348
317
236
225
274
236
225
226
230
383
228
220
239
232
245
284
246
244
249
211
233
327
229
248
319
238
232
289
241
238
333
279
297
252
262
239
256
243
428
241
330
280
245
235
243
222
264
229
254
280
242
220
358
252
241
242
235
236
212
247
271
327
230
230
240
247
320
241
331
227
245
276
263
227
235
240
254
231
224
230
211
228
227
232
243
286
218
278
201
250
223
227
221
253
230
226
301
259
228
262
272
260
217
230
215
258
217
218
213
218
213
223
284
193
274
279
467
229
232
219
211
349
197
227
293
224
221
200
220
218
214
320
186
264
231
234
196
215
205
226
284
329
304
278
218
211
219
216
240
207
200
203
227
220
219
208
215
212
220
241
276
189
288
606
155
197
171
178
171
370
185
318
166
218
220
259
246
223
176
172
210
169
234
170
200
172
189
222
171
167
170
162
181
179
232
177
170
161
222
164
184
212
208
205
166
171
168
173
169
197
250
163
167
163
188
194
164
236
232
191
201
153
176
213
161
227
168
162
187
171
202
172
231
201
164
170
167
164
156
195
170
156
166
180
206
172
177
168
164
162
162
4050
163
247
160
177
156
157
228
165
196
163
158
161
164
163
185
190
162
248
158
162
195
172
159
157
222
172
222
160
167
157
175
161
167
251
189
177
221
166
158
161
173
219
168
229
157
157
220
165
203
162
188
155
241
155
157
199
154
157
170
164
206
159
154
175
150
157
164
202
216
166
161
156
155
166
159
200
194
158
170
159
158
137
236
160
159
227
166
155
191
206
209
161
223
157
150
176
203
205
177
172
180
235
182
176
165
176
230
180
167
184
168
188
181
178
161
181
184
180
187
173
208
213
317
401
223
240
185
220
190
227
207
223
171
167
169
172
480
169
192
213
185
239
175
158
249
224
175
180
172
178
170
230
184
169
174
224
187
167
182
167
181
167
168
174
173
178
180
179
171
162
159
164
171
176
202
170
167
176
162
224
160
165
172
193
220
160
232
174
175
175
172
223
168
167
162
180
216
175
201
174
176
234
164
258
182
177
173
175
230
175
180
174
174
169
159
174
171
167
251
162
163
214
222
166
166
215
171
192
180
177
173
163
241
176
173
172
177
236
240
172
186
176
160
168
209
177
236
166
164
173
209
173
223
171
172
181
172
164
222
175
176
168
221
216
226
172
190
171
167
232
170
167
189
165
218
187
218
190
225
177
160
172
178
172
171
216
180
281
249
242
209
201
187
213
241
202
201
205
231
207
210
192
183
262
178
171
197
206
177
221
225
202
192
170
232
190
185
194
189
179
205
218
201
183
215
177
197
204
192
175
182
175
189
180
258
238
362
294
249
280
229
195
179
197
237
230
193
178
185
196
171
198
197
203
216
186
191
168
186
179
195
239
180
209
249
198
183
274
250
214
194
181
187
230
202
204
195
234
180
192
206
179
229
213
196
217
197
253
181
248
190
200
204
188
196
186
239
185
226
170
209
194
208
206
187
192
199
208
213
206
190
204
186
185
190
182
242
183
193
188
185
222
183
182
231
186
179
232
184
268
206
196
212
196
243
187
189
222
182
173
208
207
204
231
177
185
200
183
173
215
186
211
195
194
195
194
215
190
184
204
188
205
203
183
196
204
196
215
220
199
187
200
194
181
220
209
188
239
210
193
205
184
201
166
179
200
173
171
171
224
175
219
182
173
194
191
175
175
205
178
170
215
188
172
170
219
176
171
172
170
178
183
172
153
158
208
174
179
198
169
173
176
172
186
182
186
176
176
179
175
180
197
177
178
168
171
191
165
178
177
193
178
170
177
202
175
182
163
162
170
180
175
169
208
171
182
174
179
231
