71
44
42
43
41
54
69
77
101
93
63
57
75
112
67
116
59
57
55
84
93
41
32
46
85
40
68
73
73
74
40
42
103
54
41
67
72
39
85
40
72
86
83
62
76
135
131
134
79
111
136
96
74
88
97
72
52
56
87
82
116
65
47
54
48
79
44
85
108
81
40
79
107
71
73
77
39
62
39
80
69
73
84
39
48
41
71
41
81
55
39
45
78
86
77
134
82
92
67
40
39
40
33
42
67
71
74
79
39
71
62
71
69
40
71
77
62
77
68
40
77
83
41
38
64
76
40
45
42
77
85
87
43
78
42
86
78
70
41
41
77
82
75
40
40
33
78
46
77
39
40
39
52
70
80
81
74
63
40
39
76
79
32
66
61
76
86
76
40
74
38
44
78
61
50
49
109
61
78
65
59
59
77
60
39
81
67
39
102
42
78
175
64
41
40
45
68
67
72
75
48
46
67
45
74
62
70
86
96
81
80
69
46
45
51
53
41
72
48
54
48
66
49
50
98
75
73
46
99
39
75
52
39
48
84
40
78
45
51
70
69
82
44
88
50
54
50
74
60
79
38
76
66
41
78
65
65
52
64
79
46
75
40
79
41
78
81
82
74
38
33
43
75
39
82
94
61
44
69
75
39
64
74
74
76
41
72
67
77
54
40
78
69
39
46
74
38
40
88
74
82
47
89
42
76
39
69
46
42
38
73
43
84
86
93
74
39
75
50
78
73
65
40
41
40
71
65
73
85
49
47
39
71
39
83
67
46
40
72
40
71
70
40
76
77
79
47
91
42
51
82
51
93
79
72
43
80
82
83
70
53
43
34
69
44
81
60
83
46
46
65
38
67
74
33
71
40
48
70
74
42
39
28
64
40
55
40
67
93
50
79
72
41
40
40
32
38
41
75
78
42
73
42
40
58
40
38
27
77
78
68
67
82
40
42
65
60
76
71
79
41
74
73
77
50
38
85
46
48
77
72
88
39
40
79
41
64
42
42
73
66
76
48
71
39
78
41
75
38
81
51
44
42
35
43
74
99
70
68
66
78
43
49
40
40
41
88
41
69
82
70
52
43
39
77
74
66
62
40
39
40
70
77
77
67
73
40
46
95
71
83
102
59
55
62
72
35
47
58
105
85
54
70
59
82
66
97
88
46
47
44
43
68
56
52
41
43
76
61
85
78
41
37
72
76
69
71
40
42
69
72
76
95
103
63
58
91
57
64
45
89
57
69
90
85
32
41
52
105
66
81
107
52
78
76
72
73
39
83
57
82
40
40
79
45
73
60
85
52
45
58
40
62
73
63
73
74
41
90
39
42
39
103
96
86
85
111
83
72
46
60
53
41
41
67
43
81
65
40
39
40
52
91
70
100
100
43
42
78
85
73
79
155
44
93
81
60
40
74
75
41
120
71
99
78
56
68
39
79
74
39
73
82
40
74
79
85
72
88
82
71
39
32
90
77
77
46
39
40
48
85
66
32
64
49
57
78
71
184
108
73
106
86
42
57
72
91
38
93
49
126
58
70
495
113
61
77
72
41
77
39
41
156
74
96
69
70
48
47
55
131
85
46
46
87
39
68
41
45
44
42
69
67
84
40
79
43
49
76
87
82
43
60
47
59
41
55
105
81
86
122
77
78
59
41
72
39
50
88
68
40
76
40
42
82
76
68
66
65
40
77
36
57
64
110
109
102
81
47
54
123
109
69
45
52
84
44
83
79
83
45
86
68
56
62
87
77
64
83
110
46
85
39
48
47
77
42
65
62
75
42
85
82
74
78
75
39
41
77
47
69
67
88
65
39
66
32
74
44
52
78
42
46
80
91
68
44
43
83
38
77
38
39
84
70
64
43
91
87
34
41
82
40
86
41
44
39
39
75
45
39
77
72
83
40
42
38
41
83
38
76
89
39
42
43
32
38
76
38
32
70
64
43
42
42
43
44
77
84
42
105
86
40
94
75
42
80
40
119
78
57
85
49
44
63
40
62
43
72
74
46
51
43
39
76
75
39
65
41
42
84
63
40
126
41
65
40
70
93
40
39
76
40
76
62
70
42
43
80
80
91
75
43
43
40
43
76
40
78
87
89
60
67
77
44
44
74
32
78
38
81
68
88
39
104
68
41
72
82
82
39
84
39
90
47
100
74
39
85
39
63
40
39
40
69
63
79
39
43
71
81
41
123
80
72
32
40
76
39
39
77
40
40
75
84
69
80
77
44
35
77
68
75
62
68
48
42
41
67
50
75
48
48
97
69
74
76
40
49
75
