46
42
45
52
56
71
50
81
54
40
44
44
48
85
50
53
47
87
85
81
48
47
63
46
78
52
59
46
44
44
73
52
51
49
53
84
43
53
49
50
61
42
60
42
59
76
46
44
40
56
96
42
52
58
82
52
85
42
48
73
78
55
83
42
62
41
51
91
74
42
43
83
48
61
83
52
51
54
77
42
42
64
44
42
91
50
44
43
42
48
72
51
50
49
40
53
39
47
42
74
41
49
42
39
50
41
48
71
40
48
58
80
49
57
83
49
43
79
41
51
39
46
52
47
56
51
40
41
110
48
49
49
74
45
42
41
53
41
56
46
82
52
49
47
52
44
45
50
53
81
54
57
64
50
55
66
50
60
53
55
43
42
43
60
41
59
50
45
42
51
56
45
44
47
42
48
63
51
51
48
46
54
86
48
54
85
68
64
60
59
78
51
44
42
43
71
52
45
42
83
44
41
53
54
47
52
48
44
51
52
45
52
52
45
57
44
49
49
64
65
61
45
53
46
45
54
45
56
46
62
144
75
47
48
47
49
81
46
52
55
46
45
45
77
103
45
46
97
59
47
56
44
59
47
57
44
47
44
50
52
47
70
53
59
97
47
53
82
45
48
45
48
45
89
45
46
51
48
44
47
48
46
46
49
65
47
47
54
55
54
56
45
55
52
54
48
43
46
44
56
44
45
42
44
44
52
53
43
44
51
55
55
80
46
43
43
42
85
44
50
43
42
49
52
41
50
43
50
43
44
50
76
41
51
54
83
41
34
41
77
68
50
57
49
50
59
55
68
52
89
41
50
53
49
60
42
86
51
50
41
43
69
51
77
41
50
43
68
43
43
41
54
90
54
42
44
58
40
81
52
43
43
42
83
52
51
47
61
60
72
42
42
47
78
44
47
59
54
82
39
44
41
79
51
51
43
42
67
56
40
51
47
89
50
43
48
42
54
58
54
54
80
47
48
43
89
40
44
39
53
73
48
45
43
44
44
54
43
82
42
43
56
49
52
44
55
53
90
49
59
54
46
42
56
43
41
72
48
53
52
78
52
42
49
68
50
39
63
47
49
86
53
55
60
67
49
61
55
49
40
76
47
49
41
51
79
60
43
45
56
48
43
54
65
47
42
82
54
40
50
52
75
42
59
40
53
66
50
88
54
42
49
52
42
54
114
76
42
55
42
73
44
59
43
58
71
42
42
68
41
52
49
42
67
43
40
40
60
42
48
48
71
48
45
42
42
78
59
42
41
54
52
33
50
45
78
41
42
78
46
51
52
70
43
50
41
45
40
60
52
41
86
44
39
47
46
51
40
44
65
53
48
78
71
40
57
49
43
65
61
47
40
44
46
82
46
52
64
63
74
50
47
41
40
42
41
57
52
71
41
56
46
51
74
50
49
60
56
60
59
39
52
41
50
42
48
69
60
43
45
40
44
84
50
53
49
42
75
42
40
80
42
45
47
42
46
79
45
40
44
41
50
42
42
45
44
70
45
52
62
48
56
41
50
80
77
47
47
53
43
52
61
55
63
60
52
48
42
39
42
48
54
68
40
59
71
52
48
52
40
41
60
47
65
54
41
41
56
75
44
61
60
63
87
50
41
48
52
58
49
46
54
71
48
51
60
49
42
40
70
52
43
47
50
60
78
54
52
62
50
78
38
60
65
55
50
57
41
50
53
39
85
42
69
82
46
48
42
42
47
42
43
76
47
40
42
41
74
41
40
45
59
40
42
41
47
40
82
47
54
73
75
49
48
49
76
76
54
47
53
42
59
80
41
43
66
41
41
50
77
43
40
46
51
72
42
75
52
55
49
41
49
40
53
76
40
79
45
41
66
51
49
43
46
41
50
68
50
50
49
45
42
43
44
78
52
57
41
76
45
48
55
62
42
49
62
53
41
49
52
50
44
51
48
48
49
43
42
56
42
84
43
48
42
74
42
44
46
83
76
44
43
49
62
90
50
45
43
41
48
40
42
54
76
41
50
73
42
43
43
43
50
55
48
51
76
52
41
45
41
42
42
43
82
39
42
43
42
52
45
40
53
55
47
48
49
78
50
61
73
72
61
42
54
51
50
82
43
49
49
62
43
46
53
67
41
54
42
79
78
42
53
48
53
82
40
45
52
72
60
52
41
46
82
40
50
48
55
40
75
42
52
50
57
70
61
49
48
63
42
42
50
75
58
42
75
59
54
72
46
51
89
64
46
52
54
42
43
42
39
38
60
45
42
44
73
76
70
48
71
72
46
59
75
51
51
56
53
40
40
