69
78
83
42
82
43
83
45
34
38
49
46
104
47
98
53
89
43
48
57
80
139
141
58
71
111
111
101
83
84
62
78
99
114
72
99
99
136
84
113
111
92
145
117
137
101
145
133
80
125
192
229
92
106
72
85
54
81
40
99
43
40
43
39
98
64
40
65
57
96
84
41
38
75
64
39
40
42
43
84
69
41
71
79
41
38
50
39
41
41
38
81
68
75
40
103
40
74
38
68
45
61
41
84
73
45
67
40
81
43
42
92
84
75
66
67
38
39
46
49
89
75
43
67
82
76
83
41
47
79
74
85
60
34
62
46
42
46
87
84
79
68
41
66
78
62
41
73
39
72
75
71
82
40
42
71
41
84
41
42
39
39
41
67
65
41
71
38
40
39
73
41
88
39
40
38
73
41
38
76
39
68
94
41
93
39
43
39
84
40
42
53
39
38
76
69
78
51
42
80
67
71
71
40
40
74
60
71
66
41
111
41
76
46
75
42
43
39
79
40
74
86
68
40
41
92
100
95
67
77
42
74
77
82
39
40
41
74
41
77
41
41
40
89
76
44
40
40
40
83
40
85
46
40
39
82
39
39
46
39
44
41
80
86
42
40
42
44
68
80
44
74
41
40
83
66
65
39
75
40
60
85
83
40
49
39
42
55
74
46
72
57
51
78
85
40
78
75
42
43
40
40
74
66
51
40
69
40
68
39
40
38
72
42
82
74
38
77
40
32
40
40
39
44
88
41
90
39
112
40
39
41
42
39
40
87
39
66
73
69
66
46
79
73
38
70
52
43
73
39
76
87
39
41
70
51
66
77
46
72
78
77
79
74
47
53
87
69
44
55
52
73
109
90
76
62
78
101
67
63
95
42
33
84
74
71
85
61
78
71
40
76
80
63
76
39
44
81
43
53
78
43
48
53
49
68
88
46
62
75
57
78
46
41
75
67
70
77
80
58
48
77
69
90
78
39
62
75
68
69
83
50
71
63
69
82
62
40
73
42
79
69
79
46
46
111
111
95
49
49
65
64
39
75
53
289
53
71
75
55
39
87
71
66
41
63
40
80
62
73
40
161
40
45
41
67
47
44
40
42
88
66
84
83
38
49
71
83
42
68
67
38
70
80
81
75
84
37
45
40
71
72
39
93
40
42
40
87
67
72
80
44
79
44
85
73
82
38
73
83
81
87
40
42
32
72
41
78
39
80
122
67
68
67
79
40
51
91
59
79
76
87
66
73
74
56
40
39
69
77
40
79
67
39
83
61
72
67
77
41
32
39
81
38
61
44
40
77
68
42
74
76
40
41
64
39
71
45
82
94
44
53
122
78
60
41
46
79
64
45
39
41
67
42
42
69
41
58
79
68
63
60
40
71
79
78
70
66
40
102
50
81
52
55
44
76
40
64
57
70
48
64
71
69
40
66
40
42
69
57
76
60
39
42
69
39
65
81
42
40
97
42
71
59
41
40
41
70
41
41
67
40
82
62
40
42
42
50
83
70
39
45
60
32
73
61
65
49
44
44
69
39
65
40
41
46
74
42
75
39
40
63
62
69
73
41
69
64
74
78
72
41
59
87
41
76
65
39
90
62
40
52
59
40
40
72
40
73
71
40
89
40
42
43
79
42
40
39
43
39
79
68
40
68
41
64
78
46
49
78
48
69
55
73
40
82
43
42
46
3511
47
40
88
48
90
42
55
97
69
78
67
56
80
70
44
45
38
46
69
102
40
54
41
40
40
68
42
72
78
81
40
70
32
42
40
40
42
43
40
41
79
74
68
39
77
42
43
41
77
39
40
83
44
44
43
41
39
76
72
38
71
75
40
43
62
50
44
64
40
58
77
73
65
45
40
85
67
80
44
43
71
42
90
81
40
40
77
39
42
74
70
42
49
43
39
79
69
51
39
84
42
79
46
41
49
78
117
52
76
106
99
63
82
44
79
72
68
63
71
32
79
46
39
73
63
46
77
66
43
49
40
48
60
41
42
80
71
77
46
40
41
32
31
59
69
76
44
42
25
73
77
45
53
60
40
35
83
42
39
68
41
75
79
42
43
35
39
61
78
45
39
55
42
74
65
59
40
72
41
44
34
42
40
71
69
57
67
63
42
74
65
48
68
73
57
65
79
42
31
40
87
65
69
42
82
60
76
66
40
44
68
67
42
40
74
40
73
77
74
114
107
62
81
80
107
90
201
69
115
68
54
48
59
56
66
56
48
48
64
63
69
80
64
41
74
44
58
40
41
97
88
43
44
47
77
98
43
83
42
74
