69
46
56
64
42
86
83
81
42
66
69
59
78
82
66
60
80
70
44
74
73
56
43
66
67
54
67
70
61
42
66
77
78
43
74
58
92
42
71
55
50
49
70
61
64
90
56
51
71
69
44
43
62
66
55
75
42
63
127
57
68
52
79
50
64
62
68
42
77
51
82
51
73
55
60
62
42
43
60
62
50
42
91
74
70
64
61
74
44
64
75
78
45
83
48
96
52
60
81
57
71
69
89
79
40
72
67
75
80
42
80
67
50
35
41
87
74
68
84
46
68
85
76
50
27
78
79
80
49
42
76
71
78
50
66
60
88
73
43
72
42
85
80
52
45
42
76
50
49
78
77
71
51
42
77
66
76
49
42
47
75
76
190
42
100
84
76
76
72
49
77
76
51
74
43
73
71
57
76
43
78
86
70
79
49
85
75
39
49
85
90
64
69
68
89
42
86
67
69
81
47
86
53
70
39
78
92
86
72
65
64
79
75
68
82
46
91
71
72
44
77
59
69
81
46
95
43
73
76
39
44
80
80
67
79
39
84
65
61
39
42
78
77
62
39
41
71
64
70
80
49
69
67
67
61
40
65
77
78
78
75
41
81
65
61
43
101
67
71
62
74
39
80
60
74
62
39
79
76
48
64
39
39
60
62
42
84
67
50
50
57
84
78
64
46
50
79
84
64
78
92
42
76
74
46
95
79
114
72
46
40
86
67
80
51
40
78
106
80
46
73
88
81
82
70
50
29
81
39
77
78
76
86
76
80
93
74
46
73
77
66
97
69
41
43
81
78
77
108
76
77
68
93
73
70
62
72
76
60
69
67
63
46
75
83
78
69
56
41
70
83
76
68
83
42
93
80
50
64
78
124
95
67
58
144
72
74
73
57
40
83
43
66
49
83
93
64
50
66
51
86
64
80
82
73
63
65
89
71
42
78
83
59
74
50
78
57
44
71
67
72
66
74
66
48
43
65
50
51
90
60
52
60
59
83
46
71
60
71
45
42
79
76
50
59
64
65
72
72
43
84
73
65
71
41
38
71
66
55
82
84
57
72
57
47
81
70
49
42
42
80
63
56
69
41
72
67
70
65
68
80
64
69
65
40
42
71
61
56
43
71
83
54
64
70
43
43
76
67
50
42
74
66
58
53
67
42
90
77
55
67
43
66
70
78
41
83
78
71
62
45
88
41
64
59
82
66
41
69
60
58
34
42
59
66
76
74
71
86
55
59
63
43
70
63
52
33
65
66
59
54
74
80
63
78
63
61
69
43
54
74
82
67
75
60
76
67
43
35
77
62
55
42
56
70
69
72
85
42
74
62
74
48
68
90
72
70
51
91
35
69
79
87
42
63
61
42
55
90
77
62
73
88
65
64
49
62
66
52
46
62
44
75
63
61
62
49
42
42
69
76
49
59
44
43
67
79
61
57
51
52
88
66
68
38
63
83
60
70
51
61
71
68
89
49
87
89
51
79
72
48
98
62
84
80
115
116
79
91
74
63
100
115
84
138
92
88
130
140
69
76
62
56
41
91
73
57
49
62
65
68
40
81
73
66
43
42
81
72
80
55
44
60
68
64
71
42
43
87
65
64
70
43
68
67
47
71
75
63
71
107
75
70
62
65
68
84
86
65
76
74
77
76
72
77
91
59
51
48
69
41
75
70
62
77
88
62
49
67
44
74
85
49
68
82
26
76
73
96
39
77
69
65
73
71
80
75
75
75
26
39
64
70
93
44
83
70
70
70
43
81
68
79
80
32
83
65
74
76
44
62
73
60
72
58
70
83
49
75
32
65
77
69
103
82
86
76
57
81
41
62
70
93
41
85
64
61
70
65
66
67
57
79
77
79
80
73
79
44
88
66
63
74
80
39
73
83
86
73
87
79
73
71
87
40
84
77
60
88
75
86
49
82
76
87
41
73
87
76
62
42
84
68
84
65
35
83
66
70
84
39
69
64
73
43
84
81
81
71
64
57
63
69
61
72
81
75
75
77
75
35
87
77
69
66
57
64
83
60
77
32
78
77
59
85
76
43
79
74
67
40
76
81
83
69
66
70
62
65
72
70
42
92
75
62
73
73
73
78
62
71
42
75
63
43
78
40
72
63
86
71
67
87
61
61
57
41
38
68
67
61
38
78
51
59
49
61
69
50
66
66
64
69
66
50
40
76
70
97
51
94
62
76
54
62
57
62
67
60
46
70
43
60
67
47
50
68
61
59
78
50
75
88
70
82
42
42
59
57
75
42
70
64
81
62
52
94
151
64
47
