129
157
155
150
164
182
138
247
146
168
182
154
123
123
192
201
180
123
149
127
177
171
178
156
133
174
125
135
155
130
122
168
173
178
112
167
122
167
123
180
179
126
123
292
191
171
172
127
114
111
171
163
160
108
156
172
139
164
194
137
102
142
130
183
131
155
157
180
186
192
200
191
147
143
171
206
152
225
240
213
207
157
227
191
218
212
211
243
267
234
160
202
165
198
180
183
183
144
232
137
194
162
129
180
190
170
166
150
118
175
169
155
123
160
141
131
136
236
251
210
316
207
329
209
318
275
207
206
149
260
160
163
115
155
173
162
159
165
169
172
177
186
157
120
115
175
112
162
168
169
197
171
164
164
172
132
168
127
187
160
160
266
154
174
156
170
108
170
132
159
153
166
123
124
170
159
168
171
157
129
118
172
174
182
130
161
173
202
215
212
175
179
169
161
122
113
156
187
168
190
170
173
177
155
150
173
168
164
171
165
157
159
161
180
162
167
149
264
185
185
131
174
182
121
130
122
189
155
172
117
122
185
179
173
126
166
118
167
159
159
173
153
164
164
127
119
171
124
121
165
167
157
154
176
172
167
165
121
160
172
153
116
176
147
163
168
119
167
165
153
118
191
125
103
178
173
173
157
125
164
159
174
150
161
158
110
114
161
150
134
189
165
175
172
168
121
186
168
128
117
156
140
121
159
170
163
119
149
164
161
126
110
179
170
157
105
160
172
165
150
148
168
144
130
164
169
190
128
160
185
187
178
161
168
183
133
161
164
143
121
116
179
180
136
131
98
124
111
142
187
139
170
176
113
121
210
112
177
133
143
137
155
123
194
181
122
169
151
158
122
150
130
160
128
161
133
182
167
172
130
206
179
131
171
136
185
180
134
165
168
184
194
173
173
180
167
180
161
136
178
109
167
160
147
157
174
115
146
159
182
104
186
219
165
172
174
165
206
162
172
157
162
168
187
124
171
164
163
190
189
147
148
186
182
155
114
166
129
181
149
158
104
114
156
167
180
125
114
185
171
162
166
157
164
114
175
178
154
131
137
171
179
169
166
168
167
165
173
188
166
165
112
113
166
162
147
177
168
127
172
167
114
167
114
141
98
151
165
99
164
174
159
130
112
178
188
109
130
198
167
114
170
175
160
118
120
180
168
114
105
190
142
173
177
180
167
169
158
172
158
151
115
190
154
137
150
163
183
178
123
182
178
126
137
184
177
164
167
170
172
184
138
157
130
130
140
187
136
127
102
170
180
129
175
120
169
115
167
192
139
112
164
115
183
139
131
117
104
135
112
167
164
125
186
175
167
217
178
116
149
124
145
184
165
164
177
170
174
162
139
173
123
167
162
118
117
179
159
168
166
175
189
156
165
151
180
214
162
207
146
244
220
135
181
166
152
122
127
131
183
158
121
112
131
131
189
119
157
132
154
127
166
175
171
186
109
152
166
169
134
126
106
183
162
153
150
123
166
123
132
159
120
133
179
179
137
177
156
160
167
123
177
127
128
160
143
152
157
184
163
161
120
192
108
185
162
133
192
169
161
163
169
172
161
153
153
164
162
139
222
138
156
132
173
165
154
137
113
174
159
131
188
121
130
176
158
161
156
169
111
162
160
169
181
118
164
172
167
167
150
162
165
181
191
154
177
167
165
165
177
186
174
132
109
168
131
172
136
154
129
169
165
184
157
125
119
167
151
180
133
159
169
148
190
205
180
130
137
171
172
175
177
162
179
161
172
156
161
139
127
192
127
127
165
174
153
163
150
165
171
180
129
154
166
153
145
186
159
165
160
146
161
153
170
171
166
148
165
172
152
153
170
130
154
165
171
155
211
165
159
173
173
168
175
159
171
185
178
161
163
185
180
188
169
151
174
164
151
161
166
156
153
175
187
139
150
166
180
139
146
193
172
200
149
112
164
129
145
129
117
172
175
176
161
129
121
166
108
140
188
179
128
172
158
182
171
124
169
133
155
169
161
148
140
155
152
170
171
132
159
166
170
172
166
134
135
169
139
131
175
182
117
138
189
167
132
139
159
134
181
182
142
131
203
114
138
168
183
164
185
177
165
140
153
138
163
159
172
185
197
179
178
153
152
168
133
181
137
163
136
117
167
163
203
142
185
209
133
151
139
159
148
165
174
137
170
165
174
141
127
191
148
126
197
157
167
134
134
152
182
187
128
174
152
171
160
194
175
142
166
167
160
149
171
132
160
154
174
161
156
145
153
174
164
187
189
165
162
168
151
166
158
165
161
156
170
171
166
122
112
