160
135
147
136
234
158
168
148
162
160
149
235
148
159
163
164
148
176
165
230
158
151
177
150
164
169
220
154
151
162
230
222
239
239
236
154
162
230
168
161
156
144
154
153
236
165
237
184
146
159
152
148
147
251
153
146
245
172
242
160
235
216
176
153
150
233
159
159
212
153
154
144
165
230
157
153
169
217
164
167
162
149
236
160
142
167
161
225
158
156
155
164
217
163
228
146
155
156
149
211
152
164
162
175
253
150
155
167
152
254
158
151
164
203
220
167
178
164
156
236
208
164
215
161
157
160
200
268
169
234
160
155
158
150
235
163
158
153
165
155
156
156
154
231
152
155
150
157
160
189
185
174
159
152
143
182
157
165
161
177
231
164
172
171
163
157
153
154
210
168
156
211
146
157
233
163
171
205
215
212
149
149
162
172
222
160
162
157
221
154
173
164
175
150
165
160
228
167
181
158
161
155
163
158
162
163
218
160
149
153
150
157
182
166
152
158
233
166
157
157
140
163
155
181
140
150
147
161
158
162
157
165
162
172
191
162
174
168
172
161
162
188
236
166
175
159
232
160
166
161
159
175
143
216
162
163
162
177
226
147
173
148
191
200
138
143
144
165
213
195
145
163
150
142
151
162
164
176
210
215
146
159
151
154
153
164
156
152
139
157
160
157
138
152
159
220
149
151
207
161
166
148
191
162
204
204
147
226
140
157
210
149
190
143
170
148
146
212
151
229
156
145
203
144
163
158
166
207
145
147
154
150
142
149
219
147
166
200
161
147
147
209
159
212
146
147
210
141
148
157
211
211
145
160
152
216
158
167
201
148
162
149
209
146
156
148
197
218
147
149
148
197
194
149
145
254
253
214
159
226
148
166
166
160
204
150
158
155
218
156
169
155
232
161
163
168
151
213
155
218
223
218
211
222
155
159
152
230
155
160
227
153
198
220
228
150
215
140
141
208
160
195
160
147
160
170
152
148
157
145
154
217
138
163
161
174
219
147
206
206
145
211
217
216
148
148
148
237
214
179
139
148
201
207
146
187
218
143
138
135
140
167
209
151
161
151
201
218
150
143
153
154
146
150
174
148
145
158
147
202
140
146
165
148
144
211
151
143
216
161
166
211
145
154
156
166
148
165
207
146
146
160
165
221
143
155
127
140
154
141
169
166
160
197
167
150
143
161
140
152
148
205
142
167
159
179
156
156
214
164
157
155
131
156
206
150
146
143
160
209
143
145
157
149
142
161
144
207
146
141
148
154
155
221
148
147
147
147
143
151
215
155
149
168
142
199
168
145
170
161
202
147
157
151
220
208
157
157
150
149
149
145
146
206
168
136
140
150
149
150
154
198
212
177
144
146
144
161
155
206
151
155
170
200
149
172
152
200
149
150
151
150
200
143
135
217
145
149
145
169
151
143
147
154
148
157
197
147
157
169
150
159
137
152
148
149
157
160
194
208
147
200
145
130
147
147
140
147
155
153
224
213
212
140
144
145
153
172
198
146
145
199
191
145
206
142
146
145
151
153
151
184
203
142
149
142
139
143
210
154
152
162
182
132
133
144
129
174
148
134
142
192
179
131
189
150
149
135
181
131
140
195
131
129
126
186
174
125
130
125
195
135
136
137
131
173
136
157
138
148
195
143
154
144
143
162
147
144
153
153
144
134
183
141
133
128
160
190
134
131
135
148
135
138
151
146
145
146
185
150
136
138
145
161
190
135
144
147
134
145
148
194
141
131
131
141
186
134
134
147
192
137
131
142
138
144
136
134
141
135
199
135
136
202
130
140
150
149
186
144
138
143
139
137
133
134
133
139
144
189
131
133
133
151
186
144
131
132
130
131
144
159
133
187
139
155
136
197
183
143
141
134
200
140
188
171
165
167
227
148
160
151
219
149
158
163
165
220
206
150
157
148
153
146
164
156
155
234
156
226
156
211
217
151
158
154
155
160
206
136
160
148
238
161
156
172
160
232
225
165
198
156
208
160
149
172
163
225
154
152
150
248
160
158
163
154
215
163
167
171
146
154
154
229
222
157
173
146
205
158
171
165
159
171
224
175
161
230
155
159
153
154
221
154
149
148
152
222
152
153
171
153
149
168
155
211
219
149
174
167
209
170
150
158
165
169
213
162
145
149
149
156
152
231
169
160
154
149
157
148
145
225
148
171
220
162
223
147
160
162
151
261
157
175
160
231
247
255
178
254
210
172
183
184
255
168
244
176
177
230
229
178
177
166
163
179
209
171
177
203
171
152
215
156
164
211
166
168
217
164
