54
42
51
85
38
51
46
40
39
39
46
40
76
52
83
77
46
42
51
79
72
82
53
34
90
80
41
72
374
39
81
77
43
39
90
87
40
49
40
77
41
84
78
83
73
88
95
40
82
92
52
71
75
52
118
83
69
84
77
74
51
39
49
45
108
82
39
65
73
48
91
60
40
41
55
90
76
48
74
60
74
59
86
39
45
67
81
42
53
47
41
38
39
94
46
41
47
41
77
70
49
51
46
50
49
46
76
60
38
40
46
78
41
55
46
59
44
58
67
47
56
66
48
40
46
41
48
76
41
55
68
43
52
40
74
51
43
48
43
47
67
44
39
38
40
39
91
51
59
59
58
49
79
41
55
84
49
52
97
74
42
94
40
39
40
48
58
44
85
76
47
89
40
47
58
80
57
70
79
41
57
54
56
40
40
45
45
71
302
142
45
47
47
57
78
82
37
41
51
59
83
49
39
45
43
48
54
40
42
53
67
64
41
49
40
53
73
42
41
67
38
47
48
46
44
70
43
47
81
76
45
80
68
41
86
79
42
86
47
49
84
49
63
68
70
68
75
55
47
108
68
47
74
92
50
97
82
87
79
76
58
66
39
67
88
78
57
82
66
88
41
46
54
64
66
65
53
69
53
82
47
44
66
50
71
45
45
86
57
53
77
47
47
40
69
45
39
42
55
47
42
46
47
96
87
41
39
39
53
81
40
59
49
67
46
47
70
39
59
45
50
57
37
60
69
50
65
82
47
87
62
40
62
41
73
71
65
43
81
56
41
86
66
43
60
56
49
40
74
42
49
106
48
73
40
83
84
51
42
92
44
55
62
68
63
87
56
75
83
40
45
85
58
80
84
93
128
106
82
65
72
64
99
56
40
87
100
48
49
47
67
43
50
46
82
89
50
46
86
40
63
45
43
41
45
40
47
57
36
46
60
68
49
57
43
52
68
54
77
57
71
70
225
66
93
42
42
74
77
42
42
53
61
88
50
49
43
42
43
50
77
56
44
55
52
101
48
78
44
55
42
83
89
71
49
97
73
51
61
72
43
43
93
84
45
107
56
75
53
53
77
81
51
100
52
51
44
79
44
53
74
44
42
95
46
40
84
70
49
68
70
72
73
34
52
43
42
81
42
59
76
84
83
42
103
49
54
132
72
69
74
47
74
51
60
78
42
43
60
73
77
98
90
71
62
72
73
75
83
48
40
39
72
58
76
74
47
58
49
84
40
95
61
84
86
78
76
82
77
80
90
69
78
68
42
56
81
73
66
47
48
26
52
64
63
56
101
44
45
79
57
111
93
69
76
50
61
74
68
68
74
43
52
42
80
77
39
49
44
86
76
39
84
70
46
68
48
76
38
68
66
51
74
71
89
56
45
85
47
58
57
43
49
65
33
84
86
50
39
83
62
85
62
89
65
52
71
45
63
40
48
68
99
75
80
50
76
88
51
41
78
43
48
59
76
90
88
82
81
63
51
77
68
45
41
45
42
81
81
38
41
46
47
62
65
74
66
47
42
99
71
90
71
59
52
59
43
41
42
49
40
51
41
40
39
48
39
48
47
76
51
83
40
42
41
40
43
56
50
82
49
52
45
59
51
74
45
77
71
42
62
64
46
59
72
37
46
38
48
42
74
79
80
50
71
50
78
39
57
76
60
66
49
84
40
78
40
38
76
68
40
41
51
82
72
49
87
40
42
54
45
55
40
44
75
68
37
39
84
59
45
46
75
41
47
51
53
45
87
49
52
63
40
59
48
40
40
63
40
40
40
46
77
73
46
76
52
43
40
40
71
84
45
42
42
40
40
38
48
82
42
92
72
66
81
64
59
41
37
39
52
41
33
81
41
41
46
42
47
69
40
55
78
47
45
39
55
69
59
41
54
79
49
82
67
39
39
73
45
87
77
48
78
79
46
76
74
46
40
82
60
95
77
48
76
37
38
71
73
49
45
41
70
80
55
79
74
47
68
40
48
53
40
45
72
55
72
40
41
75
85
45
46
42
87
44
75
69
46
67
78
49
51
42
40
74
39
43
75
39
39
40
70
61
65
72
41
52
62
40
51
64
40
49
48
41
43
48
38
39
40
66
71
66
51
39
40
42
46
53
78
39
40
84
46
49
40
86
48
53
66
40
41
47
48
76
62
59
47
48
53
46
84
66
41
48
52
42
83
73
42
38
82
41
45
38
39
46
48
54
71
67
64
71
56
75
67
67
83
66
101
57
62
73
41
48
46
54
43
83
48
49
63
39
39
38
45
77
60
41
