71
34
94
59
74
39
41
73
72
39
41
47
50
82
40
75
82
68
38
91
99
94
83
130
100
78
77
45
50
46
50
80
47
81
49
51
39
41
38
44
82
44
71
104
106
77
70
83
78
47
85
82
81
84
50
66
73
53
42
80
39
84
38
57
81
69
63
40
41
101
43
66
41
73
41
87
72
32
47
81
64
39
41
67
81
39
52
46
53
42
46
42
86
44
66
76
74
49
51
45
75
59
47
40
80
41
42
79
43
39
46
41
58
48
34
47
66
76
52
50
40
42
41
94
77
79
33
41
42
92
41
55
75
79
50
44
72
48
70
91
49
44
43
42
46
52
61
40
48
44
49
74
41
80
43
41
41
64
43
32
40
42
53
45
47
42
49
65
43
55
42
40
77
40
44
54
72
39
45
40
42
79
47
49
42
69
33
73
78
66
39
70
61
40
40
79
72
62
41
64
40
43
79
41
79
41
82
44
76
49
60
78
42
47
94
103
63
80
44
80
52
40
48
83
82
81
96
94
82
75
56
40
54
81
46
71
41
42
46
81
41
83
44
48
61
53
76
67
83
43
61
52
77
65
41
35
74
77
78
76
79
44
74
42
59
195
82
68
78
80
69
64
54
63
74
66
42
41
42
38
72
65
42
87
42
94
60
97
36
54
103
41
43
89
48
49
42
41
66
42
43
43
76
43
75
42
77
51
67
42
44
66
52
51
71
75
50
43
48
80
71
43
51
43
43
64
60
43
52
45
54
43
75
58
44
80
82
72
44
79
48
45
52
51
74
79
58
77
45
103
61
44
69
44
62
44
79
68
44
44
77
64
56
50
78
71
44
44
45
84
62
50
44
51
52
44
46
44
53
45
47
90
48
88
44
46
47
57
73
47
97
53
46
47
44
46
81
37
51
55
46
103
88
94
55
89
69
77
92
52
44
45
71
44
44
52
80
57
182
59
49
45
82
45
48
128
47
47
87
91
64
121
101
80
86
64
60
89
84
46
81
47
68
98
93
52
65
79
104
61
51
47
45
56
47
49
60
84
89
94
56
78
95
60
58
80
55
48
77
56
54
81
38
67
77
86
55
55
106
62
52
75
100
48
76
45
47
45
55
45
52
141
69
61
55
106
83
45
46
102
108
106
12509
45
44
55
72
46
44
83
89
76
92
80
44
84
47
96
63
84
47
46
73
47
46
56
45
75
80
48
95
46
38
53
89
53
87
85
57
87
46
44
48
50
79
70
81
90
176
43
91
46
44
46
54
51
56
71
46
75
44
68
50
45
52
44
52
52
51
81
59
46
36
44
54
47
49
69
51
54
45
97
45
56
85
52
72
44
53
68
54
48
54
76
65
52
50
81
46
49
49
75
45
47
51
87
81
52
55
45
54
43
49
73
44
44
52
44
47
53
51
95
51
48
79
45
47
47
56
45
55
44
47
50
51
72
85
76
44
51
74
55
52
44
87
56
61
45
67
48
42
54
48
51
46
50
43
71
47
68
76
49
49
50
62
47
50
51
44
59
76
51
44
69
78
45
48
84
52
50
48
79
62
70
44
71
65
46
44
44
43
42
62
44
63
67
42
51
73
45
52
45
45
50
60
63
77
43
67
41
40
110
92
91
40
45
47
88
43
87
49
106
43
44
43
86
49
43
101
60
88
70
77
70
67
81
77
49
44
99
49
43
78
51
81
50
79
43
41
50
81
52
41
66
42
103
53
43
52
73
44
73
50
69
42
84
52
50
81
86
74
79
79
84
45
43
35
75
44
73
42
52
50
41
40
87
80
43
49
43
72
47
43
44
75
41
63
40
83
50
75
43
53
45
71
74
41
43
44
45
50
80
86
44
35
88
75
43
49
79
69
42
49
56
48
67
41
81
42
76
44
35
81
73
41
41
69
61
68
43
74
44
56
53
49
43
42
53
50
64
49
73
48
42
52
61
44
35
42
70
70
75
40
69
46
41
48
48
72
50
42
54
70
46
49
73
87
78
48
68
42
63
82
42
66
50
74
78
83
43
41
42
47
43
42
46
44
78
46
45
70
73
52
56
42
72
46
41
43
84
60
43
40
48
74
68
42
71
84
42
44
41
51
86
42
63
47
61
42
67
73
82
32
85
42
43
82
69
44
41
42
63
40
75
74
42
86
43
40
78
68
45
41
62
49
88
43
66
79
63
44
42
71
43
46
73
50
60
56
83
44
46
83
49
49
60
92
73
58
74
46
47
46
46
51
85
45
89
75
91
46
45
45
47
76
44
74
47
47
94
