143
142
140
156
210
188
139
141
146
177
138
168
149
156
148
205
142
145
145
213
143
143
141
198
143
141
164
233
141
155
158
155
147
154
157
154
161
196
187
156
162
143
206
137
189
142
151
160
212
160
157
152
214
141
153
149
214
228
160
154
208
165
156
197
163
146
145
191
146
200
146
140
141
205
163
219
209
148
217
147
195
189
156
143
198
143
206
154
208
204
142
220
202
150
143
207
145
144
141
138
138
144
221
152
157
143
140
156
203
137
210
163
169
213
214
150
209
141
151
141
160
133
208
153
160
148
192
143
218
213
143
165
203
191
149
145
206
215
181
152
151
176
165
150
218
146
129
142
196
149
217
156
139
128
143
161
155
144
160
209
156
208
196
154
150
219
137
190
140
144
139
153
181
156
135
154
205
144
146
172
193
210
156
205
151
148
159
192
153
213
211
147
147
199
140
170
200
223
148
142
143
157
149
193
143
168
194
150
138
143
142
142
143
136
150
139
160
147
168
151
140
143
187
159
155
146
149
149
129
144
184
141
184
145
202
144
143
196
199
143
157
152
245
207
141
195
145
138
163
173
176
149
162
146
167
151
157
150
150
140
151
168
201
165
167
167
201
148
165
155
143
165
155
204
176
207
201
232
152
144
156
150
183
194
160
165
219
143
205
160
199
144
162
145
150
157
177
183
148
151
150
194
152
146
143
159
158
179
159
137
153
197
162
168
204
172
202
159
235
140
144
169
169
150
155
139
145
153
145
147
151
148
153
147
156
164
161
149
167
146
146
165
154
167
156
214
178
174
157
145
153
155
149
153
156
151
162
166
168
156
156
170
160
199
197
218
149
188
171
158
217
153
223
169
217
151
240
144
223
165
200
219
209
234
159
152
150
205
147
208
162
148
178
203
206
143
158
148
163
151
148
151
142
149
140
144
205
162
173
143
208
144
146
149
147
216
160
203
146
212
161
216
145
152
147
155
159
139
160
143
166
149
164
215
214
169
152
188
165
205
156
129
163
200
198
145
164
153
163
147
143
150
149
146
160
151
134
149
149
150
141
161
150
155
151
148
209
146
151
165
193
146
202
147
157
208
172
162
196
156
162
145
148
142
148
150
148
143
153
144
153
163
151
167
166
153
156
164
160
160
161
163
148
157
206
159
176
190
143
154
153
165
206
152
154
161
146
152
154
160
161
188
155
152
155
156
157
156
150
155
151
160
161
155
159
156
177
217
154
162
160
152
152
152
210
150
164
207
200
159
156
175
208
158
181
151
224
210
150
161
161
201
226
148
158
149
220
145
149
159
194
160
147
149
219
174
159
198
216
169
153
211
156
160
174
199
151
149
149
163
158
147
153
162
232
155
148
167
195
146
149
161
206
143
173
157
206
192
145
151
168
159
180
207
142
152
154
143
164
201
144
150
155
219
148
143
161
198
144
145
155
153
161
218
191
152
146
154
203
151
163
224
230
151
154
148
218
151
179
224
146
149
153
151
163
218
151
154
148
151
161
153
165
167
151
167
156
163
154
215
203
171
175
165
165
213
154
160
157
157
157
147
159
155
155
172
163
157
153
146
156
148
158
147
158
168
209
210
188
174
168
216
167
165
169
210
164
153
165
154
147
158
149
176
157
147
150
187
215
210
227
158
197
148
211
168
151
160
218
220
171
151
153
157
178
149
217
164
166
227
160
160
227
179
167
146
149
217
170
151
245
290
168
158
149
155
156
164
165
164
226
203
157
151
157
167
220
175
163
149
225
210
216
165
745
172
154
180
152
165
158
175
170
234
163
154
157
226
167
168
164
152
165
216
169
161
160
159
159
155
173
237
225
152
154
224
236
155
154
159
234
172
166
163
141
162
156
178
142
225
148
151
167
232
160
161
166
165
223
160
230
153
216
167
159
191
232
157
223
157
157
164
244
156
162
157
153
171
153
156
158
156
229
163
177
169
154
218
200
208
155
221
228
160
171
223
149
230
151
235
229
160
167
166
161
227
158
156
169
153
228
158
152
150
207
160
232
151
162
160
157
185
157
164
151
168
158
170
247
150
237
154
159
161
166
148
233
147
153
227
158
156
157
158
158
181
235
248
221
153
192
147
210
157
229
172
183
254
171
154
159
250
222
159
154
156
233
151
160
147
154
161
162
154
244
163
156
149
137
211
135
147
138
206
137
150
143
197
143
129
135
192
149
136
140
139
189
149
158
150
152
135
150
146
142
150
144
139
140
139
147
139
142
139
140
149
137
150
149
146
241
190
144
143
149
194
147
143
141
199
