166
158
154
214
152
172
140
146
142
152
149
205
145
146
160
162
162
152
185
216
186
168
185
174
165
169
171
172
165
249
176
298
203
205
165
160
237
231
157
150
165
173
243
156
167
159
171
163
158
158
236
172
161
162
156
203
150
182
164
142
151
191
157
164
166
160
165
155
164
172
154
168
227
238
154
156
159
159
163
162
166
195
158
151
243
174
151
169
244
143
156
162
205
151
166
160
165
155
152
158
232
159
163
163
160
218
163
245
176
163
246
175
172
163
248
159
153
211
164
162
235
162
153
162
175
159
158
242
165
156
172
156
153
168
220
162
167
218
158
152
203
152
146
215
224
141
143
215
151
142
215
153
149
205
184
175
176
241
219
151
227
222
193
204
149
212
150
154
149
153
144
155
158
142
211
142
152
154
236
146
152
155
146
146
218
143
141
157
164
162
206
141
157
205
153
143
147
155
169
153
151
154
149
149
206
162
151
243
216
141
161
146
147
150
146
165
207
204
159
153
162
171
145
153
217
162
157
251
243
146
159
159
145
219
148
149
204
162
149
145
222
145
152
152
157
151
155
150
157
211
148
153
221
204
163
147
215
219
149
153
155
160
158
146
158
237
164
143
224
157
150
144
149
141
148
214
158
228
156
142
228
203
153
145
140
200
143
150
144
157
214
149
147
145
143
142
226
150
166
196
150
168
212
151
152
150
147
195
153
208
158
163
201
151
145
206
143
159
150
146
144
154
141
155
143
148
159
146
143
141
146
186
140
142
150
269
146
141
144
139
147
134
210
153
147
211
142
147
205
156
148
140
164
157
149
194
144
203
161
145
208
146
153
210
206
140
219
215
152
152
201
169
145
205
212
170
198
172
144
150
155
153
161
159
152
166
237
154
172
157
177
157
158
160
236
158
164
179
156
164
234
154
153
157
152
161
173
155
189
155
192
163
164
157
148
152
161
153
149
236
145
174
162
167
231
257
159
152
166
173
150
242
155
172
238
246
152
238
153
157
168
152
146
230
150
158
182
152
249
244
157
154
244
170
187
148
235
145
246
160
172
239
180
167
147
157
155
153
226
158
163
158
242
176
160
157
167
184
164
169
159
242
159
164
159
154
186
147
164
173
163
160
159
137
207
140
170
237
154
152
151
156
218
146
163
208
147
140
314
152
141
237
228
157
139
150
208
146
147
214
213
145
216
236
184
150
147
149
212
144
144
155
156
156
199
158
148
162
149
143
151
145
137
142
215
143
148
220
146
147
225
147
141
204
147
155
219
145
148
152
144
145
158
144
143
144
214
153
144
160
139
212
142
141
140
152
144
150
143
142
148
154
209
145
156
142
147
211
155
161
158
149
159
213
143
169
150
165
226
222
143
232
217
158
166
145
156
235
159
143
143
167
158
152
152
144
154
162
147
225
146
151
207
213
229
143
209
222
151
151
157
152
220
149
161
207
143
142
216
152
151
164
141
161
156
140
149
217
159
149
152
143
145
154
152
143
210
146
155
223
145
160
211
139
149
221
223
216
224
214
149
151
158
136
216
198
143
149
139
215
146
161
143
210
157
151
219
201
193
139
152
233
206
149
148
229
144
151
226
222
146
136
155
212
217
159
148
213
139
149
190
146
139
206
143
167
218
147
149
144
166
143
141
145
148
208
151
165
208
170
196
180
188
152
144
148
220
146
162
143
219
146
151
150
155
144
161
137
152
190
129
135
134
142
133
139
137
146
293
137
148
186
151
148
191
134
140
138
150
159
133
204
141
131
131
134
199
177
139
126
161
172
137
147
167
187
157
140
135
141
145
150
201
140
142
145
142
161
146
187
208
153
153
151
144
208
146
136
154
151
196
147
139
199
158
156
143
143
152
142
142
141
177
178
196
157
133
193
165
182
161
139
144
142
196
137
144
167
201
192
157
148
203
254
158
142
135
158
209
138
128
192
136
146
167
156
146
182
138
155
196
199
139
207
194
154
135
189
160
157
134
199
142
203
165
179
151
137
138
142
202
209
149
139
141
214
135
136
218
136
139
202
146
136
139
133
138
143
168
145
152
205
154
140
226
143
144
212
221
143
158
151
145
143
147
140
203
141
140
187
159
156
144
145
146
213
140
144
206
159
140
195
137
144
202
146
147
143
163
143
152
158
213
145
144
137
140
217
153
155
155
136
137
144
139
139
145
147
181
136
153
142
158
175
159
195
143
224
150
145
139
144
145
210
144
203
146
147
151
180
134
152
146
138
206
132
146
146
151
136
205
203
214
154
209
151
168
163
148
158
