41
44
85
80
75
77
62
63
60
74
52
40
42
41
82
77
69
64
50
80
40
67
85
40
69
80
66
62
64
95
55
178
75
59
65
71
63
58
75
80
45
72
52
78
70
64
94
75
67
71
34
42
84
65
59
51
88
83
55
82
55
71
53
55
70
42
35
52
71
48
64
56
45
42
77
69
60
53
58
42
67
71
44
58
41
49
63
52
49
75
82
66
59
57
66
74
67
71
76
42
66
62
46
71
50
44
41
61
42
72
66
61
63
43
42
74
73
68
52
68
41
71
42
78
79
146
68
67
47
93
72
74
73
73
65
52
66
79
83
68
63
52
59
35
73
65
58
67
76
65
81
73
72
50
55
69
90
44
78
70
50
52
51
42
63
49
79
44
63
78
52
58
42
80
42
68
70
75
70
64
66
74
52
51
42
42
80
78
63
57
61
73
87
70
373
103
68
75
48
148
41
42
71
85
64
77
67
56
82
49
41
82
93
50
49
41
76
80
55
72
108
64
78
45
75
80
42
43
74
67
48
78
65
75
89
61
53
73
63
52
45
48
69
60
78
60
80
76
85
41
76
77
71
60
54
43
35
53
75
65
52
81
67
73
73
70
69
65
42
44
80
61
68
74
75
71
44
89
35
62
79
56
69
42
79
73
82
43
72
74
68
49
90
78
97
50
80
82
67
69
41
42
78
69
65
63
59
49
72
49
41
66
89
43
48
80
69
71
89
69
70
89
78
67
46
81
43
92
69
73
72
71
88
58
49
66
78
44
69
67
49
51
41
94
70
71
78
65
67
63
89
78
77
43
79
72
44
64
79
72
83
56
61
69
69
65
49
85
78
50
101
87
50
86
45
73
84
109
89
93
97
70
71
108
112
71
127
105
62
88
95
70
62
49
49
89
39
43
74
58
73
50
74
71
79
49
75
65
50
69
63
74
68
55
50
43
183
61
56
75
42
43
73
78
68
63
47
66
65
45
71
68
74
43
76
42
52
58
63
50
64
64
43
66
66
65
42
67
69
72
62
38
59
78
42
45
67
41
76
42
76
42
80
85
49
73
70
56
41
112
47
42
42
75
72
61
67
55
53
65
59
63
44
82
92
73
65
32
34
44
78
59
56
61
65
66
62
52
84
62
63
99
123
204
84
113
93
84
78
55
66
74
50
69
71
42
75
70
69
78
67
50
49
69
50
50
42
71
80
78
43
70
65
55
67
84
81
97
79
42
67
35
71
74
69
49
59
80
41
42
69
53
67
62
46
64
42
81
79
42
69
132
56
64
57
70
73
50
79
78
79
58
57
49
68
47
79
53
50
65
75
43
41
77
62
68
73
66
58
70
63
62
65
61
51
77
43
64
62
44
42
78
66
63
67
40
43
42
82
59
72
93
74
75
49
85
44
43
41
90
61
94
69
79
69
42
43
43
80
78
84
50
71
50
42
82
82
75
64
95
71
51
40
80
76
56
68
83
45
56
45
50
66
51
71
50
42
84
62
70
65
47
44
44
72
82
67
51
41
53
44
72
41
96
75
75
49
79
79
42
74
66
67
52
44
72
67
69
66
75
50
44
66
44
67
68
60
51
27
42
66
59
52
54
59
50
76
34
84
64
69
49
43
27
68
74
89
58
66
66
42
84
70
78
52
73
44
41
43
67
64
96
50
87
48
42
43
63
81
73
42
54
51
71
75
49
44
41
65
77
64
72
72
42
43
69
89
78
82
50
104
42
42
94
94
74
67
85
78
43
42
42
95
72
78
50
83
43
78
42
88
98
64
75
42
41
95
88
68
92
51
42
77
63
71
84
65
83
77
42
88
90
86
59
49
82
42
82
110
83
76
75
69
43
83
94
78
80
95
64
64
42
73
34
50
71
65
47
68
57
75
41
65
71
43
73
333
67
63
67
56
85
39
62
39
85
86
85
86
54
83
77
74
53
46
42
94
81
78
40
45
43
69
62
72
69
78
75
59
84
68
49
69
88
68
81
25
78
49
54
56
59
47
71
39
73
78
72
63
67
65
48
71
73
75
67
54
58
97
84
92
47
52
63
75
74
66
47
83
81
85
69
48
48
88
89
91
100
96
55
79
91
43
58
65
121
62
96
84
54
64
78
47
57
42
46
42
73
67
43
64
67
85
70
70
47
56
44
78
56
57
65
81
84
79
82
81
43
64
61
69
64
61
75
41
60
46
83
38
71
47
61
47
68
58
57
77
67
82
63
66
69
55
69
60
61
38
39
82
82
77
79
40
66
75
101
78
120
92
54
