92
58
96
43
65
84
52
80
41
85
41
45
77
83
48
38
77
78
39
42
41
40
48
73
39
87
54
50
42
71
73
51
46
64
48
40
78
47
84
48
72
38
92
48
44
44
65
75
40
44
71
82
51
40
39
49
39
91
44
77
77
56
41
78
39
93
40
40
50
45
83
50
71
47
38
42
114
88
60
40
53
55
52
49
45
70
52
40
85
77
46
76
46
77
45
43
49
86
38
43
52
80
45
75
48
84
89
73
45
73
41
92
82
53
68
80
60
91
89
46
45
84
76
76
60
74
46
51
48
86
46
69
50
88
42
38
83
42
89
54
47
40
45
44
49
41
75
42
58
58
51
56
49
81
48
41
52
41
39
38
78
69
71
50
78
85
51
79
78
77
71
55
84
88
46
97
42
94
46
42
40
49
46
39
42
87
38
89
73
53
41
73
52
95
41
86
42
47
51
81
134
44
47
43
71
41
82
50
81
48
51
39
42
76
44
46
44
50
47
74
41
65
49
70
40
49
48
40
40
42
86
41
50
41
78
68
42
51
50
74
68
42
40
73
51
42
43
39
48
41
58
57
48
47
41
43
75
47
53
41
68
73
41
47
50
74
50
44
42
43
56
83
40
48
88
68
43
41
40
59
42
42
49
86
52
43
42
43
59
88
52
51
45
61
45
52
60
48
46
43
58
52
67
80
77
55
47
91
44
89
42
54
42
70
63
43
59
44
73
60
106
78
45
45
43
49
55
43
53
51
62
61
42
45
56
81
44
51
50
44
88
83
48
93
43
64
45
44
89
44
91
46
88
44
79
42
57
42
44
111
44
50
43
89
52
64
53
50
53
44
57
45
63
82
101
54
46
47
49
67
46
53
54
45
57
45
52
65
117
57
47
47
44
45
46
46
58
105
47
47
86
46
65
97
55
45
63
78
62
43
52
73
44
49
43
81
44
65
47
85
43
45
63
63
81
42
60
51
51
62
49
44
34
53
52
45
44
44
60
42
41
69
52
76
88
71
41
73
42
43
42
55
89
42
86
48
76
51
41
82
61
42
74
43
43
74
49
49
84
49
49
53
57
41
48
49
41
43
67
47
41
71
40
59
48
50
43
46
40
61
45
53
73
49
42
81
42
42
40
88
62
47
49
77
39
59
86
40
74
58
47
50
39
49
76
51
52
52
44
71
42
65
60
46
41
42
41
48
81
48
47
83
39
50
41
69
49
77
42
64
49
75
42
54
41
82
41
47
56
72
55
78
57
39
53
82
53
70
55
68
59
50
41
58
42
47
91
59
85
42
43
42
60
48
39
73
45
53
41
52
40
90
49
40
46
49
65
59
51
41
39
40
41
59
41
85
43
45
51
61
39
41
62
67
50
48
52
52
43
91
49
40
45
56
45
55
71
47
76
81
57
46
40
38
41
48
53
52
48
45
42
42
42
49
54
76
59
55
85
43
50
47
44
42
51
53
41
55
46
53
53
66
39
90
51
41
48
46
41
56
50
49
42
42
68
47
41
67
55
67
58
55
44
77
48
57
81
85
40
40
44
39
53
50
56
54
44
70
48
40
52
78
53
70
44
58
49
38
65
51
41
47
40
42
39
41
46
46
44
40
39
39
60
46
49
45
49
45
40
61
52
62
40
42
47
40
46
42
52
49
59
52
57
50
39
47
48
60
40
47
39
53
58
40
49
47
48
48
56
53
53
75
52
69
40
57
40
83
57
55
55
39
38
79
41
57
43
42
58
51
75
95
91
61
55
71
86
93
57
64
42
47
59
46
55
50
62
42
45
39
40
39
40
81
53
45
41
81
42
42
51
39
40
42
77
45
43
47
74
44
38
41
49
81
46
45
38
46
63
41
53
60
60
64
83
64
70
43
74
45
53
45
41
50
71
40
64
56
51
41
45
49
45
45
41
54
52
49
90
51
48
44
71
42
69
58
46
73
86
63
84
48
94
42
75
40
77
48
48
38
45
64
45
40
41
74
51
59
40
41
38
43
53
38
45
48
53
40
46
51
48
39
74
42
56
41
43
83
50
73
39
40
42
62
83
46
63
46
50
48
48
71
49
43
40
67
39
41
38
46
93
62
91
56
48
48
75
40
66
47
57
46
75
42
39
53
76
58
38
47
38
49
53
39
38
46
51
40
39
62
40
87
60
86
61
81
45
53
39
50
87
52
45
50
85
61
75
53
40
43
39
42
48
47
44
39
49
42
39
76
42
49
41
79
45
48
49
49
44
53
82
40
79
49
40
51
41
39
38
42
