54
46
46
47
65
59
94
45
71
90
45
43
80
40
42
41
40
76
49
82
46
69
84
45
45
47
71
75
44
56
57
57
58
86
76
51
42
45
39
49
55
67
49
80
48
79
54
52
79
67
77
55
41
42
41
78
83
78
38
91
73
40
39
65
46
88
87
50
101
52
84
50
46
50
72
45
46
48
46
60
72
33
46
51
80
43
46
49
46
47
49
42
62
40
89
72
58
40
44
71
52
39
81
46
67
67
53
39
53
55
79
56
70
75
48
72
41
76
40
40
54
47
41
46
39
42
48
67
40
48
47
51
48
65
48
42
47
47
45
43
72
53
69
40
39
47
41
58
63
55
54
55
92
53
56
45
51
70
90
53
79
45
55
53
58
83
44
52
75
71
41
46
41
56
72
43
43
46
49
88
51
39
46
59
49
59
48
79
65
34
41
92
46
39
97
104
40
77
51
42
67
39
45
85
88
69
38
158
40
39
78
45
76
83
102
41
48
53
46
49
54
52
49
42
51
84
53
45
75
58
80
40
49
58
68
82
67
53
39
41
56
44
81
66
46
45
48
67
70
43
40
44
76
42
47
59
48
73
51
70
45
54
39
40
76
68
46
47
49
68
40
70
38
40
74
43
39
43
47
65
48
82
43
42
44
42
42
42
40
47
42
67
75
49
32
76
46
41
47
49
56
45
58
47
61
42
74
99
39
56
40
38
73
40
88
51
44
47
50
38
38
39
83
49
82
40
42
81
44
47
128
58
51
57
99
65
74
53
87
75
43
41
47
41
61
40
63
42
47
59
40
42
41
95
39
45
43
39
40
40
77
41
66
63
55
42
40
49
191
55
97
40
40
41
41
78
47
41
41
41
76
55
51
69
48
80
49
41
49
55
94
44
48
44
44
35
45
62
87
56
53
58
60
63
43
44
42
49
63
62
68
64
61
46
66
74
41
78
97
45
83
53
88
75
51
42
60
49
42
43
45
48
44
42
50
42
44
83
78
85
75
45
44
42
85
52
51
44
73
53
43
63
66
159
69
60
47
50
94
62
53
53
49
51
43
44
49
51
52
76
44
48
48
43
65
52
49
43
46
61
44
82
45
44
52
42
76
45
55
49
41
79
52
43
49
43
80
41
42
59
58
112
50
106
78
69
55
86
44
90
44
72
49
49
73
41
65
43
50
49
49
40
40
58
76
56
93
53
64
76
51
52
39
80
83
41
68
60
75
87
60
73
42
41
46
49
75
47
43
73
49
69
43
81
88
60
61
42
82
56
79
40
39
52
42
54
59
82
44
67
79
51
40
78
39
54
60
64
76
46
83
39
55
50
74
61
68
52
73
49
42
50
47
52
79
88
56
48
43
40
94
54
70
42
40
54
75
77
46
70
52
39
83
53
91
40
78
62
39
43
62
77
51
47
83
52
49
87
58
56
46
48
49
47
73
40
82
48
45
83
55
67
45
80
69
42
68
46
40
64
45
45
58
40
47
40
41
86
45
45
48
53
86
38
39
39
48
73
40
39
63
40
89
50
42
39
49
44
50
40
81
46
68
93
97
66
41
51
76
45
55
78
42
42
40
48
76
40
73
45
44
50
43
43
45
54
67
41
45
67
43
52
50
81
79
48
42
47
45
60
70
45
40
67
43
51
40
54
42
39
58
50
39
83
48
48
39
42
63
72
56
53
40
52
43
224
43
47
60
38
44
44
49
45
51
46
44
43
41
50
39
40
52
53
63
45
49
45
56
49
47
38
38
80
42
48
42
49
68
45
45
58
39
83
82
40
59
41
39
47
63
73
38
77
40
80
74
48
65
42
75
83
47
40
40
48
73
47
50
46
54
49
52
55
40
40
70
41
52
56
45
46
38
45
57
67
75
71
53
63
75
51
40
31
40
94
50
47
47
42
79
40
63
71
73
68
53
45
55
60
71
56
68
56
74
46
77
41
71
58
38
40
43
64
53
40
47
40
47
76
44
56
59
39
75
54
46
46
74
45
40
38
46
81
84
72
59
66
48
47
77
41
38
57
51
38
82
40
66
40
42
70
40
79
40
50
53
40
82
49
46
39
40
65
48
77
72
47
42
74
59
86
79
75
68
95
53
65
44
48
70
39
77
54
39
47
32
39
46
42
69
45
46
39
39
68
45
56
40
39
52
43
45
70
45
44
45
49
50
53
67
45
61
75
55
68
56
52
78
59
78
50
41
39
52
45
54
46
56
48
65
76
40
58
39
82
38
47
39
47
93
46
40
65
38
78
51
40
81
45
