176
136
178
129
127
133
167
142
198
154
184
194
187
166
172
189
179
188
151
191
182
139
219
160
193
221
183
295
258
220
268
263
279
246
187
287
193
256
226
201
243
292
269
238
236
311
276
229
237
265
131
166
289
207
151
285
265
258
217
272
263
240
273
285
279
300
275
221
167
240
215
171
207
280
258
232
276
318
211
240
139
151
135
196
125
162
174
240
294
274
196
218
227
237
259
279
199
139
110
121
125
173
109
126
170
133
159
124
134
133
134
123
180
120
109
128
121
176
118
117
111
194
169
135
124
122
179
132
133
131
121
173
174
195
172
136
178
125
124
133
189
144
177
188
124
191
129
189
123
176
127
159
139
135
186
123
184
128
182
111
111
190
127
164
164
198
133
134
130
125
172
110
184
125
118
164
109
169
143
109
108
122
136
178
186
161
158
130
123
170
186
182
125
132
174
137
178
124
136
191
139
184
180
129
131
206
175
129
137
283
184
205
204
170
193
191
147
146
209
163
167
148
154
146
206
146
142
206
202
144
138
131
174
135
181
138
201
176
121
172
175
180
121
176
190
169
183
186
137
186
132
116
201
201
128
140
133
139
159
145
146
148
172
168
195
121
139
128
187
235
133
139
181
194
128
167
130
181
134
205
122
195
125
182
134
134
138
136
188
137
134
135
130
133
172
277
126
181
126
129
124
136
177
189
176
111
136
165
143
164
167
242
225
179
234
286
231
184
123
128
186
126
125
125
198
118
170
178
145
191
129
178
121
124
194
138
123
180
131
123
120
118
126
184
137
182
144
195
212
129
117
142
134
203
127
213
207
201
128
129
127
189
215
241
154
154
187
184
121
129
149
170
135
127
190
193
136
142
143
194
148
134
143
186
136
147
128
139
190
198
185
161
145
129
204
187
210
131
154
243
193
134
127
196
119
197
192
163
209
145
133
120
128
144
122
197
194
201
127
184
156
201
151
138
155
146
130
201
204
149
128
192
142
143
153
182
196
154
199
131
194
125
136
202
136
158
195
132
127
131
138
181
135
205
147
152
134
163
134
135
183
135
132
174
203
143
161
173
134
203
140
159
128
207
167
138
194
135
135
123
138
131
179
156
172
209
152
138
120
121
135
137
202
141
134
119
135
202
141
187
191
145
223
145
129
135
185
114
138
134
128
196
136
141
146
143
143
199
139
190
166
189
205
127
158
191
136
143
124
129
134
147
134
134
145
185
209
135
138
136
185
195
136
122
161
142
120
146
143
143
219
191
154
128
286
199
133
184
169
159
175
137
189
134
145
121
141
137
135
183
207
191
190
148
177
128
192
179
143
134
126
194
136
118
144
135
168
202
201
151
134
172
330
275
355
198
282
311
353
203
136
208
172
146
154
136
145
131
143
142
142
147
183
153
178
145
188
189
128
185
135
181
209
127
144
128
132
192
132
130
206
128
187
129
144
129
140
180
174
199
213
150
164
173
194
194
126
155
303
244
142
160
151
200
189
211
177
160
134
146
131
206
127
187
147
136
153
189
183
147
212
194
163
196
143
180
139
127
126
200
148
194
187
146
134
145
195
140
200
154
144
197
144
233
135
157
151
187
135
205
201
150
215
138
181
184
179
194
142
193
121
144
131
189
143
157
144
134
193
192
200
140
132
157
146
197
148
130
126
135
133
152
152
143
128
196
195
179
132
135
142
243
182
202
210
180
141
133
121
185
153
135
142
195
182
143
127
180
136
125
129
141
195
185
137
191
146
201
204
138
147
175
158
130
130
137
157
139
196
136
147
206
133
182
149
203
131
146
148
181
196
203
180
222
132
203
192
140
211
132
163
160
140
202
139
228
194
150
125
149
142
144
194
189
146
149
134
139
204
146
158
122
143
141
138
131
151
185
133
159
151
134
128
156
140
148
142
136
151
192
120
202
193
150
174
158
191
132
140
148
136
145
131
194
209
142
123
158
141
149
141
127
163
190
213
140
149
148
191
191
143
188
215
141
203
186
140
128
137
158
179
180
228
279
248
210
238
239
132
193
158
169
191
161
216
149
212
176
160
133
197
138
124
211
146
151
206
152
145
192
197
143
140
134
202
141
217
200
134
270
137
196
150
195
132
193
126
143
192
128
206
204
181
185
130
133
144
185
189
147
199
160
217
203
194
141
136
202
158
152
140
134
194
190
150
228
199
186
213
138
197
181
295
159
139
185
175
123
34275
129
158
191
189
133
181
149
147
176
178
157
462
188
198
153
203
185
173
213
211
134
190
197
213
189
159
132
126
207
233
195
