221
178
188
243
212
182
230
246
274
222
243
225
209
303
185
203
226
190
199
198
227
195
184
186
224
213
227
193
213
202
184
186
192
209
211
198
221
210
179
188
222
203
198
198
224
214
194
185
203
195
189
191
223
184
186
179
216
213
197
195
186
189
180
199
222
189
222
193
212
195
183
212
222
194
214
218
231
190
223
216
223
185
225
183
193
189
206
207
213
200
207
196
189
188
211
212
202
187
206
224
228
184
188
239
288
349
262
257
208
235
193
180
200
254
221
188
187
235
183
225
193
214
214
205
164
197
202
197
215
185
211
185
188
210
216
205
181
213
194
216
186
198
213
223
190
167
178
199
185
187
187
201
225
210
203
191
183
184
200
196
214
177
217
206
184
179
210
224
213
184
215
222
196
193
180
174
227
207
185
218
190
169
191
198
174
225
195
210
175
174
215
182
208
205
214
185
175
194
192
198
192
211
180
207
186
179
199
239
232
211
204
201
198
205
201
203
223
203
196
194
204
196
205
176
196
217
194
211
184
191
199
213
196
244
246
215
194
212
195
370
214
384
195
196
232
216
185
198
229
216
218
198
218
198
210
183
219
216
225
205
197
235
230
236
283
228
284
293
334
231
305
234
232
195
179
180
172
168
193
212
203
170
190
204
226
198
201
160
206
185
161
185
188
222
190
161
241
219
225
158
189
216
159
173
196
240
227
194
227
223
221
243
190
206
177
207
208
205
284
293
228
254
303
205
222
230
332
190
201
185
218
234
276
282
275
315
480
234
171
243
193
220
166
188
380
202
169
215
286
223
203
217
218
178
198
184
229
199
214
270
190
246
192
168
206
236
185
192
249
239
206
286
240
226
195
194
283
263
262
248
828
280
257
212
203
251
190
230
184
212
181
246
175
230
310
204
262
296
291
249
264
165
213
159
206
193
213
203
210
189
185
190
184
184
200
172
303
230
218
248
227
277
337
252
411
189
253
256
315
280
208
182
185
222
203
201
196
163
170
177
171
223
222
406
193
309
205
238
168
161
190
178
230
279
317
168
203
223
181
208
199
216
171
209
223
196
187
198
266
163
232
241
268
225
189
170
192
173
205
175
196
158
206
246
157
170
225
168
185
203
173
174
183
219
225
207
315
393
223
226
212
223
180
201
193
225
191
194
228
214
182
204
175
173
538
208
207
181
166
207
195
162
218
213
174
162
183
199
186
236
203
203
191
188
194
177
188
160
272
238
244
181
218
169
168
192
219
156
210
204
209
759
203
159
194
199
161
214
198
185
175
218
189
211
201
198
224
300
426
187
219
225
192
206
205
185
185
204
227
193
188
224
219
197
197
381
201
225
197
188
240
192
238
195
241
217
232
202
220
194
187
226
212
243
240
238
173
186
233
206
217
184
233
222
209
365
245
208
193
215
201
195
192
253
186
206
189
198
188
207
183
229
221
181
311
201
228
208
249
214
180
248
239
245
203
214
271
248
206
198
211
230
190
204
233
221
235
185
248
196
200
240
257
212
342
311
335
292
272
251
243
175
223
186
241
224
210
230
307
233
205
232
187
215
209
232
258
200
197
221
245
185
235
210
198
223
252
226
247
204
243
207
189
193
393
249
218
242
190
189
218
223
191
191
184
230
219
391
235
249
289
189
186
211
500
422
206
286
338
223
185
277
511
227
243
248
221
219
232
192
205
648
246
181
286
241
236
338
219
237
237
186
199
207
266
207
238
193
216
227
178
218
206
255
191
220
218
208
177
234
227
260
198
227
245
3073
202
183
184
228
197
223
178
188
231
182
252
178
220
226
212
175
194
170
180
176
223
225
173
184
201
215
220
175
286
200
233
212
220
231
199
188
227
185
177
192
256
226
176
184
226
186
181
185
299
186
178
204
199
184
191
173
249
175
207
209
213
174
197
217
212
201
234
280
218
288
271
276
255
237
226
230
256
308
182
234
237
246
177
176
173
245
218
212
190
205
208
216
199
205
222
176
210
222
171
233
202
219
185
193
203
195
203
221
186
218
168
231
198
222
174
219
201
228
194
183
170
215
225
223
247
178
185
180
219
188
193
236
242
231
321
307
374
268
308
168
245
283
452
382
297
326
223
281
334
282
355
322
363
390
396
413
365
249
189
202
195
203
207
328
222
195
175
203
208
205
168
177
224
167
178
196
215
226
195
179
191
208
173
198
163
209
167
191
233
193
178
177
166
191
195
170
193
195
198
207
173
217
176
170
195
210
183
219
197
225
180
186
177
200
181
210
202
218
198
191
168
213
177
207
