188
190
196
197
179
298
198
218
276
282
316
342
309
255
209
231
295
314
207
279
313
198
186
193
219
189
208
188
215
174
189
181
186
214
200
174
175
189
169
177
142
207
161
208
208
187
243
163
193
154
198
201
169
195
206
191
197
197
189
179
180
181
169
218
213
194
230
174
184
199
193
204
198
197
169
180
201
217
192
191
188
197
198
193
168
186
192
205
183
181
183
425
153
184
192
179
167
209
180
189
267
183
181
211
198
144
153
202
180
194
192
194
206
210
188
184
206
193
181
185
216
173
185
201
203
177
214
181
287
177
200
183
200
189
169
214
182
308
205
197
189
169
164
219
197
183
169
191
176
170
181
192
212
196
175
187
165
174
189
221
209
179
214
160
197
180
209
184
162
169
185
160
167
191
175
201
198
168
158
215
160
184
181
1326
184
203
193
208
170
209
197
173
191
185
192
274
311
275
389
368
279
298
294
301
239
230
217
184
192
198
209
208
216
180
207
191
191
187
153
165
188
230
218
192
186
181
176
187
198
220
183
167
191
166
206
209
212
203
139
159
184
185
177
216
204
169
195
192
164
210
183
224
196
213
166
189
191
163
216
213
196
210
156
208
179
200
212
157
203
170
182
206
199
216
202
191
228
215
204
224
190
225
186
235
189
210
211
204
219
208
212
199
226
201
215
196
202
188
214
202
159
151
223
164
161
208
197
204
169
212
174
176
214
177
224
190
212
184
194
223
223
218
182
185
163
153
159
186
225
204
185
185
179
173
218
200
200
187
205
154
173
193
225
207
192
202
165
225
170
208
159
156
160
178
205
640
197
168
194
195
292
272
272
272
298
307
402
406
282
284
364
211
263
225
223
263
273
215
219
208
223
210
227
200
260
285
292
301
237
196
197
171
225
189
225
186
172
209
175
175
208
217
225
214
226
225
177
177
193
255
198
196
170
183
174
169
212
326
213
202
209
214
187
203
206
183
165
181
167
190
212
206
199
222
186
187
191
207
172
191
187
145
201
202
212
209
212
169
193
227
220
192
206
180
163
205
183
213
191
184
228
179
163
179
191
230
257
179
340
213
222
220
204
160
191
188
206
176
169
193
180
158
210
211
179
195
185
190
229
200
208
218
219
208
222
160
174
170
169
182
212
222
202
227
228
216
211
183
180
201
228
236
224
266
220
278
246
197
219
164
165
187
197
222
210
211
190
202
208
207
197
208
209
164
190
297
198
206
455
203
383
244
746
292
484
329
349
182
446
250
256
343
204
248
231
251
223
279
196
212
198
251
240
201
234
446
235
222
250
185
192
216
218
188
213
199
198
240
166
185
184
196
202
221
220
208
177
208
183
208
188
232
183
190
191
202
192
217
215
203
149
184
168
216
210
191
171
221
189
203
171
177
208
158
225
236
183
189
214
166
158
177
218
186
185
214
184
196
180
230
176
198
202
184
220
185
163
213
475
184
211
160
206
199
157
159
194
198
226
250
215
207
172
188
201
155
221
206
195
149
190
205
146
193
167
226
225
182
177
190
192
189
207
193
167
180
159
230
199
199
222
171
219
186
182
193
197
170
223
171
210
201
184
169
163
225
208
155
173
178
203
154
234
193
227
177
171
156
201
180
210
228
185
190
163
209
197
193
229
200
171
165
156
170
210
185
199
175
160
193
211
235
270
191
189
195
323
242
298
336
258
191
139
168
158
186
184
183
158
186
190
269
134
168
166
187
192
192
198
203
134
195
173
181
202
139
164
160
179
205
208
180
180
156
167
172
140
211
180
182
148
191
200
189
183
166
189
141
188
191
191
189
178
171
204
208
176
193
198
227
201
186
195
190
245
237
295
249
246
234
357
302
267
271
256
293
321
258
238
206
221
224
261
305
267
155
190
159
195
187
217
168
165
271
160
160
188
159
186
172
181
210
204
188
194
183
143
177
188
184
175
182
172
135
163
183
295
157
166
143
152
184
188
175
182
183
164
195
180
192
202
194
191
172
162
147
193
196
192
145
145
170
170
298
216
204
171
157
152
190
152
290
182
171
176
234
186
204
211
255
213
870
165
191
194
134
157
176
163
200
182
168
162
174
154
183
172
146
160
194
151
178
185
164
150
180
293
191
196
175
183
188
196
194
152
161
132
150
183
134
185
171
189
155
175
156
136
143
199
160
136
197
145
256
163
178
172
195
191
164
147
158
179
141
201
175
159
151
205
206
227
303
188
149
165
221
180
179
169
165
180
198
193
156
187
161
169
147
168
167
166
193
179
155
164
191
171
211
232
155
