50
46
75
41
83
41
42
49
40
39
61
57
40
75
41
56
73
43
62
50
85
48
50
85
52
39
42
47
85
63
51
41
45
43
61
60
74
45
84
76
53
77
92
73
49
41
46
41
46
70
43
41
72
50
42
87
43
82
40
47
82
46
40
43
48
69
41
43
51
39
60
77
42
42
84
54
47
89
118
42
51
42
48
49
42
43
44
43
71
79
35
62
42
81
82
45
43
56
48
43
41
57
78
57
53
79
87
46
43
43
86
56
43
77
47
42
90
68
49
71
49
50
69
83
54
44
50
79
78
42
53
76
49
63
59
49
50
58
47
73
42
44
41
45
42
51
72
43
51
84
50
57
60
86
70
88
42
44
43
52
44
43
44
50
43
58
78
93
87
84
97
42
51
59
45
52
45
51
45
46
85
65
67
48
45
45
48
93
47
47
48
52
44
46
52
44
44
50
43
50
44
54
46
51
44
44
72
48
46
48
49
46
59
54
96
58
47
54
47
52
47
62
46
44
57
56
46
52
46
43
44
54
44
53
47
53
53
44
53
46
87
46
75
44
44
44
45
44
54
46
47
80
51
51
48
53
82
49
43
81
47
50
57
49
50
44
71
51
45
80
42
60
44
63
49
40
48
43
70
52
49
62
44
47
41
43
62
48
50
55
43
42
42
44
51
68
49
43
50
51
78
44
60
71
40
67
47
54
40
52
61
60
47
51
52
75
40
44
83
59
41
87
42
42
78
56
48
42
56
43
43
45
57
52
48
94
43
42
47
73
75
41
51
48
60
81
51
50
62
48
42
49
78
52
52
91
42
35
70
71
48
40
40
48
51
78
61
44
78
87
57
49
51
42
52
47
56
78
49
70
51
40
75
79
61
49
77
50
51
81
54
48
48
39
82
49
83
71
45
49
38
40
68
72
46
46
41
40
64
42
63
82
42
56
41
42
68
52
61
82
49
55
51
60
47
58
41
56
71
55
50
48
48
41
85
50
69
67
60
74
47
39
81
41
50
40
78
42
34
47
89
55
54
57
59
87
92
58
42
48
42
40
40
47
51
76
44
49
71
50
79
74
61
69
64
52
50
48
76
59
40
42
51
76
79
43
49
51
82
58
40
65
70
41
41
41
42
43
40
48
40
41
85
39
42
85
44
41
74
44
48
71
42
43
48
82
54
54
49
45
60
53
49
61
48
52
128
51
43
83
42
43
50
82
40
53
50
60
52
73
41
51
76
47
42
80
80
46
57
51
43
50
41
64
48
54
47
77
55
48
54
53
81
79
56
57
71
41
49
82
57
48
53
49
53
43
43
83
49
59
47
52
77
45
46
42
41
60
42
60
48
90
48
43
60
50
53
52
47
91
44
51
83
50
52
67
68
45
46
40
79
51
39
74
42
43
48
81
42
43
41
89
67
41
40
57
74
42
70
41
45
120
49
51
45
55
51
71
44
52
65
43
46
87
57
65
45
56
66
42
45
76
71
56
42
52
87
49
44
88
44
43
78
46
51
43
61
92
41
58
42
55
49
83
42
48
48
58
47
40
61
81
49
50
41
48
48
49
41
75
42
47
49
51
70
51
49
51
57
69
49
58
56
66
49
59
47
41
39
83
40
58
41
48
85
48
47
44
55
68
63
82
41
41
49
72
46
41
59
72
50
41
39
44
41
70
47
66
47
53
72
48
59
78
49
40
48
53
87
68
59
54
53
75
61
48
41
44
68
39
47
57
57
56
86
46
50
82
48
55
42
40
49
53
73
39
40
41
83
76
47
83
40
40
41
43
41
49
52
40
49
49
72
47
41
51
51
84
41
40
42
55
75
40
46
43
46
81
49
54
39
40
91
43
47
44
49
68
41
46
67
65
42
47
55
71
40
49
72
83
55
46
41
40
42
72
41
56
41
42
72
44
61
82
59
41
79
42
53
76
58
50
50
41
88
41
50
41
50
48
43
46
81
47
53
61
51
52
40
78
80
46
73
51
44
45
49
73
43
40
44
46
76
44
54
82
50
49
58
40
39
54
92
51
45
50
82
48
42
46
49
41
45
41
50
50
43
44
41
44
42
77
75
48
58
84
48
41
82
48
48
42
41
76
57
50
67
40
75
88
73
60
41
49
70
46
41
87
75
73
43
46
40
41
49
89
43
41
76
55
39
75
38
42
46
46
47
40
44
68
47
50
69
49
59
91
65
39
45
67
41
46
51
48
66
53
49
71
60
39
65
53
46
32
47
77
54
42
46
46
83
45
40
90
47
46
42
55
42
38
