39
54
62
55
85
68
63
82
73
47
45
91
54
83
54
54
84
80
73
75
60
41
55
61
42
39
69
42
42
89
68
42
68
64
50
80
65
41
117
41
72
61
40
41
65
54
63
69
59
77
48
40
50
45
40
71
43
40
51
56
48
70
49
73
53
42
40
39
39
45
88
41
41
55
42
42
49
68
69
58
42
39
53
40
42
79
42
53
47
46
75
58
42
41
40
46
71
48
41
42
71
40
66
48
40
69
46
46
46
41
42
68
45
42
42
42
49
94
44
48
84
46
71
68
49
55
41
42
52
76
49
43
43
54
46
89
54
42
51
67
42
68
74
41
52
35
71
42
44
44
44
51
64
66
42
43
48
53
43
46
69
44
43
45
44
42
88
59
66
74
45
43
68
45
56
62
69
40
42
47
69
42
43
78
49
54
41
40
42
73
43
53
63
40
43
76
40
40
72
56
50
42
47
80
62
48
45
96
44
48
74
43
41
52
41
56
44
42
50
43
55
43
52
56
74
52
49
45
59
51
64
59
47
48
50
48
79
59
49
74
58
44
61
50
48
75
53
43
42
49
43
33
42
42
43
45
48
154
44
43
58
55
41
42
71
170
69
56
69
54
89
53
78
116
113
40
67
75
45
46
58
75
76
74
91
42
50
41
41
71
43
43
70
64
61
66
40
41
49
46
42
43
44
43
43
49
45
42
49
43
78
45
43
69
43
57
45
50
45
91
67
43
43
64
33
62
76
69
51
40
87
43
79
49
39
49
66
75
72
45
48
47
40
45
70
78
45
81
45
49
52
91
41
76
48
43
55
66
82
44
55
49
56
44
72
57
43
71
49
41
59
41
53
77
34
41
42
41
63
52
142
71
141
94
65
73
49
81
40
50
46
80
40
54
40
79
43
84
44
82
43
51
43
42
49
42
52
55
43
49
49
51
55
45
40
90
50
42
82
42
42
67
71
43
68
60
43
41
50
41
43
44
66
44
86
42
49
48
45
84
79
49
73
81
52
76
45
80
95
44
66
72
42
88
53
53
61
42
63
79
45
46
65
66
83
83
62
44
93
59
62
45
46
44
53
51
49
66
44
52
85
78
50
43
44
81
62
46
43
89
51
58
54
44
51
45
66
56
69
81
52
176
57
44
45
78
49
56
44
50
156
83
61
76
103
104
60
51
50
55
47
57
51
46
46
83
50
84
73
78
54
53
47
44
46
45
44
45
82
45
53
48
51
85
73
53
50
101
83
67
44
47
104
43
54
83
53
71
66
48
46
86
54
45
51
48
70
45
58
88
47
74
70
43
46
43
51
52
42
75
78
50
48
51
53
80
64
51
85
48
55
50
50
73
96
63
56
50
43
64
45
43
45
54
45
81
53
46
77
52
42
49
51
78
80
53
79
62
51
49
85
48
53
80
54
52
43
49
46
46
66
78
81
90
49
68
42
50
52
75
40
47
43
40
49
50
52
79
57
57
40
39
46
42
40
41
43
52
48
42
43
52
55
41
62
45
67
60
70
56
70
98
52
112
47
66
56
70
73
64
55
52
95
74
59
39
82
48
56
46
49
56
48
38
56
82
49
60
52
47
55
54
41
51
43
43
62
67
96
62
83
48
61
55
74
50
89
56
41
38
48
48
46
39
79
81
68
50
72
48
41
38
57
55
74
41
56
63
58
73
41
46
72
49
46
85
41
48
56
45
57
83
43
67
74
55
55
46
68
53
73
46
57
44
57
48
72
50
46
70
41
50
42
49
43
75
39
39
49
42
72
75
44
62
43
46
79
50
48
46
63
51
69
55
74
39
68
39
42
80
41
40
50
72
53
44
51
45
49
53
74
57
82
49
60
47
60
65
44
40
45
43
79
79
44
71
46
48
49
82
41
72
44
58
82
50
60
68
45
46
66
54
53
53
48
53
72
40
56
60
40
47
55
40
70
71
47
43
52
42
43
44
41
40
77
113
67
72
58
56
58
48
60
47
48
44
49
42
85
43
49
68
50
58
63
61
68
59
58
40
40
39
40
76
38
40
49
34
40
70
86
42
43
52
39
39
72
91
44
47
57
46
74
51
82
39
42
69
39
59
41
82
51
49
76
49
51
78
43
53
61
42
67
53
43
52
60
52
77
68
72
153
40
47
46
44
42
74
71
41
40
74
57
52
48
53
42
71
50
43
77
51
47
82
42
52
86
46
52
106
45
78
57
50
82
111
76
52
74
45
39
46
51
56
77
39
55
41
49
48
50
49
70
38
51
39
60
47
40
44
