203
200
191
176
207
208
203
206
176
163
142
179
220
161
214
190
201
195
220
179
189
205
211
179
164
187
179
266
198
253
244
323
296
281
224
248
261
242
256
223
158
174
199
230
200
235
343
260
339
244
264
267
253
150
206
223
209
213
135
530
178
184
211
220
205
211
190
210
200
236
251
250
241
215
228
195
217
196
213
156
190
186
225
174
196
204
150
193
216
196
148
180
236
217
260
246
266
243
185
137
180
134
179
141
158
119
147
163
140
129
174
149
151
146
165
246
207
290
168
234
186
213
209
187
130
120
136
128
146
145
163
160
204
213
154
134
207
207
161
207
213
327
200
174
167
178
189
153
134
207
134
156
155
117
161
138
140
123
144
172
217
111
182
144
137
125
151
154
140
136
119
127
165
144
131
152
115
134
172
134
144
153
118
142
149
122
149
137
130
125
140
149
129
144
146
108
145
108
138
159
153
160
157
130
145
108
140
151
109
128
133
114
155
148
177
166
175
165
140
202
171
196
159
144
122
107
157
133
107
126
153
124
147
155
139
138
130
139
177
138
121
150
135
110
158
148
108
116
204
137
151
128
151
147
108
145
117
150
156
151
157
131
216
124
118
137
149
145
190
132
147
155
130
143
182
147
158
149
136
177
171
217
157
230
196
173
175
205
175
148
163
131
148
129
187
132
171
105
228
143
127
129
121
138
147
121
119
134
163
149
133
154
133
109
149
141
153
155
115
117
144
151
152
111
140
157
142
135
121
154
153
133
139
149
143
142
168
150
149
190
149
136
146
151
143
136
117
118
137
144
136
142
137
139
121
120
173
215
240
149
151
211
181
156
127
214
207
146
278
177
194
185
153
161
147
143
130
122
110
115
156
154
107
146
118
130
122
233
158
133
133
107
160
108
153
148
150
155
139
162
155
139
118
151
139
143
161
161
144
151
116
159
133
147
144
135
186
175
143
140
132
175
161
119
136
149
156
117
140
141
154
115
160
137
147
145
133
116
142
157
141
157
142
146
121
109
145
122
123
159
165
110
142
128
123
153
154
151
143
118
109
145
154
149
116
117
170
131
104
176
145
116
121
137
226
166
134
158
144
182
119
126
142
135
144
144
117
142
131
141
114
150
134
116
149
144
149
129
129
147
168
119
141
152
142
139
133
110
122
123
185
175
112
107
170
140
165
126
109
160
147
108
153
121
128
120
126
149
144
123
131
108
110
151
146
107
149
122
156
120
162
107
140
119
125
133
160
147
142
107
115
148
137
122
109
108
128
159
109
122
146
130
154
146
122
178
126
135
192
123
124
127
131
147
122
122
131
149
122
113
139
133
136
160
136
153
106
145
143
129
114
156
116
139
131
143
125
139
162
107
152
147
124
155
111
111
133
137
127
118
132
179
150
127
159
128
138
127
142
127
154
130
121
144
120
129
142
106
108
108
132
122
151
142
169
153
164
106
163
140
130
145
146
124
106
118
103
200
109
153
164
138
121
128
122
163
107
133
127
142
147
122
108
162
165
126
117
125
108
106
158
118
160
145
161
144
117
132
129
188
160
138
124
155
133
108
107
142
147
110
184
124
135
133
165
162
157
157
156
163
147
119
129
151
122
118
165
147
135
157
147
149
112
184
219
234
228
222
212
210
225
182
212
196
220
174
206
201
180
185
201
227
196
186
185
249
187
179
163
177
181
171
199
189
192
208
188
186
193
180
222
206
165
184
175
183
188
187
222
345
207
184
217
183
216
214
175
200
179
169
193
188
205
181
195
206
200
177
157
187
167
216
162
199
187
202
221
206
190
222
198
174
170
221
226
181
206
184
187
162
184
199
239
197
212
169
175
207
165
241
180
204
182
215
177
194
187
196
186
182
202
195
176
190
190
190
229
212
163
220
172
218
170
198
184
234
226
206
204
177
203
168
180
243
202
189
178
176
196
209
176
188
226
202
214
190
182
208
184
220
208
198
172
184
177
197
196
213
248
230
193
233
269
226
213
196
198
163
926
216
176
194
211
180
167
195
200
175
167
348
316
221
165
215
201
191
201
205
213
213
186
221
228
269
235
187
213
179
204
238
212
205
224
202
176
173
210
193
155
249
244
193
237
216
210
203
208
201
236
176
229
210
224
201
222
247
255
295
244
287
206
223
210
214
180
178
210
224
248
201
203
223
213
177
212
253
214
194
232
245
202
219
210
232
242
254
283
249
283
193
208
209
180
224
179
172
210
412
205
218
219
248
267
287
238
369
284
294
324
249
201
199
171
170
234
164
211
243
185
194
