139
173
147
142
142
196
142
192
130
194
145
140
139
134
199
153
216
146
206
150
144
142
206
143
156
133
143
192
141
140
133
132
139
156
163
133
156
134
151
139
142
140
133
138
137
139
194
139
207
151
185
136
150
137
221
138
195
132
163
140
197
131
151
146
147
150
152
145
143
134
141
134
156
133
137
136
136
146
153
148
134
193
219
156
150
207
144
136
198
198
157
221
180
142
131
149
198
208
199
201
135
201
191
144
204
142
135
142
207
143
136
152
184
140
197
134
138
135
186
142
159
139
196
135
154
143
201
153
157
197
222
147
141
282
158
153
155
156
155
145
192
145
146
156
187
189
163
145
151
150
200
144
144
161
202
147
207
138
194
156
219
219
167
160
173
160
187
238
153
173
149
161
150
217
223
174
150
147
223
167
153
168
160
163
153
164
174
163
209
156
138
151
159
135
152
157
204
191
234
215
213
164
144
149
143
240
147
132
153
213
147
153
154
218
143
156
161
193
161
233
161
156
161
203
149
149
149
228
158
155
152
148
148
140
160
141
177
150
200
163
161
145
148
200
152
148
161
165
151
153
213
190
143
179
151
233
153
205
138
194
149
216
146
205
148
210
153
199
150
224
163
207
132
201
161
212
142
156
150
200
155
159
140
151
199
145
184
159
223
155
191
167
154
162
210
151
221
160
198
217
156
142
140
146
158
159
131
140
224
145
152
140
154
153
160
143
222
156
162
143
228
142
151
139
212
144
154
163
130
194
144
174
140
143
193
140
131
137
151
131
141
138
150
174
134
139
226
133
157
143
135
135
149
147
141
136
157
137
149
138
150
140
146
138
149
149
147
153
172
139
151
138
158
134
151
134
152
136
162
165
187
138
180
158
147
150
136
136
156
132
154
131
152
135
150
133
148
150
150
132
158
145
145
147
146
144
143
135
146
167
154
139
162
198
148
131
132
223
130
132
146
204
154
187
143
190
147
185
131
130
133
195
154
172
197
201
140
156
167
208
133
206
135
136
134
177
134
156
129
185
153
135
155
213
138
203
136
140
138
184
133
150
136
209
134
126
136
131
206
133
147
143
131
142
195
136
132
147
194
135
197
137
139
146
189
137
184
132
174
139
195
154
132
132
194
143
146
133
131
131
125
146
135
129
131
132
128
135
127
134
128
145
142
131
190
134
192
133
155
130
139
147
158
142
162
133
134
131
133
139
193
132
161
157
130
133
152
267
125
133
133
197
152
135
145
195
134
158
143
188
136
206
133
132
131
131
136
134
137
132
142
132
198
137
151
125
136
136
135
138
144
143
147
142
136
136
131
138
145
194
207
128
134
187
131
134
122
147
130
151
127
184
131
200
189
151
141
190
169
151
135
141
155
131
138
132
151
132
169
201
147
146
134
207
129
150
125
162
192
135
178
125
181
140
157
139
138
129
144
144
128
132
133
128
130
159
143
134
130
148
128
158
132
168
125
131
135
146
130
200
132
133
126
135
135
135
152
134
138
146
152
128
220
133
137
149
199
145
221
137
154
216
197
146
147
161
205
140
160
161
208
141
145
147
144
143
140
150
175
201
209
158
234
149
147
135
209
137
148
141
209
149
191
147
200
140
229
136
138
136
204
152
144
146
220
142
142
138
206
141
156
140
160
149
142
149
160
142
150
143
149
145
161
150
143
135
192
143
145
141
148
159
151
149
139
131
207
228
150
147
154
172
162
143
218
164
143
142
140
142
140
138
143
213
140
138
135
145
208
137
207
153
155
138
128
203
184
141
141
151
144
144
200
144
221
146
198
144
210
153
219
144
142
150
205
163
145
140
203
142
157
146
213
144
202
158
224
158
207
155
211
137
154
145
195
140
144
160
218
143
165
220
208
142
153
147
182
145
161
147
137
137
162
135
141
142
191
150
200
157
141
146
209
138
139
137
167
136
139
140
147
156
144
139
150
170
138
153
216
170
151
156
214
146
213
151
149
146
206
147
140
136
208
143
151
140
140
141
134
146
173
150
147
154
150
155
133
161
145
169
142
166
142
166
143
184
147
156
138
156
156
168
146
153
140
152
141
171
142
225
197
141
143
204
151
143
141
230
144
234
148
146
137
147
200
139
142
140
142
144
213
137
144
141
150
161
149
135
145
142
143
163
160
240
171
200
144
195
150
141
141
196
151
195
161
142
154
157
156
147
140
144
161
152
151
136
167
148
154
152
157
144
143
202
148
207
142
197
143
216
225
142
215
176
143
142
142
146
143
144
144
171
210
155
144
153
155
132
142
144
