258
206
277
200
293
225
265
460
212
221
207
229
260
188
795
298
346
311
258
308
286
212
229
227
278
258
239
290
228
299
192
230
277
275
212
229
215
415
278
229
294
214
256
292
224
216
332
212
300
230
240
253
368
228
340
240
353
288
322
206
248
234
255
225
308
234
245
269
221
236
265
237
212
229
227
228
295
187
218
264
338
219
201
237
296
211
216
230
216
248
229
200
242
294
306
206
211
306
211
217
215
237
202
208
211
278
182
207
189
271
206
217
191
282
281
196
344
380
224
249
215
205
199
205
290
1261
188
280
196
402
222
210
196
386
219
200
388
210
227
281
299
220
205
298
295
222
222
290
263
214
300
214
328
302
291
258
292
226
228
295
241
219
306
291
221
281
218
269
213
225
313
241
324
221
394
244
234
295
481
312
333
250
351
329
337
367
249
254
388
268
248
229
300
228
228
243
238
234
275
220
255
352
235
218
295
203
210
232
281
218
219
306
230
275
291
300
238
281
215
396
223
273
260
387
219
254
242
227
208
206
234
219
208
307
211
258
190
239
232
230
243
234
262
266
269
253
245
176
194
230
180
190
196
191
254
222
176
175
209
185
261
169
172
177
162
232
262
168
224
174
238
244
179
258
180
173
190
323
221
187
194
245
258
242
264
357
187
187
230
191
197
236
199
190
179
226
166
200
174
226
202
190
163
249
189
201
245
172
166
250
189
201
269
215
223
224
307
349
267
232
178
176
218
161
160
216
161
193
233
152
168
163
165
210
208
161
180
171
164
137
219
149
160
215
156
151
150
161
147
173
167
146
164
191
153
157
322
168
153
192
276
164
164
233
159
171
160
154
159
231
154
168
213
155
160
179
154
163
228
161
163
206
238
146
154
210
172
158
212
153
156
153
157
177
166
211
149
165
153
291
192
223
162
210
222
155
149
167
152
223
149
192
217
146
223
173
145
165
140
213
154
189
142
158
205
156
161
189
145
160
164
218
133
213
154
145
148
160
159
195
192
194
149
174
203
174
175
218
180
184
192
230
155
165
233
161
209
162
166
158
258
234
156
184
200
154
203
159
211
159
201
156
130
145
150
157
214
146
223
139
136
142
141
196
139
144
139
142
200
145
203
179
136
188
139
193
164
140
151
136
151
201
203
143
156
136
154
139
180
134
141
185
160
143
157
138
140
143
200
140
147
140
202
150
135
151
191
134
131
153
158
184
137
194
135
153
156
140
135
144
189
139
144
138
150
141
213
204
152
135
136
143
199
141
190
158
137
193
156
145
125
131
140
202
148
160
197
135
140
134
161
141
156
143
192
206
159
193
145
130
186
152
187
139
149
133
139
136
151
199
141
206
138
140
143
139
136
154
193
153
143
171
135
135
132
141
148
202
192
136
158
146
206
139
154
184
131
146
155
140
212
200
197
193
153
160
205
201
148
149
193
145
196
155
148
203
147
220
156
202
149
152
145
200
190
166
147
213
150
146
153
206
208
223
222
226
198
201
140
164
150
210
146
206
151
143
148
133
145
160
213
145
148
209
147
193
132
217
148
149
162
155
211
169
218
142
219
227
157
174
200
203
218
145
223
149
151
150
161
226
174
151
216
158
159
175
150
168
165
161
133
160
153
232
176
140
159
182
169
214
147
159
311
200
166
143
152
202
142
162
132
208
171
159
327
151
150
220
149
161
230
215
134
150
152
262
183
155
231
190
232
170
181
216
214
134
223
162
194
142
152
222
148
165
292
197
199
180
210
267
214
205
209
130
159
152
167
157
279
236
172
186
211
185
232
198
265
221
155
289
362
209
146
209
156
147
229
140
154
210
213
148
145
217
209
142
175
223
158
200
220
150
155
216
144
148
198
174
230
269
135
168
280
213
127
168
290
173
255
145
264
167
194
146
153
189
203
195
161
157
211
141
212
138
202
154
221
149
200
219
161
207
141
146
210
214
145
201
203
188
151
153
140
142
201
209
213
193
149
154
194
156
142
228
143
147
206
146
242
166
145
146
147
141
205
210
152
199
225
153
204
147
224
131
184
189
162
219
154
300
150
142
215
213
136
142
193
151
152
196
201
158
198
208
143
144
215
159
143
135
149
149
148
155
159
128
178
210
146
244
155
149
146
139
256
206
163
202
209
147
174
211
156
151
195
287
209
201
211
128
153
191
210
155
227
152
241
162
173
384
168
146
164
159
168
161
216
162
152
222
170
165
175
151
172
163
221
224
166
162
170
159
162
159
187
183
255
294
250
225
204
258
284
204
222
156
166
153
149
164
