139
138
151
205
160
139
146
153
202
147
156
203
134
151
192
152
140
148
137
139
159
212
164
139
132
141
157
127
198
144
134
143
178
198
136
192
142
135
201
166
144
139
141
188
209
214
130
195
147
132
183
156
200
141
135
194
133
134
210
134
132
214
223
173
214
141
146
205
184
139
131
209
142
141
127
183
146
144
141
149
320
131
136
131
155
151
143
152
211
200
162
138
161
211
141
136
147
149
143
152
143
154
216
143
136
215
152
134
135
146
150
135
145
199
152
144
188
194
140
197
143
140
144
135
147
190
137
183
223
139
151
199
136
136
140
132
201
146
148
141
151
146
167
134
161
194
141
204
228
139
157
148
238
225
340
156
162
151
148
153
193
213
154
165
205
154
153
149
148
162
147
176
141
153
140
224
151
150
140
238
149
143
214
159
153
156
214
171
159
163
208
154
170
148
150
229
166
149
155
165
153
216
152
158
199
166
149
162
149
236
150
177
156
151
158
165
150
207
159
227
143
235
164
149
149
218
159
156
149
228
155
200
155
154
147
152
149
138
151
155
164
162
155
217
149
157
151
157
160
167
178
160
161
162
147
163
228
166
179
140
159
170
156
181
155
177
161
155
161
146
180
154
163
215
140
163
165
145
126
168
131
132
146
134
137
133
131
182
143
127
190
134
130
191
133
140
141
144
139
137
146
176
140
132
173
145
141
180
138
182
158
129
139
139
142
139
146
178
147
168
164
129
196
139
125
195
128
148
148
144
183
134
149
177
129
137
183
183
133
131
131
133
137
142
145
146
144
133
177
131
154
143
139
130
135
153
186
147
142
128
127
184
137
130
171
147
129
148
141
138
183
134
161
138
132
145
145
140
274
144
145
152
148
146
144
166
156
155
197
146
163
161
155
177
141
156
142
146
140
201
140
138
158
155
212
148
169
157
158
156
172
168
161
176
196
148
167
224
180
153
156
191
154
160
152
158
184
228
146
148
231
151
145
154
163
149
146
142
157
167
144
170
237
146
140
146
146
183
151
161
153
178
145
250
157
145
152
178
147
151
151
206
197
164
190
195
144
151
144
154
155
153
158
145
150
140
153
143
205
145
143
155
174
181
145
157
164
147
200
161
161
153
206
147
143
148
151
143
164
147
157
148
143
147
178
154
159
169
194
152
142
199
202
144
148
156
164
220
158
150
168
147
211
142
146
142
175
157
147
191
201
141
150
148
143
151
144
159
160
207
141
139
143
142
160
143
166
200
143
159
144
228
142
142
135
156
141
229
155
142
138
142
145
139
217
138
143
142
138
140
207
140
157
181
155
149
145
149
151
200
172
169
153
160
205
155
168
215
147
139
141
220
160
159
141
143
211
144
147
149
218
153
147
156
158
145
151
154
167
198
146
142
202
165
156
175
176
164
154
149
133
141
137
207
135
138
143
141
149
158
167
154
148
211
144
134
217
139
146
144
174
139
149
137
206
140
149
141
214
142
134
137
145
151
146
146
163
215
160
162
155
161
210
143
158
209
148
147
216
160
143
237
155
215
210
139
160
162
159
220
147
151
168
160
163
152
158
159
148
154
242
151
162
213
151
154
151
183
206
153
156
154
159
181
239
166
157
150
154
230
150
173
146
163
149
156
157
163
150
163
146
152
157
148
174
163
197
154
147
179
228
150
172
148
198
159
180
879
201
155
215
160
153
164
156
157
208
144
153
158
153
156
167
159
214
158
136
165
152
166
166
157
205
147
162
170
154
158
149
213
152
149
160
173
152
147
166
153
166
155
166
148
153
149
144
154
153
186
216
228
187
193
150
176
151
147
230
183
144
226
150
164
131
151
147
156
164
213
213
153
170
137
153
131
134
147
218
159
156
138
220
157
153
163
155
203
160
148
158
136
142
161
180
153
194
174
145
169
173
156
198
141
149
151
150
139
152
161
143
147
150
157
156
163
158
170
162
159
156
183
205
144
135
156
152
147
152
148
229
147
164
147
159
176
148
239
156
203
143
159
223
158
161
139
160
226
148
154
160
166
162
141
168
143
216
152
155
200
168
162
148
161
169
158
155
145
148
143
144
144
171
148
143
153
143
158
185
166
143
137
142
167
177
151
214
155
143
210
150
175
144
199
138
146
134
160
131
135
140
197
175
143
135
134
132
137
131
141
144
154
134
164
139
138
143
136
142
149
140
146
153
154
159
139
162
188
142
151
149
140
145
139
139
151
139
138
143
150
144
136
139
191
166
162
148
145
142
158
142
152
152
145
157
146
158
150
181
140
138
199
