68
78
86
111
87
81
75
78
90
68
83
53
64
46
63
47
84
40
76
40
46
62
54
64
78
64
67
48
45
85
43
80
82
63
46
76
93
74
83
65
39
40
74
85
39
95
63
74
41
46
40
72
45
89
92
79
46
72
77
47
48
69
74
46
47
81
61
99
59
40
40
72
40
49
45
76
84
49
74
26
43
42
72
54
76
39
74
40
48
65
75
45
80
84
46
39
68
62
43
77
82
38
45
52
71
75
71
39
41
93
47
68
38
72
90
48
73
72
40
78
68
46
49
82
42
77
70
56
78
82
64
39
43
44
76
50
71
66
72
49
50
73
42
41
75
68
67
70
68
74
41
73
69
49
52
70
42
83
74
67
49
76
80
44
44
73
42
42
62
51
66
67
66
58
50
67
64
63
67
56
46
76
56
68
39
74
46
48
39
40
41
92
73
94
40
40
85
65
70
38
39
64
89
46
90
72
59
50
81
71
38
44
90
65
48
47
81
40
41
63
70
72
78
77
74
45
73
69
72
46
69
75
39
75
56
78
63
76
68
47
70
58
44
72
65
47
49
89
66
45
81
41
102
42
39
52
66
75
95
44
65
40
71
45
67
39
85
70
68
42
78
44
42
133
80
42
70
76
53
78
64
73
69
49
79
43
64
92
82
82
85
76
90
50
80
42
42
76
59
83
61
70
62
42
67
42
39
73
87
40
65
44
41
76
69
44
58
44
45
69
64
87
42
76
97
50
79
40
43
84
82
82
95
89
45
72
76
59
84
40
71
64
71
59
81
43
48
68
45
43
49
95
88
56
75
43
66
69
56
67
42
40
77
66
62
86
95
63
75
73
38
73
79
70
49
64
39
88
73
80
49
52
75
81
41
54
62
51
75
61
87
48
65
42
71
35
71
50
43
68
53
60
44
80
65
59
65
72
42
42
36
82
45
80
60
43
41
85
53
71
68
94
48
71
75
67
61
88
78
83
56
44
67
74
76
38
73
89
55
75
62
40
94
94
77
84
102
100
57
56
97
80
98
78
74
77
73
49
50
92
102
96
50
86
87
56
49
123
83
98
80
70
74
86
39
40
47
64
90
77
83
42
46
66
40
62
40
84
62
56
75
68
69
39
81
67
61
48
89
40
97
56
80
46
81
46
62
48
49
71
42
60
46
75
64
43
53
90
76
78
80
34
45
68
85
52
42
44
41
71
77
69
67
41
75
81
48
79
71
43
74
81
49
77
46
44
39
88
43
78
82
73
88
47
46
91
74
89
114
56
57
69
164
42
81
52
41
151
151
78
92
125
56
48
66
81
42
66
42
81
34
69
43
48
50
44
43
43
69
48
63
50
71
84
42
31
85
76
33
42
71
80
73
69
42
69
40
60
64
41
62
65
81
78
39
73
40
47
47
68
38
91
64
61
40
67
64
39
39
74
68
47
73
74
39
86
60
43
40
66
72
66
69
78
71
63
73
39
84
85
45
88
72
64
60
66
65
39
53
73
39
44
65
57
40
83
39
74
71
75
43
44
76
65
70
42
72
100
77
49
78
45
65
68
70
78
77
43
136
42
59
74
86
49
53
55
302
53
62
113
43
60
63
42
85
98
93
65
38
49
54
94
49
85
99
36
53
76
73
49
83
81
80
51
101
44
49
93
49
48
50
69
59
68
58
91
48
40
49
83
43
43
86
84
51
60
85
82
42
42
46
76
49
40
206
50
67
41
40
64
74
74
83
66
47
71
87
41
50
51
44
66
65
68
50
90
79
86
49
50
70
83
77
69
68
78
81
43
66
73
64
60
49
60
35
70
77
72
48
69
42
42
42
96
50
50
80
59
39
69
42
43
39
56
69
91
34
43
60
40
40
40
39
97
73
78
33
84
42
32
68
47
67
46
66
50
63
44
43
38
58
74
47
69
43
69
90
47
96
43
39
40
76
46
65
46
88
77
76
39
39
39
74
85
83
39
90
39
108
81
58
48
73
73
82
41
40
39
82
88
84
42
40
41
83
40
66
40
46
76
64
90
80
74
39
77
87
63
39
85
38
86
71
79
75
57
84
41
40
38
68
46
45
74
76
42
89
65
71
40
48
71
79
69
75
76
41
46
83
73
40
43
83
39
89
66
46
75
79
76
76
66
38
40
82
75
86
91
79
91
89
41
85
71
47
76
80
75
82
72
39
32
40
83
80
78
93
82
40
81
66
87
41
91
81
39
75
85
42
87
90
76
40
42
71
41
96
81
40
40
103
71
71
39
83
90
38
76
81
76
