143
145
209
208
149
215
136
162
155
147
150
228
146
149
157
155
157
166
215
153
156
157
218
165
171
214
207
142
138
206
149
164
156
221
146
141
183
147
155
146
147
147
146
148
145
144
142
145
184
158
152
186
197
147
153
158
148
144
130
153
147
174
142
141
158
176
142
211
143
150
198
144
143
153
145
140
139
196
151
410
213
139
165
153
199
152
160
145
213
160
154
167
145
151
199
154
148
149
188
141
149
143
153
145
161
159
163
186
166
151
151
148
183
140
148
145
156
215
154
152
146
149
145
150
149
147
154
163
155
146
155
133
185
145
151
152
151
156
141
186
158
172
150
144
200
200
143
143
186
157
203
153
160
151
151
153
155
156
146
147
148
157
160
199
155
143
184
152
150
150
144
160
154
168
154
201
143
164
147
158
203
143
158
204
148
145
149
161
206
165
146
159
152
218
158
143
174
142
152
147
147
156
150
158
199
145
207
140
145
205
149
157
144
162
162
196
157
160
134
146
148
168
144
170
155
195
150
205
155
159
147
150
196
183
223
149
144
161
146
206
143
144
227
145
150
212
145
141
159
153
147
163
161
152
153
206
159
148
193
144
145
161
146
164
201
151
212
146
149
204
143
159
153
149
224
157
174
151
231
152
145
147
191
145
152
147
148
212
239
171
139
158
156
147
154
158
143
145
139
141
157
144
165
205
157
146
164
147
160
161
161
142
146
148
145
159
131
156
143
168
149
221
142
225
216
142
145
214
135
156
214
215
148
162
156
224
147
152
148
148
202
143
135
208
222
166
150
144
197
155
143
165
146
154
151
165
145
139
143
205
153
164
206
156
167
159
161
195
181
150
145
156
146
201
141
150
143
157
150
155
157
164
175
168
209
143
151
142
146
175
156
156
175
147
209
164
161
150
158
209
156
157
140
141
218
163
144
157
138
204
147
141
208
151
214
150
141
212
219
155
157
136
159
148
156
217
236
145
146
140
141
150
253
174
213
143
134
140
139
171
134
142
138
218
186
135
152
139
138
134
133
150
140
197
134
135
134
177
178
132
173
136
137
152
132
148
182
152
140
189
160
173
185
138
147
142
194
136
148
186
136
135
201
209
150
143
133
137
182
189
145
141
183
221
143
141
195
137
153
200
134
136
134
144
186
141
146
133
141
148
153
139
196
137
193
145
144
201
199
136
137
133
186
187
146
161
139
138
191
143
141
148
187
143
136
143
141
142
142
147
149
195
221
248
152
170
211
159
150
238
155
153
172
163
163
174
166
162
218
152
153
157
148
208
221
192
169
183
180
172
243
233
181
173
176
246
171
176
171
229
168
173
172
178
243
178
169
246
168
170
228
161
189
227
165
165
216
169
180
248
167
182
219
231
162
245
240
167
162
173
234
200
194
174
170
215
173
183
295
175
259
183
186
175
162
181
167
175
193
187
187
180
180
198
177
175
253
161
173
175
244
225
172
171
160
173
175
173
265
197
185
179
168
177
160
167
175
228
175
155
180
163
165
179
173
236
171
167
247
173
192
242
177
158
163
167
204
155
169
207
228
176
195
185
163
159
173
168
161
181
176
162
126
134
166
131
176
127
113
128
130
166
135
113
134
127
194
134
129
122
131
169
153
180
119
132
153
121
123
130
136
165
117
134
124
146
150
119
123
151
172
117
135
115
172
155
143
130
119
154
170
160
115
128
165
160
116
126
127
124
137
125
178
127
122
133
133
141
144
119
157
127
175
132
120
156
134
183
172
116
121
121
178
119
133
127
127
115
151
123
123
171
124
137
112
111
193
131
124
125
124
171
116
141
145
134
125
193
134
199
125
154
133
136
117
129
135
136
161
140
126
163
136
138
127
115
142
126
136
134
125
169
144
138
149
165
191
143
157
153
138
148
167
135
141
192
139
136
159
142
137
192
135
141
158
153
196
143
141
198
148
134
190
151
144
145
135
164
143
139
137
159
162
133
138
190
139
135
148
138
151
171
146
135
189
133
199
193
139
142
143
148
146
135
152
138
141
152
152
161
141
138
136
159
159
154
145
213
137
132
151
183
135
136
141
138
161
143
135
187
130
138
189
133
141
145
150
162
151
136
151
137
185
198
131
148
133
139
160
134
222
159
150
148
142
139
191
136
139
149
141
159
164
136
130
177
147
160
137
149
186
133
156
192
148
229
213
146
137
177
162
181
224
150
160
162
172
195
162
158
201
150
157
168
305
154
163
162
159
201
140
165
141
157
167
145
151
216
146
216
140
149
217
144
145
200
144
168
234
147
