100 77,111 99 100 1000 avl_best-1000-100.txt
200 71,776 99 100 1000 avl_best-1000-200.txt
300 66,613 97 106 1000 avl_best-1000-300.txt
400 67,261 97 100 1000 avl_best-1000-400.txt
500 68,468 99 100 1000 avl_best-1000-500.txt
600 116,578 99 100 1000 avl_best-1000-600.txt
700 68,003 99 100 1000 avl_best-1000-700.txt
800 66,468 98 100 1000 avl_best-1000-800.txt
900 65,972 99 100 1000 avl_best-1000-900.txt
1000 68,675 99 100 1000 avl_best-1000-1000.txt
1100 65,608 99 100 1000 avl_best-1000-1100.txt
1200 64,945 99 100 1000 avl_best-1000-1200.txt
1300 64,113 99 100 1000 avl_best-1000-1300.txt
1400 65,579 99 100 1000 avl_best-1000-1400.txt
1500 68,067 99 100 1000 avl_best-1000-1500.txt
1600 66,698 99 100 1000 avl_best-1000-1600.txt
1700 67,343 99 100 1000 avl_best-1000-1700.txt
1800 68,604 99 100 1000 avl_best-1000-1800.txt
1900 63,762 99 100 1000 avl_best-1000-1900.txt
2000 63,725 99 100 1000 avl_best-1000-2000.txt
2100 62,432 99 100 1000 avl_best-1000-2100.txt
2200 64,359 99 100 1000 avl_best-1000-2200.txt
2300 60,002 99 100 1000 avl_best-1000-2300.txt
2400 65,292 99 100 1000 avl_best-1000-2400.txt
2500 62,847 99 100 1000 avl_best-1000-2500.txt
2600 64,591 99 100 1000 avl_best-1000-2600.txt
2700 62,212 99 100 1000 avl_best-1000-2700.txt
2800 59,663 99 100 1000 avl_best-1000-2800.txt
2900 63,739 99 100 1000 avl_best-1000-2900.txt
3000 62,449 99 100 1000 avl_best-1000-3000.txt
3100 63,091 99 100 1000 avl_best-1000-3100.txt
3200 60,896 98 100 1000 avl_best-1000-3200.txt
3300 62,294 99 100 1000 avl_best-1000-3300.txt
3400 72,502 99 100 1000 avl_best-1000-3400.txt
3500 62,428 98 100 1000 avl_best-1000-3500.txt
3600 60,106 99 101 1000 avl_best-1000-3600.txt
3700 61,478 99 100 1000 avl_best-1000-3700.txt
3800 59,131 99 100 1000 avl_best-1000-3800.txt
3900 61,649 99 101 1000 avl_best-1000-3900.txt
4000 61,928 99 100 1000 avl_best-1000-4000.txt
4100 58,769 99 100 1000 avl_best-1000-4100.txt
4200 58,823 99 100 1000 avl_best-1000-4200.txt
4300 61,957 99 100 1000 avl_best-1000-4300.txt
4400 58,757 99 100 1000 avl_best-1000-4400.txt
4500 62,269 99 100 1000 avl_best-1000-4500.txt
4600 60,067 99 100 1000 avl_best-1000-4600.txt
4700 60,935 99 101 1000 avl_best-1000-4700.txt
4800 58,577 99 100 1000 avl_best-1000-4800.txt
4900 57,52 99 100 1000 avl_best-1000-4900.txt
5000 56,863 98 101 1000 avl_best-1000-5000.txt
5100 57,521 99 101 1000 avl_best-1000-5100.txt
5200 60,106 99 100 1000 avl_best-1000-5200.txt
5300 56,506 97 101 1000 avl_best-1000-5300.txt
5400 61,354 99 101 1000 avl_best-1000-5400.txt
5500 56,445 97 101 1000 avl_best-1000-5500.txt
5600 57,724 98 100 1000 avl_best-1000-5600.txt
5700 56,217 99 101 1000 avl_best-1000-5700.txt
5800 56,766 99 101 1000 avl_best-1000-5800.txt
5900 57,366 99 102 1000 avl_best-1000-5900.txt
6000 56,944 99 101 1000 avl_best-1000-6000.txt
6100 57,52 99 100 1000 avl_best-1000-6100.txt
6200 57,231 99 100 1000 avl_best-1000-6200.txt
6300 57,817 99 100 1000 avl_best-1000-6300.txt
6400 55,073 95 100 1000 avl_best-1000-6400.txt
6500 55,446 99 101 1000 avl_best-1000-6500.txt
6600 55,39 97 101 1000 avl_best-1000-6600.txt
6700 56,928 99 101 1000 avl_best-1000-6700.txt
6800 54,715 98 100 1000 avl_best-1000-6800.txt
6900 53,896 95 100 1000 avl_best-1000-6900.txt
7000 54,705 97 100 1000 avl_best-1000-7000.txt
7100 55,579 97 100 1000 avl_best-1000-7100.txt
7200 53,998 99 104 1000 avl_best-1000-7200.txt
7300 52,646 96 103 1000 avl_best-1000-7300.txt
7400 55,695 99 100 1000 avl_best-1000-7400.txt
7500 54,887 99 100 1000 avl_best-1000-7500.txt
7600 53,668 99 102 1000 avl_best-1000-7600.txt
7700 53,397 98 100 1000 avl_best-1000-7700.txt
7800 55,587 96 100 1000 avl_best-1000-7800.txt
7900 54,196 96 100 1000 avl_best-1000-7900.txt
8000 54,274 99 114 1000 avl_best-1000-8000.txt
8100 54,155 98 101 1000 avl_best-1000-8100.txt
8200 54,041 97 100 1000 avl_best-1000-8200.txt
8300 54,124 97 100 1000 avl_best-1000-8300.txt
8400 55,015 99 100 1000 avl_best-1000-8400.txt
8500 55,327 99 102 1000 avl_best-1000-8500.txt
8600 54,913 97 112 1000 avl_best-1000-8600.txt
8700 54,919 99 100 1000 avl_best-1000-8700.txt
8800 55,092 97 118 1000 avl_best-1000-8800.txt
8900 55,917 99 102 1000 avl_best-1000-8900.txt
9000 55,171 96 100 1000 avl_best-1000-9000.txt
9100 53,231 99 104 1000 avl_best-1000-9100.txt
9200 53,518 97 103 1000 avl_best-1000-9200.txt
9300 53,873 99 100 1000 avl_best-1000-9300.txt
9400 52,805 97 101 1000 avl_best-1000-9400.txt
9500 53,106 98 100 1000 avl_best-1000-9500.txt
9600 54,435 99 100 1000 avl_best-1000-9600.txt
9700 53,516 98 101 1000 avl_best-1000-9700.txt
9800 53,134 98 100 1000 avl_best-1000-9800.txt
9900 53,608 99 101 1000 avl_best-1000-9900.txt
10000 51,991 97 101 1000 avl_best-1000-10000.txt
