176
185
195
271
190
223
200
191
260
218
180
179
180
199
189
262
247
195
183
183
203
223
191
204
256
204
206
2130
200
200
212
197
188
207
196
186
181
197
192
209
183
186
234
191
216
222
205
193
193
187
206
222
206
196
205
203
182
223
197
202
201
218
188
208
178
185
188
194
199
260
199
200
202
307
177
192
196
218
209
206
222
216
226
209
194
213
201
204
192
210
195
211
294
243
262
247
240
196
207
229
225
234
182
163
238
195
260
262
220
226
236
249
229
224
254
337
197
224
204
226
214
217
229
199
204
240
250
203
206
211
210
206
215
212
251
226
269
223
236
218
218
186
175
206
196
229
214
230
220
221
251
201
234
218
223
174
241
251
210
218
206
271
213
205
278
228
168
191
186
247
212
212
173
249
216
208
228
230
182
183
249
209
209
190
207
222
211
233
214
231
204
198
208
213
204
236
234
247
197
218
239
175
230
228
248
245
213
239
188
175
193
167
173
166
216
155
203
195
158
154
165
179
212
154
159
165
165
156
198
170
180
151
160
208
163
166
183
174
159
195
170
215
154
156
193
199
199
168
157
170
164
138
161
155
185
169
168
198
205
155
170
171
198
163
167
161
152
163
170
173
200
182
171
198
171
170
172
152
173
165
168
163
170
211
168
173
166
158
159
159
169
183
157
211
225
170
163
166
157
167
169
178
148
198
176
153
164
177
221
171
199
149
151
202
173
173
172
189
174
175
225
180
172
170
172
193
175
149
162
171
174
173
221
233
219
230
216
211
228
222
236
198
205
233
221
231
200
197
244
255
210
206
233
207
208
229
188
186
242
210
211
245
217
205
246
201
222
208
237
213
265
258
239
198
214
187
217
206
200
193
264
217
202
190
197
231
205
314
200
202
212
230
213
187
232
200
191
229
238
205
213
224
212
200
203
229
208
193
219
218
197
213
242
196
244
214
194
208
252
206
193
234
226
198
191
221
194
186
208
216
214
225
196
208
245
212
221
218
202
249
203
214
200
220
227
191
260
205
238
198
228
228
262
194
190
274
188
209
278
203
202
193
277
256
206
230
217
210
251
195
214
203
208
209
202
211
244
227
205
188
194
255
272
238
244
192
228
218
249
211
206
266
214
199
205
197
222
206
281
228
208
193
224
242
240
197
200
280
294
202
210
206
208
209
202
208
205
189
252
197
203
198
212
219
257
203
190
277
202
214
258
191
218
202
213
198
209
254
221
205
267
274
305
291
291
262
293
286
251
209
188
214
249
288
278
244
288
224
216
216
262
199
207
228
194
254
192
206
277
201
255
219
241
197
189
232
225
231
220
226
233
216
215
238
214
196
232
202
206
230
237
197
253
233
215
204
198
192
201
246
200
193
234
205
208
210
199
204
196
196
254
198
214
230
205
197
205
187
212
262
231
195
190
240
202
205
206
202
230
349
229
213
203
236
210
205
216
212
214
201
215
208
239
196
204
194
228
208
195
241
191
214
239
191
205
176
203
193
184
203
216
218
200
199
213
218
222
220
214
217
220
304
216
227
244
211
199
211
196
206
212
219
230
210
222
231
216
208
204
195
261
213
208
233
175
177
159
170
187
189
232
199
173
251
171
325
198
215
173
171
225
184
180
168
180
170
163
172
169
171
169
220
158
184
228
166
171
191
182
230
167
174
235
164
179
171
178
184
165
228
175
168
231
168
236
171
175
165
213
183
184
169
179
169
178
178
175
166
177
226
174
170
227
165
181
231
194
167
155
170
186
174
170
183
165
161
242
179
164
166
166
170
213
169
173
220
176
182
169
171
227
162
166
161
172
175
233
166
176
167
171
167
212
187
173
173
167
165
178
177
171
150
171
166
174
175
232
202
189
195
195
235
189
197
237
209
207
242
212
197
212
190
200
196
201
198
258
193
191
260
198
178
264
211
191
176
202
193
191
222
200
247
188
183
183
205
219
204
204
160
219
211
219
193
179
242
200
194
192
194
199
210
244
327
196
194
186
189
194
208
179
181
190
197
190
193
186
192
195
248
217
177
264
201
196
199
196
243
226
206
179
240
243
199
183
169
192
200
200
197
195
192
201
193
207
176
192
237
230
198
180
198
188
207
201
213
207
192
191
244
195
198
200
188
206
198
205
189
208
169
182
183
160
178
180
176
179
181
180
185
178
183
189
230
179
188
177
188
178
215
171
180
185
182
196
217
192
185
178
215
176
187
181
177
190
185
179
182
203
180
208
185
195
195
191
172
197
184
321
182
158
222
186
166
184
198
228
173
180
205
