73
74
46
76
44
78
73
65
69
41
79
44
76
70
66
68
89
39
76
39
44
33
76
39
68
39
43
40
65
40
52
76
76
78
82
38
41
79
38
44
73
39
71
64
63
59
39
80
70
86
58
73
61
71
103
80
39
73
87
73
76
41
42
79
74
80
73
79
40
73
42
61
48
48
68
33
69
83
69
54
73
46
50
38
81
39
74
42
83
34
97
93
43
66
67
79
34
74
42
82
47
39
42
41
77
77
65
42
45
58
78
75
78
71
45
63
73
44
76
39
36
97
79
43
45
52
63
81
84
62
57
103
70
139
76
87
97
41
55
118
79
55
87
47
76
84
89
53
72
75
65
75
83
61
64
76
69
76
73
68
67
41
38
42
65
84
77
80
69
79
39
33
40
59
39
73
79
76
74
63
69
40
39
80
76
70
75
68
42
63
69
68
40
39
70
45
43
38
40
41
42
47
79
42
65
46
77
45
40
93
68
78
67
85
39
37
77
76
55
72
40
41
41
41
48
42
45
47
83
38
71
57
42
42
39
77
41
38
59
54
40
65
66
78
81
79
41
40
42
38
86
64
67
43
79
74
59
68
67
52
34
39
41
66
71
80
31
42
74
89
68
68
67
32
66
56
79
68
70
39
36
42
74
44
84
62
41
67
42
73
42
72
42
31
42
83
44
71
59
41
79
44
39
39
61
40
75
67
43
39
39
71
66
68
40
41
56
50
66
41
49
39
73
39
75
32
42
43
40
77
41
71
71
41
76
32
39
39
65
39
40
42
61
56
42
39
39
33
33
59
69
39
40
61
73
40
39
72
69
79
40
46
39
50
41
83
78
40
65
32
71
39
73
40
64
40
39
40
66
42
72
64
39
81
52
61
66
72
68
42
39
47
71
75
75
91
42
42
74
58
42
73
42
26
43
78
50
32
78
45
41
76
41
77
53
69
39
58
40
64
73
82
66
36
77
64
66
72
42
38
38
65
55
31
87
79
62
77
76
32
39
69
83
234
65
67
69
53
69
73
84
41
65
68
68
74
68
40
67
40
81
68
69
39
41
41
40
73
41
84
80
42
88
85
103
72
75
39
80
80
80
57
89
52
90
82
90
110
90
43
39
45
86
116
39
45
42
76
94
71
73
35
40
80
38
88
41
44
40
42
39
47
91
78
40
75
40
39
69
141
75
73
40
85
81
59
41
57
112
79
67
88
76
42
80
97
73
172
58
51
40
40
35
80
41
75
47
58
70
38
41
77
76
49
46
75
42
79
42
78
42
38
101
40
75
42
49
38
42
39
96
106
42
78
47
95
41
96
76
79
78
40
40
69
56
89
40
39
42
86
46
38
92
47
46
83
93
40
80
85
40
77
99
43
89
74
40
39
79
88
78
40
42
73
72
78
41
74
44
38
88
46
40
88
50
39
42
45
35
93
77
45
41
86
39
78
78
79
80
43
38
103
47
85
91
42
39
39
39
65
39
82
40
70
42
49
73
76
43
39
38
41
38
41
60
74
83
39
67
39
83
39
63
47
70
52
41
41
75
40
39
40
40
39
79
71
76
76
65
41
62
84
38
42
68
40
38
78
74
42
76
38
39
40
70
39
43
77
39
39
64
72
78
77
39
42
89
91
38
78
32
38
39
59
68
67
42
68
41
98
68
100
38
71
40
40
38
78
38
63
76
42
67
42
87
39
76
38
40
88
87
82
80
89
65
71
83
40
75
41
32
40
45
100
42
66
61
80
40
78
38
67
42
76
43
75
38
74
40
41
42
42
53
42
69
40
64
40
39
40
47
69
41
81
60
87
70
40
39
38
38
84
39
43
33
57
94
50
45
51
75
38
72
81
79
39
52
41
93
88
103
75
40
70
49
75
62
69
76
80
66
84
78
42
32
74
73
70
67
63
72
39
42
86
48
69
59
39
40
77
45
40
80
74
40
69
42
83
85
97
39
39
49
84
84
70
39
88
40
51
86
73
31
41
61
44
43
36
74
80
70
40
83
39
37
83
43
39
86
32
48
41
83
71
87
42
79
68
81
81
33
41
41
39
101
71
80
40
47
65
49
51
95
99
40
67
47
32
72
68
71
71
40
39
91
70
40
64
41
60
35
70
38
81
73
44
40
56
70
61
56
44
42
80
67
73
90
40
76
33
68
40
77
41
78
43
74
38
40
48
83
39
42
43
64
51
71
43
70
43
44
72
48
62
41
42
39
77
40
100
100
44
38
67
73
74
43
81
43
78
43
68
42
44
67
72
41
65
69
39
