46
39
46
48
61
43
68
55
71
73
41
70
42
71
48
58
73
41
44
40
82
75
39
75
49
55
88
51
39
39
44
78
40
46
41
40
55
79
41
50
49
69
47
44
49
50
64
39
43
46
43
47
65
47
40
53
78
69
78
39
69
41
84
40
41
49
40
50
50
78
82
59
62
79
47
47
41
47
74
85
52
47
66
52
47
48
55
40
42
47
46
82
48
65
60
58
85
55
66
44
51
67
44
73
44
41
41
46
40
81
76
49
40
77
41
33
41
86
41
91
49
52
38
43
83
46
46
40
74
39
40
89
41
42
49
42
41
54
42
60
48
50
49
52
43
60
42
53
71
40
61
46
49
69
44
49
61
55
80
64
43
72
42
49
71
48
82
43
51
40
41
55
44
45
90
42
50
47
60
44
43
49
41
50
44
59
43
42
41
42
40
80
43
42
41
58
51
74
40
46
51
93
40
50
49
41
45
44
41
49
50
44
41
82
55
42
92
40
41
43
66
42
49
53
70
43
47
58
43
53
54
84
55
57
44
44
101
65
45
64
51
47
43
47
55
90
65
44
93
61
101
45
46
63
81
44
47
48
45
43
54
55
90
51
58
83
44
48
45
52
81
45
88
44
49
45
54
52
97
108
53
77
53
42
43
44
113
42
55
46
60
45
46
54
53
69
52
48
85
46
66
46
81
48
59
93
55
66
62
44
45
52
45
49
61
63
59
96
81
42
47
46
82
50
56
46
53
75
45
55
50
50
57
86
47
45
45
71
80
43
52
48
80
78
43
50
55
64
48
42
62
70
93
42
45
42
75
42
42
42
41
51
100
50
41
41
77
42
45
56
80
73
59
42
49
50
42
100
48
51
41
50
51
51
44
41
60
53
43
41
42
76
60
50
49
44
80
71
56
41
56
87
50
44
80
41
78
49
64
71
52
70
65
82
70
60
77
57
46
82
82
83
66
63
50
50
47
68
52
42
49
47
77
47
73
49
47
90
69
73
51
51
50
40
56
73
47
54
71
40
81
46
40
60
40
45
40
49
46
52
50
49
51
40
40
49
51
41
50
47
49
68
44
52
58
77
49
47
39
46
44
45
48
47
49
67
47
39
43
55
64
72
47
45
80
65
57
56
56
42
68
53
46
56
45
72
40
45
38
39
40
42
43
51
39
44
38
39
63
43
48
80
46
48
50
50
50
71
49
40
62
39
48
43
38
41
47
42
48
55
73
78
58
46
41
54
73
42
48
60
64
59
69
52
48
43
48
67
40
42
40
50
48
45
82
40
42
53
76
79
51
49
74
41
49
42
42
49
50
41
50
42
55
40
50
41
65
33
42
43
41
93
43
51
57
53
75
58
58
41
47
78
44
44
76
79
54
41
66
42
54
40
55
41
42
60
55
41
54
49
48
38
72
76
60
53
42
60
39
45
40
41
51
55
47
81
40
50
45
78
46
53
46
40
40
79
85
58
41
59
55
62
41
63
39
59
47
50
49
50
43
57
43
42
78
50
47
54
55
43
42
69
69
54
56
73
41
58
77
54
55
56
84
79
60
39
65
39
73
57
68
42
51
39
52
45
46
41
53
50
39
54
40
63
63
59
86
49
39
55
42
68
56
59
66
47
72
44
63
59
71
81
41
57
39
47
89
42
39
80
49
47
41
68
48
39
45
50
84
55
43
42
64
43
38
62
40
46
42
38
42
49
43
49
75
71
41
55
41
56
34
52
44
106
40
66
44
54
40
40
57
42
41
55
67
59
49
63
78
52
40
57
54
48
72
40
77
46
39
45
57
60
45
47
80
42
58
41
42
49
43
82
48
46
46
45
47
40
53
49
54
39
45
39
52
75
48
48
39
80
41
45
75
62
49
43
74
47
47
67
42
46
47
78
43
41
82
49
52
40
54
68
48
83
39
43
41
50
81
47
76
49
41
55
58
57
47
48
40
51
49
42
58
54
43
40
43
50
48
73
40
40
41
49
79
48
55
47
66
82
39
45
48
77
76
51
68
41
46
68
52
43
47
52
78
48
39
47
40
42
41
42
46
42
41
39
53
40
39
50
43
59
61
41
45
82
50
54
40
61
52
45
56
77
58
43
41
50
47
49
69
62
55
46
47
41
74
49
65
59
40
56
61
47
59
49
47
45
41
49
41
41
86
57
53
49
42
71
48
50
49
48
40
90
61
46
41
61
44
47
49
68
51
59
49
62
49
40
46
41
46
41
51
49
41
54
57
51
47
49
46
54
48
80
54
58
157
48
55
52
