337
299
276
333
245
193
205
197
195
191
184
189
139
218
217
213
231
195
190
205
187
194
193
182
203
186
177
191
206
217
182
185
230
242
317
272
265
209
197
326
305
183
246
188
184
235
270
227
213
189
190
209
205
187
210
204
199
209
260
298
264
219
166
220
168
184
188
220
179
219
190
191
163
191
176
199
163
204
176
198
200
186
165
172
197
221
207
208
219
199
181
477
168
193
175
212
210
171
164
187
213
187
236
188
195
208
218
142
176
191
222
221
188
196
179
180
180
195
193
192
191
200
176
192
162
195
185
179
168
190
222
216
190
187
193
185
189
193
159
174
186
204
180
235
187
190
205
172
174
202
170
201
449
212
208
292
180
224
185
209
186
204
198
188
178
186
178
170
215
203
166
203
189
225
193
209
177
232
194
213
189
186
167
180
227
200
212
240
186
199
185
211
189
170
186
197
237
206
259
174
180
227
225
187
170
165
181
188
187
233
196
193
217
183
185
194
185
190
235
197
227
163
207
187
175
213
193
181
222
212
277
267
194
190
216
245
212
209
183
186
193
242
182
213
194
198
222
184
182
187
200
199
173
198
171
171
204
186
182
218
192
199
176
176
221
182
193
198
179
186
205
219
183
216
182
198
191
216
234
167
182
208
174
204
191
169
188
197
196
174
203
400
197
185
192
207
211
177
147
157
155
154
155
206
177
153
138
186
183
151
187
143
275
178
334
169
199
184
139
184
230
216
181
266
235
257
282
314
262
277
216
190
206
146
146
296
177
177
218
162
178
212
178
133
142
199
164
182
154
276
155
126
154
158
146
166
136
165
197
148
205
153
161
193
168
184
141
155
173
151
233
171
141
142
145
186
161
186
188
170
157
174
184
168
219
156
177
154
193
168
167
164
170
149
172
121
196
173
182
177
152
148
125
162
216
156
147
183
197
296
248
509
389
262
304
246
382
398
370
355
358
530
402
272
401
341
232
280
339
284
205
218
276
360
1474
231
272
280
220
239
179
173
199
237
233
209
161
145
161
176
156
148
153
148
182
184
150
163
161
151
182
158
190
144
156
165
180
180
174
192
211
198
169
143
184
182
161
161
159
174
185
176
179
198
136
185
204
190
154
176
157
189
187
159
134
156
145
145
178
156
162
155
161
200
175
278
161
155
176
150
136
224
162
164
204
179
161
161
169
169
154
151
136
169
157
166
161
132
150
156
146
135
170
462
222
178
160
181
155
194
189
174
177
149
169
173
154
156
158
127
175
184
158
168
137
158
180
151
154
172
161
154
115
154
148
194
160
185
217
192
185
188
183
174
158
214
246
261
178
213
202
165
220
157
185
187
154
172
155
145
190
130
257
250
231
278
157
146
146
171
181
205
127
142
202
178
170
177
154
194
151
181
156
149
122
128
519
161
168
148
160
201
152
209
168
159
176
158
192
156
167
215
146
175
151
154
187
178
123
148
159
168
196
235
207
251
216
230
219
231
267
273
179
187
191
130
196
198
176
194
145
165
197
165
210
147
154
181
152
189
145
307
156
135
190
159
149
152
165
152
182
153
183
156
175
167
183
170
159
154
172
187
208
156
225
230
185
188
186
194
167
255
203
235
205
235
209
225
242
175
243
226
167
194
184
358
229
191
163
172
288
219
261
201
223
178
185
210
629
215
294
320
261
373
449
315
351
397
316
233
224
242
161
177
178
190
225
162
173
221
206
181
194
187
227
231
211
260
200
246
199
202
222
193
218
159
191
233
162
182
203
209
213
211
187
210
166
226
162
210
188
212
231
212
211
169
248
234
289
226
161
164
162
208
210
197
197
239
179
224
182
185
185
193
226
160
148
179
218
175
209
192
228
211
320
193
224
324
207
171
232
195
161
168
195
219
190
181
200
193
243
233
171
255
234
275
165
190
201
176
228
192
210
171
172
194
209
213
215
209
217
215
197
169
174
171
224
175
236
209
172
167
195
349
434
355
305
338
284
185
280
212
182
256
217
237
212
204
171
223
168
176
250
226
233
164
179
188
218
179
215
235
238
288
232
217
177
281
208
194
209
250
279
289
234
225
171
170
231
164
180
210
197
182
233
315
279
227
286
223
264
191
280
182
240
163
235
172
184
212
154
180
176
227
229
184
201
161
219
230
229
181
171
192
193
217
217
183
189
174
229
173
195
160
177
138
176
152
175
176
213
214
220
177
184
212
232
207
174
166
187
215
243
161
247
175
237
165
188
343
195
156
195
165
221
198
243
288
259
332
212
255
254
267
268
205
276
265
260
294
