50
42
50
47
87
78
41
40
39
54
42
41
43
42
62
53
41
82
48
41
51
42
75
49
43
65
42
52
65
50
48
46
73
41
51
44
53
72
53
57
41
72
69
41
86
46
41
53
44
47
39
47
75
64
47
39
39
48
72
51
39
55
82
49
46
71
52
41
50
51
49
65
49
51
54
84
47
80
44
44
68
42
59
45
40
47
42
49
75
42
69
93
56
72
41
48
52
50
62
73
50
62
42
84
70
60
44
48
68
47
43
77
42
49
47
49
73
50
50
64
74
59
42
40
72
40
43
41
50
51
52
54
40
41
42
41
42
65
53
44
41
73
42
53
42
41
164
53
48
48
56
43
52
43
44
44
46
56
45
43
43
44
52
44
42
45
54
54
46
55
44
82
50
44
55
49
85
46
50
81
49
48
93
89
55
41
41
85
42
42
45
55
52
42
80
81
46
49
49
48
89
41
57
49
50
45
59
58
91
43
193
82
45
40
52
77
42
41
51
50
43
42
66
41
54
43
44
47
52
54
50
64
57
45
44
52
53
51
71
68
43
52
144
51
45
79
43
43
44
44
44
43
60
66
75
50
48
45
54
71
45
44
42
53
55
45
59
58
57
92
54
56
94
45
65
47
53
45
54
50
46
53
103
49
46
44
46
56
49
86
52
45
48
45
46
55
56
53
45
100
50
45
54
55
45
87
59
55
52
47
54
56
48
96
52
63
57
54
53
53
64
47
54
97
52
46
74
45
45
50
80
52
58
53
98
56
62
67
53
54
81
73
43
52
55
50
43
45
76
49
65
60
79
43
44
46
43
83
44
51
78
54
45
75
46
65
49
43
44
67
84
47
42
40
42
59
69
49
42
50
51
77
42
41
44
77
55
53
57
46
45
54
43
72
41
41
41
50
76
44
45
42
47
53
41
50
50
54
84
51
46
85
48
48
79
40
40
82
101
49
48
75
79
41
41
43
52
42
47
76
54
47
48
41
77
47
48
40
49
53
57
80
63
50
44
41
42
41
72
79
62
40
43
78
44
42
50
42
48
47
40
42
43
78
53
49
41
75
48
41
83
59
49
52
47
78
40
66
78
53
41
40
60
76
45
49
41
44
77
42
40
42
50
45
84
67
59
50
41
74
44
42
41
78
42
48
41
41
50
78
53
72
59
51
46
74
50
40
59
47
42
49
53
79
60
43
44
47
88
49
42
41
41
70
51
49
72
49
47
62
50
74
70
42
47
40
77
46
46
41
60
45
52
43
49
71
41
43
47
43
49
71
46
62
58
78
64
57
46
42
39
43
53
76
46
50
82
41
51
74
70
56
50
49
41
68
80
48
68
43
65
42
51
55
54
49
48
92
66
42
61
45
52
49
84
73
76
59
44
47
67
78
41
50
43
51
79
62
39
49
42
55
79
47
51
50
39
77
57
49
51
48
51
83
46
53
40
45
58
74
50
58
48
49
42
40
73
51
44
78
48
57
50
76
52
79
42
51
80
41
52
57
60
41
50
82
42
59
54
78
39
91
78
94
41
48
49
41
49
48
53
77
61
54
43
42
53
48
41
40
47
67
61
42
43
43
70
40
44
41
41
42
40
50
49
44
222
68
51
53
52
48
70
41
42
41
82
42
41
82
52
52
56
48
83
43
49
50
53
74
55
58
76
51
49
50
53
66
50
72
53
49
65
53
52
42
53
43
43
53
42
61
33
45
72
48
48
53
45
43
66
43
53
60
67
55
59
77
41
52
42
47
81
49
42
80
49
49
75
50
50
42
46
47
42
50
51
42
47
52
67
41
42
59
43
74
41
42
48
43
89
53
40
41
50
86
42
47
41
42
90
48
48
56
61
82
42
47
41
42
76
46
42
61
41
49
50
44
83
56
60
45
42
78
55
80
41
42
48
48
60
92
43
50
61
43
82
50
52
54
42
47
74
45
45
41
42
72
58
64
42
63
42
73
61
94
51
88
89
54
60
54
78
49
41
84
39
41
152
49
50
48
78
60
42
49
39
69
49
49
77
84
57
45
49
78
41
44
75
42
51
40
42
40
43
51
41
48
48
80
49
59
73
47
83
52
40
40
64
41
42
53
57
69
42
57
41
50
91
39
41
41
42
47
45
47
46
67
56
44
58
54
51
83
52
43
43
52
82
44
43
47
52
70
52
42
40
62
40
52
53
42
66
48
47
49
59
50
41
51
49
78
46
41
88
48
46
71
42
73
39
48
46
41
41
87
51
52
43
47
99
47
50
55
61
66
54
52
85
74
