46
59
47
76
47
42
51
49
41
47
76
48
41
44
71
80
62
44
48
49
42
58
46
69
52
42
80
72
60
40
56
50
64
63
42
53
44
39
48
60
42
54
45
63
49
49
41
51
42
47
67
48
51
59
53
61
45
43
52
64
53
61
41
68
48
43
41
75
53
40
45
65
75
42
42
71
43
78
42
49
83
50
49
48
43
45
43
40
73
63
45
53
86
61
47
51
49
50
89
40
48
48
42
61
42
62
44
43
51
44
53
42
50
85
115
72
41
90
45
48
43
46
60
43
51
43
50
53
66
45
45
36
52
54
45
43
43
84
67
46
47
54
45
47
45
43
43
53
48
57
44
52
57
52
47
80
50
57
46
70
44
58
43
84
43
44
56
44
49
44
54
84
51
55
56
72
45
80
43
88
50
43
44
91
44
42
52
49
42
62
42
64
43
54
57
57
45
79
42
43
54
50
44
59
73
54
52
42
51
79
56
43
47
52
46
58
54
52
52
54
86
55
59
45
52
44
44
48
44
53
48
45
54
49
45
48
51
88
35
44
55
46
85
45
56
84
100
95
65
56
62
52
46
51
37
77
54
94
61
54
53
57
44
54
48
47
63
46
49
59
64
52
55
75
46
54
48
49
45
64
46
53
52
85
36
47
47
44
46
47
48
72
56
83
58
53
83
55
116
54
48
93
45
141
48
47
45
60
47
53
62
60
56
59
48
77
55
52
45
46
52
173
54
84
48
47
57
88
45
83
65
93
54
92
60
51
47
93
59
91
44
79
44
53
45
92
57
55
50
61
77
44
64
44
51
47
43
50
50
55
56
45
54
67
50
43
44
53
50
71
44
48
52
66
44
94
53
69
41
61
42
84
44
45
49
69
59
42
58
46
61
79
51
50
52
74
51
43
51
67
42
66
44
43
51
40
52
51
52
52
48
50
50
84
53
67
43
52
46
75
46
47
40
44
42
51
42
55
50
66
63
49
59
67
42
83
50
55
47
62
52
84
51
42
47
56
56
41
49
52
45
41
77
42
43
52
62
43
40
45
50
64
41
52
71
32
40
48
76
73
40
49
60
64
59
41
53
41
73
42
56
50
48
40
39
41
41
49
53
40
63
49
49
41
67
52
78
41
72
40
60
47
77
42
49
40
75
70
39
49
67
47
59
43
49
51
53
51
40
41
38
74
40
49
53
48
41
63
42
66
42
74
55
41
40
68
46
49
48
68
41
49
42
40
47
49
48
49
47
43
41
42
57
48
70
42
52
40
61
68
78
49
50
55
40
84
47
49
43
48
45
49
40
40
67
446
42
42
50
79
41
76
41
39
46
46
49
73
46
39
43
86
39
41
40
41
47
84
52
43
53
39
51
46
58
42
41
53
56
40
62
41
81
62
46
50
48
41
47
52
41
46
42
46
88
50
69
48
56
48
79
40
46
42
62
46
47
49
71
48
40
41
79
41
39
54
42
47
53
49
52
40
47
46
42
47
53
43
56
49
50
73
43
41
85
66
52
39
77
84
49
40
40
77
40
42
52
89
53
42
40
38
45
64
57
71
78
47
39
75
49
49
72
51
78
41
47
40
77
38
50
46
70
74
42
54
42
39
84
40
78
47
72
49
39
41
51
72
41
39
40
41
44
41
40
49
43
50
46
47
44
41
46
42
40
42
74
44
54
46
47
50
42
41
78
41
56
32
71
49
73
43
42
39
49
47
74
78
49
79
43
68
38
44
61
66
39
42
57
100
42
47
42
79
40
69
39
41
44
40
56
72
42
45
42
43
41
50
41
41
43
70
76
46
41
40
41
69
40
68
43
42
53
72
42
39
41
76
39
41
48
41
90
42
46
47
82
49
64
49
40
40
44
65
53
53
40
48
39
50
44
44
78
76
43
40
40
54
49
41
79
80
48
49
45
74
41
42
55
53
46
44
67
55
49
48
58
43
75
42
50
49
69
42
47
40
72
40
48
41
73
64
42
89
42
49
58
84
77
41
41
39
43
41
42
42
48
44
41
86
49
68
42
41
51
49
42
53
41
40
47
45
70
75
46
54
46
69
48
41
41
87
78
52
40
41
43
73
46
42
49
49
84
60
39
41
49
40
78
40
46
49
68
49
39
76
68
46
53
85
65
49
77
49
39
50
54
59
38
74
46
42
50
47
75
40
88
44
42
49
47
48
41
48
74
51
50
42
76
42
46
40
76
54
47
40
41
46
71
49
80
60
40
46
42
41
72
43
72
49
41
43
50
52
40
44
40
52
39
49
