176
186
194
192
198
201
183
157
170
208
182
198
188
194
171
166
203
199
204
161
195
205
184
193
211
182
208
216
180
226
248
278
196
202
220
176
169
217
189
201
212
211
206
164
181
210
195
199
199
188
196
206
211
227
185
215
207
204
178
193
193
186
217
194
200
220
194
183
200
201
194
193
189
198
212
208
236
203
202
202
199
209
207
191
197
209
168
171
169
179
176
205
230
177
204
179
204
177
203
181
173
177
185
184
177
179
194
175
189
170
186
176
203
174
150
193
168
199
184
201
199
208
195
178
174
320
177
189
179
177
195
177
306
168
195
192
168
191
177
195
169
183
196
208
195
186
186
186
186
203
190
180
203
182
184
204
190
175
183
164
177
180
189
187
196
184
205
193
176
242
214
178
177
197
183
223
227
182
171
209
180
178
179
194
172
180
186
228
186
177
163
216
179
220
196
181
195
220
173
210
209
182
182
236
193
219
165
192
177
222
176
210
187
187
183
221
182
212
189
150
183
222
194
206
216
192
187
199
196
179
190
189
215
200
208
224
173
184
184
186
193
380
192
235
202
227
201
208
197
213
177
226
288
180
188
226
187
287
205
225
173
219
179
195
186
196
254
233
222
186
231
171
213
205
204
229
217
188
231
204
194
191
180
212
202
216
182
169
228
315
221
298
179
194
239
191
188
240
239
183
235
197
201
184
225
200
218
181
197
210
231
182
187
194
188
175
190
202
273
189
256
223
191
195
196
216
195
203
232
237
196
184
237
250
188
187
197
204
200
193
215
223
232
211
216
159
215
226
224
184
217
197
208
191
257
255
262
281
274
182
217
217
280
411
303
272
193
263
343
243
235
270
284
269
205
228
263
303
273
379
347
377
393
280
250
211
209
308
242
235
310
301
390
287
277
337
372
369
244
293
401
284
281
341
300
244
230
247
232
205
186
186
184
208
190
197
244
199
178
188
197
214
220
207
189
197
213
187
208
201
334
213
213
190
202
187
208
176
190
186
167
229
208
188
224
190
179
179
185
227
208
231
191
184
343
183
220
233
214
194
169
202
222
175
198
221
182
225
210
192
196
188
187
199
198
198
183
218
193
244
195
204
202
203
200
209
196
219
216
234
177
219
190
231
217
263
194
211
257
193
212
227
201
196
184
207
211
191
197
220
192
227
214
200
188
179
196
193
191
196
192
187
196
181
193
207
211
222
197
199
230
222
174
195
211
180
175
208
179
223
186
235
193
205
194
223
162
213
203
200
173
219
181
195
193
194
180
230
200
217
188
186
195
202
203
207
204
202
181
221
194
168
187
219
176
203
193
195
397
209
177
215
215
232
185
185
170
403
209
264
257
261
252
212
206
207
199
197
178
189
203
174
293
203
235
198
192
206
208
199
195
170
189
210
212
219
208
171
198
173
162
179
220
224
188
235
210
239
200
205
199
236
220
190
215
202
184
198
219
204
186
216
222
207
194
198
181
209
217
207
212
214
306
200
202
201
185
207
214
199
202
470
214
231
236
215
217
187
192
168
205
192
222
232
194
215
221
180
198
169
181
215
183
167
188
202
197
235
223
189
227
202
197
203
194
196
196
203
190
206
204
197
195
224
204
235
189
236
191
219
202
217
324
203
187
169
229
214
248
318
202
195
192
205
235
222
180
237
206
217
245
220
217
170
205
217
201
188
206
206
195
215
231
206
253
216
212
217
222
207
201
192
183
216
211
217
181
201
202
214
203
225
208
180
182
192
219
199
185
223
190
167
213
194
182
297
365
197
198
220
198
197
225
215
224
322
188
212
199
223
185
175
228
319
198
190
216
198
179
193
241
181
224
226
305
230
251
228
191
196
224
264
231
262
284
244
208
231
291
255
284
233
242
166
223
166
220
187
186
224
441
193
257
225
208
215
221
169
211
189
252
228
252
283
214
196
192
241
194
196
228
193
184
207
186
173
216
188
220
179
223
213
216
200
222
213
218
181
192
196
167
188
274
238
169
179
210
182
301
155
189
191
191
187
200
208
237
244
186
195
195
209
192
249
246
235
255
336
161
370
412
402
485
335
223
178
213
210
203
228
287
272
281
260
330
343
391
399
364
398
434
289
412
260
231
212
216
216
191
220
205
218
164
222
207
318
195
245
292
249
273
224
183
246
232
227
189
199
230
198
211
210
339
271
249
307
206
239
295
410
244
246
227
353
333
313
343
373
211
220
226
200
226
185
204
190
220
207
201
192
229
212
163
227
218
224
229
213
201
195
225
207
225
240
218
166
227
195
237
198
