81
50
75
73
39
42
64
66
55
70
55
84
77
55
76
45
46
40
42
44
68
42
85
69
38
42
38
44
63
48
71
41
46
78
73
57
41
74
40
46
64
39
65
43
41
47
40
52
78
41
42
42
48
45
60
40
44
80
52
45
47
52
71
50
46
41
38
50
72
40
41
38
58
46
81
38
46
45
61
50
72
40
60
51
42
46
88
39
49
75
40
70
80
58
79
39
78
42
71
55
67
42
81
41
72
41
40
49
46
48
85
45
41
48
38
46
87
49
42
38
49
47
72
52
47
48
39
40
74
50
56
70
41
53
78
38
46
46
44
80
80
64
75
49
74
38
48
103
43
48
62
43
56
39
73
43
43
48
84
40
47
47
70
49
60
40
45
46
75
46
43
48
40
51
91
57
83
80
44
41
73
39
84
49
51
80
73
38
40
49
39
65
193
42
48
97
96
61
76
58
85
50
43
38
60
64
80
115
39
85
48
81
48
52
80
43
75
82
44
81
39
47
46
85
75
42
40
34
39
72
42
41
93
40
42
68
59
53
39
47
44
72
51
39
89
61
84
46
45
89
54
40
46
42
49
41
41
46
46
70
51
48
39
39
46
51
47
50
38
39
39
42
38
50
39
39
41
49
52
46
45
70
50
54
46
58
49
42
53
50
79
53
49
50
46
50
77
39
42
45
44
65
92
63
42
74
49
40
79
63
77
76
74
71
79
61
52
73
74
51
68
86
52
65
56
69
64
40
89
49
111
79
81
53
49
42
50
61
38
83
48
45
88
31
38
48
98
49
88
43
41
57
40
67
58
83
47
42
56
40
75
81
47
79
45
41
44
41
68
42
53
87
44
43
53
43
54
80
44
55
45
52
81
82
90
37
61
49
44
65
50
96
53
52
93
53
42
72
58
50
64
43
43
66
43
119
51
47
91
42
85
99
43
78
46
45
61
56
62
90
44
45
100
46
71
51
51
47
55
68
87
147
71
69
93
57
124
60
86
47
62
73
74
68
54
56
61
61
54
43
80
41
85
82
53
88
54
74
64
68
91
84
41
68
43
58
41
61
42
81
41
42
40
42
72
91
58
79
42
99
70
79
44
138
49
71
45
54
81
62
64
75
43
68
53
48
41
49
49
64
57
47
75
41
57
41
40
41
72
53
40
84
40
41
82
46
42
40
88
57
39
47
45
42
71
67
40
73
67
51
82
45
47
78
40
39
45
55
46
41
46
54
84
93
94
39
68
59
61
41
65
50
83
75
43
41
50
58
78
59
42
71
32
33
41
76
76
56
49
50
59
38
84
65
40
68
41
56
64
69
52
59
40
50
51
82
41
68
60
54
41
75
49
49
76
57
42
53
51
74
84
78
58
47
71
84
40
82
41
49
46
50
46
76
44
58
58
75
68
41
41
58
56
45
77
44
43
46
40
40
74
50
49
76
60
50
80
40
49
76
48
38
51
93
92
77
49
74
122
72
63
54
85
51
50
83
46
40
51
80
44
44
67
56
53
75
46
78
46
47
79
71
56
52
41
45
77
85
45
84
77
58
52
47
50
68
39
46
42
48
45
82
54
38
84
48
42
60
59
39
81
38
49
50
41
40
92
85
70
68
38
70
51
46
78
40
46
80
50
45
38
46
67
51
56
37
43
42
113
50
79
76
87
56
79
70
54
459
49
39
82
91
39
63
75
56
47
40
54
44
65
58
91
85
43
49
45
71
68
47
82
70
57
78
48
44
72
86
46
60
40
40
46
81
38
50
63
51
59
77
49
46
55
51
39
42
70
40
40
47
43
60
63
52
50
70
81
40
49
79
44
50
79
60
99
59
62
101
51
102
50
88
43
51
60
50
44
80
48
51
62
51
41
66
57
54
63
41
49
78
58
55
51
60
69
57
86
51
38
82
73
49
51
41
40
47
79
61
80
69
51
55
80
87
72
50
72
42
55
41
48
43
42
77
48
79
52
38
51
47
46
38
55
46
52
54
68
57
81
39
73
45
50
47
40
40
49
46
50
47
45
40
54
48
45
46
74
68
48
67
41
44
49
53
54
46
52
55
41
40
75
45
40
40
46
40
42
42
49
52
53
42
50
41
41
43
70
44
55
43
41
65
40
48
40
43
55
68
42
41
33
44
71
58
44
59
54
51
62
40
47
53
53
51
50
55
44
59
41
43
51
42
40
76
34
63
50
43
43
74
42
48
33
41
73
42
40
72
41
63
45
51
43
76
40
64
66
53
42
48
43
85
63
64
52
74
70
44
39
46
