90
47
47
41
307
56
48
41
51
70
65
62
82
78
40
85
79
48
47
48
67
80
40
40
49
53
60
42
47
46
46
46
52
56
90
49
52
49
47
48
52
49
44
59
83
48
53
42
63
78
42
43
50
42
69
42
42
50
50
53
69
53
50
42
50
54
50
41
42
55
78
63
42
52
50
50
41
41
46
48
49
67
50
42
51
59
63
54
45
39
93
66
42
43
51
49
44
58
43
75
43
44
49
43
52
70
48
48
40
54
57
61
47
85
39
44
42
40
131
85
46
82
56
48
49
55
47
63
48
76
47
46
47
48
49
55
52
70
47
59
47
59
58
45
58
52
55
48
47
53
72
53
57
86
54
53
44
55
49
47
55
53
55
58
47
54
43
54
57
45
44
53
54
56
55
46
44
51
50
43
50
43
45
47
44
49
45
45
52
90
44
52
42
52
68
59
45
140
47
96
48
49
86
47
61
52
66
48
50
47
55
97
55
48
49
48
61
48
46
45
47
104
79
55
53
78
58
99
81
52
52
54
45
47
48
47
53
48
46
47
67
48
48
53
54
46
46
77
47
54
47
57
47
77
47
63
44
55
68
60
46
46
44
46
51
48
74
46
49
58
66
47
56
46
47
70
54
47
52
76
45
49
46
55
42
50
50
65
51
43
79
47
43
53
75
53
46
45
42
44
46
64
45
44
50
47
86
41
41
53
45
52
51
54
48
80
60
51
55
48
41
51
48
65
61
79
42
44
46
84
47
63
42
60
66
71
42
41
76
54
47
42
50
77
82
41
56
49
52
44
42
51
61
42
53
41
52
40
78
41
53
49
43
81
59
41
48
59
48
53
41
76
81
42
42
59
73
45
42
41
45
49
41
69
47
52
48
50
57
60
41
81
44
65
40
52
50
51
50
44
49
45
77
41
47
49
54
82
52
60
42
56
44
48
49
86
78
43
40
53
51
48
53
50
57
56
86
42
48
45
50
48
65
48
46
42
76
49
44
40
53
54
74
46
60
42
63
68
42
51
81
50
43
38
42
66
40
41
78
54
44
79
84
54
49
48
52
52
46
76
84
39
49
66
43
41
56
89
49
48
44
52
41
46
40
47
62
39
42
53
59
85
46
42
52
41
41
68
62
47
47
48
43
43
46
76
43
39
49
42
42
39
84
64
55
40
52
47
83
49
61
82
47
39
50
49
75
41
58
60
41
41
48
46
47
44
50
79
44
63
48
49
42
56
49
80
73
59
60
58
48
50
58
42
50
45
48
42
41
50
52
41
42
66
41
42
62
41
45
50
40
64
89
50
57
45
40
44
43
84
51
45
59
83
43
58
77
66
82
40
40
42
46
76
87
78
50
48
55
83
49
40
42
42
50
41
41
76
46
42
70
86
40
40
77
39
51
44
62
75
58
51
85
62
52
48
39
43
81
41
41
42
41
81
58
40
45
64
48
69
48
51
55
58
50
81
51
61
51
54
39
53
72
47
47
47
48
52
58
72
56
56
68
49
48
42
49
40
50
58
44
48
72
61
43
42
58
73
49
41
83
47
40
59
70
61
51
51
40
85
54
42
40
42
47
43
43
68
42
41
48
53
52
34
42
89
44
49
43
40
42
42
54
82
48
59
44
55
48
42
41
50
48
43
40
51
44
42
40
49
49
49
46
65
46
63
71
45
58
43
40
50
51
50
71
44
42
79
49
64
42
47
42
42
44
44
53
42
44
48
69
44
42
63
50
51
46
54
53
52
43
46
57
80
41
50
61
52
42
78
78
43
42
46
52
76
41
42
54
53
44
48
51
57
44
56
69
56
40
46
74
55
48
43
49
76
42
42
40
41
40
45
50
43
47
45
78
41
44
43
52
77
41
45
41
48
42
46
57
68
51
44
43
49
42
42
48
56
41
51
54
42
71
50
40
43
44
52
71
45
48
77
54
58
42
50
68
40
49
48
51
41
41
41
54
57
44
56
81
40
40
41
40
42
43
42
57
42
51
49
49
77
40
44
42
46
57
41
48
45
85
43
50
57
46
41
71
48
42
50
53
58
49
51
42
72
40
52
49
47
39
50
63
47
48
47
44
49
40
48
41
48
44
48
41
48
76
40
49
54
41
44
54
41
77
42
48
40
56
75
41
43
74
43
45
47
40
39
51
41
82
40
42
52
65
49
47
49
53
47
78
39
58
47
41
41
47
46
53
42
77
40
40
48
43
76
46
42
50
81
51
60
41
42
40
44
62
75
58
59
49
77
50
48
41
44
92
48
45
41
