208
190
233
294
202
209
234
231
221
201
249
249
177
222
208
181
191
185
206
184
175
168
177
190
196
176
279
189
215
208
236
222
202
332
205
277
236
190
186
251
188
223
226
195
201
198
229
194
195
232
254
209
223
231
254
210
180
216
198
235
211
206
225
187
189
203
172
181
198
188
219
187
187
260
272
227
218
186
215
253
218
187
220
181
190
227
206
216
224
217
228
177
193
199
201
218
202
213
233
233
210
199
231
235
242
229
255
237
215
300
203
232
250
183
301
218
200
230
210
236
238
248
247
298
201
370
245
331
221
243
237
224
202
200
221
262
204
219
240
196
190
379
232
196
241
181
245
243
249
242
202
247
204
193
242
200
207
185
201
199
186
216
208
361
209
229
266
210
231
193
313
283
197
197
233
222
231
202
263
222
288
202
214
262
210
298
297
200
195
217
310
213
212
189
186
251
201
222
199
191
212
211
230
241
248
205
259
239
275
240
203
204
201
298
306
237
212
213
227
282
212
288
210
236
263
240
238
221
209
296
210
225
292
229
191
214
215
274
224
203
217
227
208
261
308
232
264
223
202
218
193
254
242
198
205
217
237
300
209
242
401
296
238
198
271
196
245
223
183
186
225
278
259
183
172
211
188
260
182
187
216
238
204
247
202
192
215
227
249
183
219
211
222
213
270
228
358
226
222
213
234
227
214
195
213
219
244
258
253
229
233
514
246
272
217
267
321
257
216
337
219
263
248
229
241
294
235
245
219
254
237
358
356
216
249
233
259
244
208
300
295
253
664
231
276
237
202
286
189
241
201
198
197
191
228
246
236
258
220
231
250
221
230
187
237
253
210
222
221
241
231
231
191
232
231
219
244
233
222
210
218
211
185
211
230
240
220
208
237
221
215
219
207
236
346
207
242
190
263
206
209
207
212
214
225
243
236
310
225
216
218
200
222
222
257
225
209
209
218
226
259
206
208
268
205
319
213
248
238
285
336
219
232
157
238
171
210
241
259
210
556
203
218
242
198
208
273
204
190
210
197
173
237
217
219
204
200
203
192
235
205
204
190
207
226
198
173
221
243
198
242
202
203
202
189
212
194
192
257
191
274
184
200
236
200
185
199
195
221
195
206
205
206
220
186
194
184
208
207
234
199
192
212
187
191
200
194
196
193
244
203
194
233
259
203
195
240
187
234
186
197
188
189
195
199
185
192
200
195
205
202
197
242
199
208
201
200
203
194
181
218
203
242
207
197
194
274
242
204
198
185
201
191
193
177
179
225
184
190
242
183
188
202
201
202
196
224
213
276
202
240
237
214
219
223
216
230
213
223
229
235
202
248
195
198
214
232
210
202
395
222
385
230
195
191
193
201
200
214
194
192
245
203
213
210
264
193
200
217
193
197
214
205
208
189
234
191
190
202
220
177
190
207
208
193
207
198
212
232
210
188
217
176
220
210
257
199
211
203
205
206
240
214
196
184
209
197
228
196
207
207
234
206
207
190
231
180
216
213
183
216
237
209
198
185
203
202
227
181
218
201
197
222
198
186
206
243
208
204
221
185
195
192
254
184
191
210
235
190
206
223
199
222
185
194
221
170
199
195
208
182
226
216
206
225
296
215
186
190
176
226
172
202
191
184
216
182
181
204
188
285
182
204
207
199
195
206
179
232
197
258
202
247
204
177
193
179
186
192
199
223
184
189
209
201
196
183
188
195
202
197
190
169
197
238
237
193
197
229
243
195
162
210
186
189
193
189
266
216
187
181
192
213
266
251
195
185
179
211
195
218
171
182
347
177
180
188
189
184
209
185
185
178
202
186
199
172
236
230
188
216
230
195
185
172
230
175
183
164
183
184
185
172
183
172
186
200
198
178
219
192
193
182
213
211
226
182
194
181
203
198
204
308
176
350
165
190
303
229
212
687
210
178
194
292
217
202
294
211
214
249
194
215
216
204
216
223
219
252
215
278
212
217
222
219
218
249
241
206
218
244
192
220
217
202
223
204
211
345
213
222
224
282
204
201
220
209
218
216
210
279
208
212
212
258
211
213
284
213
215
211
228
218
207
211
215
349
217
201
206
371
215
227
219
221
205
290
212
216
213
201
211
221
216
226
206
273
241
205
209
278
217
209
207
233
191
217
254
224
244
214
205
218
204
207
209
238
218
233
261
206
207
271
204
209
208
213
227
218
385
217
188
207
209
205
206
195
244
218
197
183
194
216
212
214
210
265
205
195
225
180
168
191
197
206
181
193
196
183
180
186
329
191
194
181
197
195
198
165
191
