154
158
173
164
206
158
178
196
147
176
148
165
172
170
223
169
183
176
161
228
164
153
160
150
210
147
202
147
151
152
163
222
154
205
151
169
201
167
170
143
179
158
145
215
146
152
231
155
213
224
152
193
154
158
165
152
162
149
216
147
149
205
146
159
155
152
174
209
141
142
151
165
191
151
213
173
145
201
147
151
146
215
151
159
145
216
152
193
145
155
206
152
199
174
166
164
149
160
211
163
147
150
149
210
149
150
157
150
278
215
209
150
153
152
190
161
147
154
155
170
148
152
153
157
174
149
145
211
161
150
157
151
207
162
155
154
166
155
215
148
164
146
137
220
153
160
144
146
226
172
218
217
156
242
161
223
146
131
146
148
224
143
140
209
226
170
214
218
212
156
147
157
204
211
152
143
153
222
140
159
145
216
142
233
223
147
242
144
161
169
180
144
144
205
145
220
152
162
171
144
154
145
141
192
147
227
151
149
138
145
141
173
223
243
140
143
159
144
223
158
159
264
159
136
139
149
141
153
208
156
167
162
161
152
131
156
141
145
147
137
142
128
139
155
160
149
152
145
199
164
204
178
160
207
133
163
191
141
154
222
174
218
140
142
225
137
144
142
155
218
144
136
148
152
141
151
209
146
152
152
159
208
140
170
196
210
147
144
159
200
145
149
147
157
163
145
218
147
206
211
141
145
145
172
210
146
142
144
143
141
143
130
193
146
156
139
141
142
140
143
161
157
142
194
159
210
147
210
139
143
145
140
158
215
154
141
148
199
144
148
216
158
142
215
157
201
141
143
140
152
137
134
142
168
161
167
207
195
144
152
198
139
146
158
184
168
140
210
141
177
209
145
154
156
132
171
143
186
151
158
228
173
165
161
230
219
147
149
156
149
148
157
148
164
152
176
154
165
221
157
168
174
151
172
197
154
235
150
172
157
154
156
153
163
158
228
225
216
164
164
156
144
163
148
232
158
173
162
166
232
159
226
155
176
247
156
165
157
178
160
159
215
159
157
245
157
158
171
237
173
159
234
173
223
166
165
231
167
156
156
225
207
154
164
149
154
149
156
212
161
175
182
180
154
223
154
159
153
169
187
155
148
141
238
156
152
145
156
218
158
195
187
148
224
205
167
163
189
236
155
150
161
147
243
158
232
156
148
155
227
153
147
148
250
162
142
150
204
153
210
195
143
140
156
137
137
146
187
146
143
143
208
186
157
157
150
212
154
150
146
205
144
169
153
152
193
164
195
139
150
203
149
146
148
144
195
146
165
161
180
156
154
148
144
148
207
146
150
147
146
192
151
330
144
161
196
222
158
154
159
148
135
150
207
152
150
203
147
154
154
145
157
150
215
158
148
147
146
152
141
201
167
162
150
140
206
160
207
153
148
149
152
137
170
204
146
149
150
151
145
139
145
213
141
162
162
154
202
161
164
148
166
145
148
149
145
145
149
158
152
204
146
151
152
144
166
157
144
154
151
148
147
152
153
177
210
161
159
212
140
143
147
145
144
148
145
148
141
144
129
151
147
139
168
136
165
156
152
140
152
155
142
209
144
150
208
153
146
151
216
158
143
137
149
223
157
225
202
142
143
144
223
171
145
161
146
225
149
140
146
143
208
134
209
142
140
215
139
156
141
143
139
145
159
147
136
206
160
143
161
144
150
143
142
147
207
143
331
233
136
156
158
236
142
159
138
159
225
153
151
210
154
144
142
206
151
127
177
141
221
227
148
139
146
144
149
137
140
147
153
159
142
148
140
213
150
148
171
144
213
145
159
165
143
152
183
208
152
147
241
171
186
148
161
142
140
138
142
156
189
136
146
147
182
192
149
142
138
153
199
139
135
143
266
145
156
142
202
127
142
141
139
157
201
141
157
153
156
140
162
135
197
137
145
135
150
139
145
194
158
150
143
136
190
137
177
141
136
190
152
144
143
138
212
143
150
135
202
144
150
207
146
149
144
138
198
142
141
158
206
189
143
204
193
137
165
151
164
142
199
139
142
150
152
183
137
148
156
151
196
143
137
159
138
174
134
193
193
131
202
142
137
126
135
192
137
143
154
142
190
138
152
150
144
135
397
152
133
145
263
196
169
132
188
206
138
131
153
186
141
139
136
191
136
161
169
148
192
220
141
154
150
160
149
219
155
146
220
150
165
137
156
175
171
221
153
161
160
149
165
221
150
157
263
216
204
149
155
155
232
159
158
206
151
141
183
147
212
214
156
157
235
159
168
151
141
155
175
171
146
172
155
147
175
149
145
150
157
179
219
