181
179
133
195
190
783
135
141
194
128
247
159
171
145
116
146
213
133
157
171
212
190
162
273
195
153
160
200
197
156
227
150
172
129
176
122
117
185
188
192
142
138
134
146
196
200
181
192
207
106
202
183
195
121
141
144
188
190
196
181
195
197
188
131
202
110
134
189
134
184
201
116
135
122
184
165
135
120
126
179
176
138
118
179
190
125
121
192
135
202
122
208
118
133
133
138
186
177
123
180
169
170
151
191
119
185
179
118
138
181
176
184
112
135
184
184
134
141
119
136
174
125
131
117
182
147
181
135
128
137
129
176
162
193
133
173
132
124
183
137
198
144
118
109
132
193
123
127
110
121
122
126
173
136
126
189
142
123
127
195
182
130
125
127
162
137
120
123
133
189
172
121
126
184
125
123
135
120
188
182
169
110
130
171
182
111
124
122
181
168
123
121
142
183
140
120
134
127
143
187
187
165
186
190
183
136
143
281
203
215
178
169
149
217
146
164
152
162
175
134
195
205
133
203
188
130
190
152
193
193
185
112
136
167
183
181
119
132
135
122
114
128
129
176
158
187
208
191
137
138
170
177
168
141
231
239
144
191
167
174
176
222
147
167
174
179
122
136
123
122
126
180
110
127
209
127
134
133
121
165
174
134
137
111
183
125
183
120
111
141
130
132
122
188
182
182
239
113
129
169
125
127
191
120
176
129
146
146
122
145
123
124
138
184
141
182
128
138
180
157
110
139
124
135
162
187
134
157
176
182
133
138
162
185
874
119
161
165
185
120
176
178
136
167
167
172
181
122
208
176
158
183
127
155
130
205
187
184
116
139
188
178
181
134
127
116
187
137
191
128
178
182
178
120
178
182
137
150
124
193
185
178
174
622
140
141
177
188
143
139
135
191
186
118
227
183
191
121
196
146
309
195
125
139
179
138
1081
184
106
187
182
111
189
199
165
178
174
144
147
193
136
189
128
129
176
132
126
149
177
112
150
182
354
173
160
135
188
132
134
129
171
120
130
184
184
129
128
134
182
126
144
131
147
186
147
189
135
171
186
115
136
120
143
182
132
138
191
179
173
111
164
127
152
185
127
160
124
134
280
173
137
124
209
166
150
124
167
181
111
134
131
181
137
184
173
131
126
185
182
176
120
145
128
209
144
146
149
177
189
145
157
155
171
169
176
131
144
195
159
191
148
197
135
170
138
170
202
149
188
151
180
213
136
145
134
141
135
144
141
130
166
184
179
207
151
130
160
130
174
134
157
177
190
192
147
189
129
181
167
146
187
149
211
189
200
135
196
205
129
186
140
135
184
140
183
137
187
155
134
135
181
135
120
183
215
137
190
158
136
408
151
226
166
135
203
181
126
140
150
200
211
170
146
154
189
184
189
145
157
142
804
155
178
148
184
177
145
171
145
182
162
132
137
192
137
163
185
138
195
140
119
122
144
171
187
196
147
145
175
129
134
147
143
196
195
131
179
131
148
121
140
189
166
133
185
148
133
139
129
146
185
142
149
136
202
204
130
191
138
136
131
171
137
186
190
174
128
143
135
140
193
185
156
189
192
133
191
148
123
157
130
137
130
183
145
136
136
187
156
198
194
155
144
140
138
214
180
155
145
173
137
138
144
139
144
131
174
144
211
194
176
190
146
137
178
135
189
145
156
149
136
121
187
135
122
136
136
136
184
153
210
120
143
220
131
133
138
167
187
158
188
149
173
179
147
124
137
136
182
183
178
153
128
197
148
134
136
144
135
191
134
189
183
186
137
136
128
129
175
129
204
130
127
184
139
181
143
151
137
194
129
184
204
224
135
138
183
142
175
136
188
143
136
130
139
210
289
144
199
197
187
214
135
192
137
139
132
146
132
187
135
134
129
134
188
181
136
142
177
142
182
134
225
131
184
152
180
162
138
140
156
188
145
186
154
189
195
185
204
152
228
158
169
162
163
177
134
138
147
146
143
135
129
146
145
140
135
144
146
211
147
134
187
146
166
181
185
151
153
201
175
146
200
195
144
180
202
121
145
145
145
178
126
132
129
124
179
130
140
115
166
165
131
120
122
172
125
153
156
140
124
191
196
128
121
123
165
188
151
172
168
148
178
261
117
125
123
173
165
123
109
163
179
171
173
118
168
131
131
112
163
207
133
154
123
168
130
126
174
130
123
109
136
167
107
133
142
115
156
117
175
117
174
181
190
176
155
155
107
135
184
161
158
122
167
163
143
123
178
155
172
177
129
172
116
154
173
186
157
159
160
164
159
175
173
138
180
166
131
121
