190
171
187
225
232
193
187
189
197
245
195
207
197
190
223
184
191
225
184
230
172
191
214
177
222
183
205
232
175
196
194
183
185
228
194
200
169
188
197
213
199
279
251
237
202
195
240
187
226
180
242
232
177
266
2709
187
229
173
195
241
188
194
221
200
337
287
224
164
178
178
207
219
178
222
178
180
181
184
192
213
236
223
207
186
182
237
192
191
181
173
229
248
184
256
183
199
181
198
235
192
260
224
197
194
227
188
195
184
183
215
182
191
246
185
232
176
231
210
179
198
255
217
290
305
232
323
238
205
178
205
286
215
509
213
193
269
229
236
219
221
233
209
187
186
250
200
224
213
193
217
193
202
367
244
218
216
197
196
184
197
190
222
196
238
211
246
230
280
210
246
167
179
222
192
210
200
214
212
231
226
192
228
212
207
212
199
198
236
201
210
175
197
271
209
213
183
233
248
210
245
216
212
213
294
210
197
217
220
212
234
223
248
235
225
255
230
260
250
240
241
226
224
236
231
218
254
235
253
235
215
179
225
268
228
243
238
251
243
238
236
215
228
171
194
243
236
178
230
240
213
193
228
270
212
221
236
206
403
203
271
210
248
255
362
219
209
286
222
249
233
222
234
228
402
233
222
214
245
222
218
231
234
219
209
214
214
228
228
229
218
239
228
247
193
189
213
267
266
231
196
549
232
217
227
233
215
314
221
208
228
435
212
233
336
232
210
227
235
213
202
221
282
251
225
218
256
260
258
247
233
224
232
258
215
218
217
219
244
195
471
246
271
225
240
271
311
232
332
240
274
222
261
225
371
252
291
390
209
246
378
220
232
244
230
231
271
242
256
187
181
235
213
240
230
192
213
231
207
237
218
217
211
213
191
232
233
271
235
235
223
220
253
311
233
213
204
228
203
241
207
194
231
222
228
276
219
235
221
220
197
224
253
233
202
210
210
312
222
226
220
203
235
222
271
204
224
216
214
252
222
222
204
193
223
226
223
228
250
233
232
216
246
221
224
214
385
222
210
194
215
205
231
210
244
207
205
266
200
290
261
283
284
395
205
260
203
204
200
204
188
218
181
214
223
215
215
213
235
201
205
218
218
273
266
273
186
241
186
217
212
249
213
228
194
172
206
175
230
210
165
196
207
217
190
244
195
280
307
182
228
205
234
186
174
215
187
177
171
225
217
188
259
245
184
184
202
211
203
197
201
209
179
189
236
177
248
148
172
184
203
187
235
192
199
231
186
215
172
202
220
192
182
223
212
200
212
201
215
190
248
189
187
154
190
178
151
202
165
171
182
174
170
185
175
184
255
197
164
188
171
152
160
169
239
215
128
178
169
182
150
177
191
207
184
164
192
256
236
195
207
194
194
175
167
171
214
159
190
152
204
230
201
197
177
194
149
201
181
190
145
183
217
179
175
159
173
160
198
164
211
234
246
324
226
210
208
164
162
181
175
197
161
185
154
175
181
170
213
182
182
254
181
170
196
157
191
172
157
186
159
176
194
173
160
126
203
180
151
156
166
168
188
154
163
153
184
178
154
152
172
147
156
198
153
180
168
165
185
173
149
175
163
189
167
171
204
169
178
148
171
195
157
200
163
214
175
169
183
153
156
199
171
174
202
157
152
183
172
187
192
164
173
174
181
208
161
161
150
211
174
164
172
159
184
151
155
185
148
152
167
166
203
159
171
149
154
168
192
196
167
153
188
182
169
199
163
188
178
162
150
191
155
171
189
157
148
156
165
178
213
226
188
276
217
210
203
219
207
239
185
203
269
215
201
208
205
238
409
218
306
347
368
257
232
253
228
219
201
201
219
184
244
218
203
202
207
201
328
214
252
238
232
209
204
205
246
232
206
193
236
194
223
202
211
201
197
238
235
211
219
190
214
239
197
227
236
195
196
218
187
204
198
261
232
212
243
206
235
234
212
198
194
211
251
212
196
206
261
243
202
261
182
182
257
205
262
198
203
250
204
198
195
248
225
230
205
218
244
236
195
253
225
183
190
210
217
198
200
234
195
204
239
192
211
185
176
238
184
218
204
179
210
253
192
252
203
187
206
216
224
220
205
201
221
216
304
192
212
261
233
266
192
215
196
216
210
276
212
203
272
196
200
188
209
227
182
174
249
213
219
193
250
243
211
301
191
235
230
242
204
208
246
261
200
200
243
188
233
201
212
249
194
232
220
240
203
187
210
235
211
209
189
202
231
175
199
234
202
156
243
158
250
159
161
253
160
192
192
180
218
165
161
214
163
374
182
179
204
191
164
