161
183
219
225
173
172
247
216
233
240
224
211
240
227
245
198
282
286
200
205
331
349
372
289
342
313
289
276
290
240
234
242
290
291
301
294
264
331
386
305
316
271
321
295
301
303
279
288
266
269
303
299
261
328
255
258
258
252
266
242
235
254
224
239
248
244
238
273
228
267
254
242
280
283
289
332
326
300
250
265
261
245
283
223
233
215
173
221
250
183
183
206
188
258
236
235
252
228
165
246
254
254
200
300
184
182
200
207
252
213
219
212
159
190
135
125
145
130
128
118
142
717
135
156
143
140
127
130
171
142
117
115
118
115
116
116
118
119
117
117
117
146
148
143
145
161
156
147
125
151
142
129
143
318
154
250
124
119
119
149
140
153
165
115
155
173
140
147
119
138
119
118
179
128
155
149
131
132
127
146
152
131
138
127
147
118
155
147
140
141
146
134
123
128
165
148
126
135
150
158
151
145
134
150
141
115
130
122
138
160
148
135
143
156
139
122
160
128
148
147
151
147
132
143
114
150
118
143
127
132
133
138
137
148
138
127
146
141
140
139
147
131
160
145
165
143
113
138
145
147
113
130
150
124
139
145
165
146
127
129
142
137
143
126
142
115
119
152
130
131
136
138
126
139
133
133
149
132
133
157
134
126
138
131
144
167
117
141
120
108
145
187
160
135
121
127
125
147
139
157
101
137
146
138
141
120
148
131
140
100
130
146
173
154
142
153
127
132
136
183
121
144
115
142
115
143
141
137
148
131
145
157
142
117
120
147
128
140
129
139
139
128
117
145
126
133
144
143
131
152
137
155
164
115
159
117
142
158
137
150
153
114
142
127
134
165
134
151
121
119
125
143
126
149
111
217
127
145
155
134
140
131
133
140
148
153
143
151
116
137
143
140
122
143
130
145
119
131
145
117
145
154
145
143
135
99
171
107
139
136
137
147
119
135
107
153
159
146
144
152
155
176
179
152
174
145
163
131
141
127
143
133
136
142
132
158
154
143
144
143
140
149
146
130
145
138
132
152
141
147
132
113
134
134
135
138
129
145
136
138
148
145
148
136
160
147
141
129
130
131
155
144
153
151
160
161
160
174
126
143
166
155
153
113
155
149
137
145
136
146
119
137
150
131
153
142
121
136
191
150
147
132
149
146
136
136
142
138
133
155
124
142
162
116
129
116
159
145
130
170
161
173
142
140
140
135
118
140
142
145
143
135
155
142
144
131
125
116
146
118
148
116
142
146
141
147
156
161
128
133
143
128
139
149
140
130
146
136
130
133
131
803
150
138
142
149
140
139
114
169
115
157
106
141
143
143
146
134
159
137
148
129
164
148
141
115
145
127
139
147
140
147
136
150
148
122
146
131
134
152
158
125
143
140
149
115
124
140
162
149
157
188
180
192
197
191
228
211
163
184
199
195
162
219
182
246
181
211
179
174
177
180
182
158
146
193
185
190
204
169
205
151
160
156
150
138
141
161
126
128
136
146
143
137
149
126
135
140
148
116
141
144
140
169
135
144
158
135
145
117
136
125
116
119
120
156
147
130
125
131
132
149
128
132
140
127
117
131
145
130
142
133
101
137
139
145
134
148
121
138
149
138
139
128
142
124
122
142
135
153
158
144
180
169
151
137
140
145
126
147
165
156
145
143
126
144
147
176
167
158
156
144
141
141
142
165
137
123
129
144
138
136
148
121
137
138
127
121
143
133
133
158
124
130
148
134
138
148
140
146
164
132
151
144
121
149
123
147
150
128
129
243
142
110
142
149
133
126
151
127
163
151
152
130
130
159
148
133
142
146
152
150
139
160
133
163
139
146
121
143
119
152
142
119
158
123
122
147
149
139
147
156
141
140
142
128
131
163
148
119
154
144
147
146
126
130
128
144
118
151
135
136
139
123
148
150
127
146
144
128
155
146
115
147
125
153
125
128
150
131
123
124
131
114
129
134
155
122
128
121
117
134
150
139
128
134
138
131
130
144
134
155
141
140
114
121
108
135
125
137
129
132
127
139
116
139
117
154
135
128
117
141
135
147
135
146
127
108
151
135
142
147
124
149
125
136
131
142
112
133
115
140
106
160
142
133
125
128
114
165
124
133
137
139
143
151
110
136
128
135
137
159
135
128
129
114
141
154
132
148
146
142
124
123
138
132
101
149
131
128
119
123
135
141
133
160
158
155
134
140
154
135
140
119
105
134
115
132
145
132
137
140
127
116
132
130
134
134
130
133
130
147
115
132
128
154
136
138
146
139
722
133
112
125
137
133
133
125
138
134
