52
42
87
102
66
82
55
60
83
54
83
47
48
49
47
84
47
61
46
49
39
46
55
75
53
49
66
51
86
49
41
84
56
58
77
40
59
38
72
41
39
61
48
40
39
51
79
43
41
59
47
46
27
42
38
42
43
70
43
79
40
50
48
49
99
88
61
39
53
42
42
76
39
43
42
42
45
47
42
45
42
46
46
50
43
52
81
64
47
48
57
53
43
73
49
63
59
53
85
80
48
51
44
52
41
76
49
85
73
68
51
75
50
72
45
41
48
49
76
49
75
40
46
52
66
51
56
46
46
43
50
45
40
44
40
69
41
42
73
49
61
54
63
50
42
40
41
48
41
41
42
48
52
44
44
75
61
40
42
54
40
40
72
38
66
49
40
76
41
50
60
46
48
71
52
46
54
42
68
92
42
44
42
78
52
63
84
61
49
41
66
53
49
55
48
84
43
71
75
70
67
70
45
81
74
52
43
60
68
45
43
98
52
42
105
65
84
51
88
84
52
81
55
46
93
98
61
96
43
43
60
49
82
41
64
82
55
68
49
81
64
55
82
48
52
43
43
94
73
41
41
81
50
42
49
44
74
49
60
66
49
85
78
56
75
43
73
41
46
48
60
45
54
88
45
60
42
48
50
54
43
48
41
56
51
46
89
65
47
54
63
52
43
41
59
84
67
65
59
72
52
64
52
66
41
63
41
90
49
52
47
68
48
87
42
42
47
44
48
49
50
44
60
92
49
88
45
47
47
52
42
56
43
62
56
53
44
73
105
46
75
55
53
81
43
47
45
56
52
46
54
45
53
62
88
47
65
48
43
45
71
46
88
57
47
53
49
85
87
64
66
79
56
43
44
81
47
43
88
49
46
56
119
55
49
46
44
49
59
91
52
52
45
81
45
54
60
80
52
91
45
65
44
44
46
45
45
51
48
97
45
48
60
45
63
50
63
48
48
53
110
106
65
54
44
83
48
51
46
59
44
52
55
57
47
44
51
63
78
55
52
51
45
44
58
56
58
81
54
90
61
59
55
43
44
61
58
55
73
47
91
53
75
56
49
83
46
72
60
55
71
75
57
80
76
65
42
52
46
42
57
85
83
77
60
78
89
43
40
94
62
77
44
67
69
88
48
42
84
56
46
50
66
51
43
52
44
71
44
40
57
52
85
48
66
43
43
45
44
77
49
84
47
76
71
53
42
81
75
43
52
41
45
49
50
85
49
85
58
40
75
50
66
41
60
41
49
54
50
39
84
48
83
49
47
50
49
76
73
50
41
49
78
53
71
39
74
79
73
87
46
47
42
47
76
41
74
43
42
51
45
89
58
47
39
48
42
48
75
58
78
47
47
43
74
48
48
74
39
48
47
82
75
39
49
57
145
86
48
64
61
73
53
69
39
61
72
40
47
48
99
75
82
51
41
74
43
44
44
56
62
41
77
50
54
51
42
52
41
42
44
73
88
66
45
47
45
90
43
42
53
43
93
49
59
52
45
45
98
52
48
54
49
44
49
52
83
43
52
50
43
51
55
64
44
82
58
44
72
51
85
49
48
70
51
55
49
59
45
101
80
55
42
51
35
82
52
44
52
44
75
47
53
46
42
51
44
50
49
41
50
67
52
51
48
53
86
53
49
42
55
49
48
70
48
44
46
51
44
43
47
51
41
73
52
44
55
41
83
44
50
56
44
50
55
77
41
42
53
50
46
57
45
57
48
40
51
44
50
44
56
61
50
46
68
54
76
47
60
53
43
41
82
43
82
44
53
41
57
82
48
52
53
69
44
43
42
43
63
41
48
52
49
74
51
48
42
46
60
44
51
44
51
42
47
43
59
52
59
68
60
49
60
48
51
44
67
48
63
55
57
68
42
55
40
50
40
44
81
42
46
40
44
86
42
40
54
42
60
50
43
53
49
45
34
81
46
43
49
48
52
70
41
50
40
79
55
65
42
43
40
47
71
43
55
48
41
53
42
75
40
53
71
67
46
64
92
46
49
79
41
39
54
44
41
61
40
52
42
58
77
40
46
41
51
39
41
55
64
60
59
90
45
83
61
48
61
89
79
54
76
57
69
40
71
79
60
59
56
40
81
74
76
51
58
51
85
90
49
39
41
72
46
74
51
46
75
56
73
81
76
85
46
49
48
84
40
89
79
56
75
47
70
81
59
39
104
42
50
75
77
74
44
63
85
46
83
49
48
82
46
39
41
45
71
47
68
52
66
53
39
75
47
72
64
91
45
46
79
70
89
54
45
54
61
85
64
81
41
74
