181
167
159
149
188
185
164
159
163
154
157
133
158
329
166
168
177
161
164
147
152
146
175
137
167
145
155
172
162
164
162
161
163
144
164
153
155
179
192
139
154
192
135
165
198
173
167
197
164
191
172
158
167
169
190
164
212
177
185
163
133
124
174
156
163
150
290
182
163
143
158
142
135
151
163
292
200
157
155
137
177
145
125
197
151
135
138
205
170
150
134
200
150
189
155
186
197
166
185
168
158
147
161
163
176
187
236
138
215
123
170
144
167
194
305
280
179
196
145
157
150
163
215
212
147
157
156
219
255
239
233
154
184
189
142
176
171
201
183
168
181
219
203
198
172
197
163
182
152
176
216
183
149
168
187
228
203
190
158
165
187
168
173
161
146
147
158
164
148
179
161
180
171
135
184
173
157
257
165
156
187
174
156
202
153
151
141
168
151
174
173
160
157
180
173
163
182
158
152
191
181
145
182
164
137
156
176
144
171
183
163
189
200
143
133
165
142
172
156
169
192
175
197
226
206
200
179
199
178
171
237
195
175
198
206
183
205
171
173
192
193
164
212
185
189
192
196
176
185
172
167
174
185
201
217
189
195
197
171
210
198
180
248
270
210
196
187
184
217
180
273
281
200
210
184
170
170
193
161
166
215
174
189
178
183
186
196
199
244
194
208
191
173
194
180
219
160
209
169
174
195
169
230
187
169
188
184
287
196
205
210
194
183
200
194
224
209
211
215
196
199
219
183
194
177
235
184
214
196
214
198
218
179
220
199
204
201
192
190
205
182
166
195
208
162
200
289
224
177
194
180
178
179
181
191
286
240
170
196
164
192
200
192
199
205
209
236
203
191
166
175
207
337
317
274
311
267
262
433
344
236
186
198
186
173
183
243
184
225
181
198
183
167
201
163
172
216
193
190
183
215
189
199
195
186
184
184
186
184
189
165
189
194
165
188
191
218
170
185
185
180
201
182
176
197
191
166
183
192
179
189
188
193
172
202
184
208
184
203
189
188
212
188
187
190
193
177
169
201
193
169
167
204
202
169
189
181
209
163
199
158
198
202
186
195
190
183
195
182
213
216
174
186
203
176
223
186
200
191
186
174
188
160
186
197
198
195
173
179
208
188
176
169
213
195
187
170
190
174
179
174
198
181
183
178
172
185
173
195
189
181
178
199
195
167
182
205
163
166
191
164
182
201
188
206
207
201
194
195
194
205
190
198
173
195
186
175
197
179
194
168
197
221
192
187
185
195
201
196
213
84290
178
185
199
177
235
213
189
192
161
194
180
213
201
189
175
163
172
195
200
167
224
213
195
193
192
185
190
163
210
729
184
195
203
172
190
222
189
195
191
170
185
214
208
178
171
195
410
198
178
190
167
185
194
184
212
179
211
218
237
176
191
172
192
198
186
210
213
199
183
165
199
212
186
196
213
180
189
194
185
213
181
214
213
226
274
330
312
510
373
367
384
272
233
268
217
261
204
195
185
178
183
167
184
188
183
189
160
202
184
192
191
195
158
210
206
260
306
197
233
190
175
189
196
180
213
191
187
211
200
187
201
206
230
179
204
198
187
214
260
221
162
186
175
182
205
199
184
166
204
218
284
187
184
193
191
169
173
191
193
185
157
190
183
180
188
193
175
197
171
220
225
255
333
294
348
403
323
266
149
184
287
178
187
218
218
189
194
187
262
191
252
211
194
196
182
180
195
231
203
260
172
180
218
186
213
314
152
202
213
197
276
290
195
276
178
250
150
182
247
206
185
207
267
219
193
205
204
169
206
204
234
225
191
186
198
211
184
239
209
172
219
199
168
233
240
164
231
172
173
184
185
242
206
208
172
176
208
201
226
224
188
209
217
183
181
217
190
176
265
245
159
240
203
216
172
194
207
190
199
300
234
318
260
229
275
363
246
306
207
226
179
254
332
275
219
176
223
184
164
223
304
165
180
220
200
308
292
255
374
396
407
320
270
323
364
377
427
459
349
346
298
231
256
326
436
430
446
598
314
395
421
368
513
672
500
592
542
539
412
357
304
370
413
599
665
531
815
380
239
195
178
178
207
198
205
175
190
193
216
173
161
206
179
199
196
255
196
200
178
233
173
230
188
187
200
180
205
206
215
175
227
222
206
212
210
218
213
185
172
238
217
169
214
169
204
179
182
213
211
177
207
215
168
199
188
161
194
217
157
171
232
220
169
232
225
161
228
212
178
208
220
183
212
205
181
205
201
183
200
213
169
201
205
159
186
167
166
232
199
243
169
217
206
176
171
168
206
218
164
