42
46
49
77
93
61
75
86
56
53
72
62
41
45
69
40
40
47
41
54
42
50
42
48
42
54
50
41
41
45
61
43
48
57
58
46
41
75
58
50
47
47
58
56
53
41
58
42
52
45
56
46
40
49
49
51
52
41
54
42
43
57
53
42
52
54
73
79
44
42
55
43
41
53
44
78
43
44
66
44
47
51
74
52
45
60
42
43
80
44
45
41
77
40
49
43
82
43
48
42
46
77
55
47
46
52
47
43
83
73
41
73
57
50
56
41
40
41
52
45
41
96
74
66
49
78
70
60
55
73
40
53
149
46
42
42
43
50
42
42
50
49
49
44
42
35
42
73
50
45
65
97
46
51
128
57
71
72
59
51
55
47
60
51
50
49
76
57
50
43
44
51
41
44
51
45
56
51
54
94
49
86
58
56
64
49
79
51
79
45
54
42
72
76
52
83
58
49
60
48
77
40
42
34
77
68
66
48
56
76
40
42
50
42
54
50
47
90
43
56
44
55
49
81
76
74
44
50
75
53
84
51
79
44
43
51
43
88
45
48
54
51
51
48
45
44
84
45
51
46
79
52
61
100
79
53
49
52
48
65
47
56
81
77
47
36
49
94
55
45
59
52
54
47
46
54
44
77
46
52
45
44
44
100
52
45
63
55
45
55
64
112
47
47
51
99
45
46
98
54
50
44
86
46
61
68
53
46
47
73
45
45
42
67
44
43
58
49
79
48
48
82
47
45
43
45
107
94
66
87
45
56
46
77
70
45
46
49
43
59
79
85
80
47
44
46
57
60
44
51
57
63
59
51
72
53
55
54
47
49
69
70
43
55
41
68
42
49
56
60
46
43
41
56
51
50
41
43
52
50
42
49
45
53
41
52
41
49
44
67
43
50
45
52
50
42
84
45
51
49
77
73
42
41
85
41
42
49
43
48
49
44
54
44
41
61
50
45
44
42
44
53
73
44
59
43
53
44
48
42
45
44
43
44
44
51
42
43
51
94
43
65
44
55
49
83
56
56
43
54
41
42
47
42
45
42
45
43
52
44
42
42
52
44
57
68
60
94
42
34
52
42
40
43
51
45
46
44
43
44
42
44
45
45
43
44
45
45
43
52
44
54
79
81
51
49
43
51
49
70
70
77
59
42
50
80
61
50
44
43
55
44
41
41
64
45
43
43
57
49
61
43
52
49
49
47
74
41
56
78
71
54
77
57
55
42
42
48
39
64
45
58
45
54
42
56
44
64
42
58
50
55
44
62
44
54
43
60
44
50
56
62
57
59
51
60
51
49
51
44
42
92
42
62
43
49
44
55
64
51
47
64
46
64
50
73
53
46
55
42
62
50
53
42
58
43
63
124
41
56
44
43
44
54
51
47
42
48
43
42
45
36
47
49
43
59
48
61
45
51
43
63
44
74
81
74
55
43
52
78
86
48
47
43
47
68
43
88
50
52
47
85
53
47
42
73
78
54
57
46
71
40
73
49
84
41
123
62
65
66
42
57
42
74
47
47
56
68
47
50
44
56
78
69
40
40
43
45
83
58
69
63
60
82
43
83
50
51
64
47
90
146
89
78
41
38
40
39
40
42
84
41
54
40
77
38
51
47
75
78
43
52
74
48
41
45
76
40
68
47
46
80
47
55
50
49
95
52
41
48
84
64
72
60
76
50
49
47
76
54
40
39
83
40
84
52
91
46
49
71
50
48
59
75
46
41
32
39
81
40
50
42
48
53
62
52
46
39
52
44
46
47
79
53
52
45
78
83
50
83
59
79
46
64
80
42
89
38
59
48
71
42
83
40
89
44
51
40
75
40
46
52
84
38
78
32
70
62
40
44
61
48
47
52
67
38
83
47
40
39
85
49
76
67
55
83
82
83
40
40
83
81
47
54
78
71
42
40
76
48
45
45
83
86
40
42
76
41
44
46
83
41
44
81
68
58
46
83
69
47
39
83
41
44
75
40
78
41
84
40
79
46
41
49
39
50
50
42
44
42
62
39
38
43
43
51
74
40
40
46
71
42
56
45
39
48
60
82
43
76
51
39
49
39
39
101
40
81
42
48
41
39
43
50
44
47
40
41
56
39
51
43
43
40
41
40
46
41
51
40
60
77
46
46
74
40
92
39
44
46
65
50
47
41
69
50
46
51
74
39
78
41
40
58
82
60
83
39
79
53
72
49
43
41
43
88
43
53
69
60
57
40
61
68
47
75
43
46
76
42
39
39
41
40
40
71
49
60
49
55
55
41
40
83
47
78
49
60
39
82
