196
186
306
160
207
176
395
196
189
174
161
165
177
166
166
169
214
198
200
195
159
198
208
217
182
186
179
162
186
197
178
166
194
175
159
179
166
166
153
191
176
179
157
224
241
249
180
175
187
201
154
163
212
180
166
191
207
180
195
226
180
197
171
181
243
187
237
216
212
194
201
484
208
148
190
234
284
270
263
254
386
286
263
236
222
221
188
237
174
274
251
316
297
260
259
235
310
236
208
173
162
181
186
197
158
261
303
160
188
177
192
189
1157
209
158
372
171
165
266
169
186
180
262
238
255
173
222
171
172
206
169
178
163
176
160
174
184
201
158
156
188
182
170
204
179
155
93806
151
185
198
179
203
168
148
157
165
183
172
163
183
187
186
188
176
168
178
193
190
165
219
198
201
199
175
190
205
206
211
168
163
186
164
223
147
201
181
206
168
285
220
305
203
186
187
215
390
262
178
200
193
197
245
254
279
186
199
172
203
188
220
202
204
166
184
188
169
163
180
170
187
163
148
179
145
168
155
180
186
193
175
160
157
167
184
195
175
186
150
198
169
183
205
191
176
197
158
192
198
171
178
171
149
147
200
206
179
177
188
185
214
170
170
162
205
205
211
180
162
178
200
153
165
151
217
182
185
186
184
156
156
185
172
214
188
196
174
161
202
148
214
190
167
194
176
187
179
194
180
179
164
193
157
172
182
216
148
231
256
251
176
201
185
251
203
194
172
172
160
143
168
176
166
187
177
187
143
154
169
170
143
186
186
165
216
132
159
157
443
178
145
177
199
179
149
156
166
153
185
152
188
297
152
191
175
181
138
180
171
204
160
188
198
162
164
133
190
133
134
176
218
167
172
160
166
194
151
191
159
158
152
161
156
186
187
138
141
153
170
159
209
167
129
158
287
164
205
203
187
142
158
185
151
153
160
224
203
180
168
140
164
200
214
212
211
162
180
179
175
185
144
148
162
165
181
142
197
142
190
142
163
185
178
141
163
142
215
196
155
171
159
136
193
168
198
208
133
188
157
187
201
229
204
148
149
148
158
128
225
186
207
153
185
192
192
193
140
201
153
166
197
174
179
177
165
200
207
189
221
226
193
184
142
217
186
198
143
183
183
163
136
135
207
193
183
156
163
164
178
206
197
141
178
166
131
184
163
165
189
151
170
139
152
201
131
206
143
148
191
178
132
187
174
184
146
136
191
159
197
170
174
186
179
159
152
128
188
150
224
168
205
173
169
172
190
139
202
154
205
147
187
142
172
149
175
163
139
132
132
152
200
144
141
162
196
155
179
139
216
151
133
203
160
160
168
167
174
146
195
177
156
152
167
171
189
161
146
176
172
189
152
171
180
180
181
160
159
158
151
188
192
147
150
156
141
162
149
191
162
148
146
176
185
209
167
206
163
171
151
140
184
187
163
198
162
158
176
165
143
171
149
187
131
161
220
150
131
193
198
191
169
182
185
131
152
154
205
151
191
173
177
206
164
163
150
161
144
190
203
161
183
167
164
160
150
182
154
166
167
199
202
144
182
197
148
173
182
190
148
216
244
217
186
193
168
157
136
178
157
161
157
156
191
168
181
200
128
189
159
148
141
135
175
162
151
159
171
152
158
151
177
189
142
191
160
171
162
179
214
187
157
329
157
142
151
149
190
151
206
191
171
177
178
209
175
143
192
163
147
156
151
163
196
184
156
169
187
157
227
180
180
141
172
173
149
233
161
159
170
149
2688
200
190
284
134
134
183
151
152
203
183
131
158
453
159
159
146
191
142
133
193
193
187
161
186
185
172
142
146
197
217
157
193
142
348
141
174
191
188
175
181
183
201
209
158
143
204
188
175
131
205
850
162
201
177
161
198
168
200
195
187
178
189
219
144
161
171
146
149
149
170
205
172
130
167
152
316
139
177
176
147
163
152
185
140
166
186
162
159
195
141
160
159
170
188
155
214
261
194
192
144
175
200
164
142
206
152
185
153
148
223
185
151
170
180
148
156
176
154
182
149
182
176
208
150
160
157
179
144
197
139
215
157
198
153
158
190
191
186
168
192
145
184
138
169
156
178
172
191
190
158
145
189
182
162
164
149
180
186
159
155
265
156
147
171
191
192
160
218
174
166
179
157
160
164
161
184
190
168
153
166
207
203
179
167
149
218
196
203
210
198
186
181
186
177
192
208
206
166
146
233
204
904
151
166
208
185
218
214
150
194
240
166
188
198
220
204
171
176
181
200
186
226
187
240
177
199
177
171
210
200
197
205
194
319
162
212
187
208
197
205
