202
199
206
184
162
140
141
150
144
144
139
158
141
203
141
141
163
212
140
140
150
207
141
204
141
139
141
210
152
213
143
195
142
157
155
201
169
203
138
144
145
197
150
143
141
204
140
465
146
205
142
134
143
207
137
208
159
151
136
207
142
200
142
230
152
215
145
179
137
206
138
139
137
208
144
200
212
146
137
413
161
156
213
151
142
155
195
152
171
149
227
147
177
177
208
151
147
217
161
168
152
160
150
165
150
143
156
194
151
161
144
146
147
171
143
132
143
157
140
162
141
135
162
140
148
148
146
138
145
149
143
147
143
142
149
140
158
161
150
176
148
143
169
141
138
142
142
155
136
144
144
156
138
180
169
147
149
146
152
156
166
161
174
172
169
143
204
151
146
172
159
144
141
170
164
161
2092
148
145
149
160
168
162
155
151
165
138
171
166
142
145
140
180
142
149
219
163
193
160
217
157
145
172
144
181
176
146
148
161
169
144
181
154
169
166
148
148
154
254
157
143
218
196
242
240
151
147
186
147
195
163
151
230
173
157
139
173
136
160
168
142
142
141
154
152
216
149
229
235
238
154
203
149
197
153
144
156
214
143
205
220
159
227
211
140
218
136
194
155
141
158
220
144
156
177
146
147
156
218
141
140
141
214
169
178
160
159
142
148
155
172
141
198
159
161
144
161
226
154
141
202
141
228
140
146
205
236
161
144
212
210
153
218
204
212
146
144
132
143
158
161
138
167
200
139
139
131
141
135
161
132
210
140
135
146
153
138
159
189
141
207
149
188
136
200
140
152
142
136
134
130
135
144
160
135
160
131
147
149
149
196
150
155
138
209
148
206
154
196
134
153
135
181
140
143
135
192
141
124
130
182
136
194
154
150
140
198
155
139
149
185
134
153
132
157
150
133
135
133
143
143
161
134
139
138
139
136
152
145
128
143
132
200
133
145
149
211
206
133
142
132
180
141
207
137
220
145
144
144
198
139
140
142
201
140
202
141
135
143
191
140
168
152
211
140
137
176
193
137
163
132
198
131
151
136
138
134
141
135
138
149
139
138
145
152
135
143
140
155
147
135
139
155
153
143
166
156
158
139
149
134
144
154
149
155
156
170
160
160
145
156
161
252
150
246
160
220
171
240
148
222
161
142
145
204
146
164
145
231
180
149
142
219
171
187
173
225
187
148
154
155
149
151
162
157
148
207
153
149
145
173
143
175
157
174
143
176
180
149
157
147
147
144
149
147
143
148
149
212
148
169
149
228
144
157
146
222
151
214
154
207
161
211
156
212
139
214
140
215
144
171
139
208
143
159
155
136
147
195
168
212
152
146
166
162
147
146
148
147
144
149
149
151
149
165
145
211
148
209
143
228
161
191
148
231
153
227
151
236
160
187
156
218
171
221
150
157
156
146
146
147
144
168
145
165
150
157
145
217
145
151
151
153
147
163
151
157
154
152
148
161
151
206
164
228
142
216
151
203
140
208
143
164
145
214
137
164
151
157
142
141
147
148
157
144
140
158
144
178
142
237
152
199
150
223
278
156
160
210
143
133
137
168
145
166
214
157
174
235
154
159
140
219
154
171
139
168
213
144
136
156
150
168
192
140
224
139
136
200
128
219
142
141
154
227
165
224
134
132
137
216
144
221
135
212
131
138
141
147
151
214
138
140
147
219
162
197
147
228
163
217
153
210
147
144
138
210
139
220
137
212
140
174
157
197
148
209
137
214
148
150
137
215
165
142
138
213
137
138
141
138
167
159
206
144
181
182
179
133
164
136
128
211
135
146
147
140
165
135
153
134
148
139
152
144
143
138
164
283
138
217
199
166
158
164
143
148
147
141
142
138
215
129
164
205
136
256
141
180
195
181
146
135
142
134
135
181
126
176
146
126
149
142
130
133
131
139
141
137
177
186
180
161
137
142
149
202
160
182
134
140
193
186
150
123
140
132
145
163
137
126
164
128
140
121
133
130
129
125
139
184
126
176
133
192
132
189
134
184
122
183
125
194
210
117
146
143
154
176
145
131
160
155
197
162
126
127
135
139
140
127
126
136
151
134
153
184
140
193
131
141
151
141
133
132
185
132
131
137
134
243
158
198
126
140
230
196
181
191
154
154
135
165
143
183
145
122
138
129
150
138
131
127
127
186
140
180
131
130
133
140
128
194
157
139
156
179
146
147
136
138
190
140
185
129
199
129
135
152
134
133
131
210
150
140
161
175
151
139
131
211
169
205
148
142
206
140
136
137
145
142
192
151
155
142
214
143
145
156
191
