99
95
93
75
38
57
72
39
41
72
37
48
68
66
43
71
53
42
71
52
88
57
63
68
52
45
68
46
86
39
39
43
67
44
45
46
85
60
52
52
49
47
91
47
84
83
47
58
43
81
86
57
83
97
91
79
53
67
48
60
116
45
63
46
46
72
42
40
72
55
48
45
46
61
71
40
40
49
45
49
88
39
40
39
49
40
71
69
39
39
48
39
69
43
71
50
42
45
71
76
46
72
38
45
53
39
47
64
45
54
48
41
39
46
45
47
76
40
40
87
37
82
73
39
42
73
39
41
41
46
44
49
47
40
79
47
38
51
45
77
72
51
52
46
71
56
78
45
59
75
41
58
70
40
47
51
71
56
67
42
39
82
44
39
78
43
40
66
49
46
41
49
50
41
40
45
51
66
39
40
32
46
44
40
60
48
71
40
38
39
55
39
78
50
40
48
86
39
46
71
45
41
62
53
49
40
78
49
56
76
40
45
70
44
52
41
44
39
42
69
46
45
83
42
43
39
39
77
39
39
39
38
39
45
45
40
42
50
73
66
50
39
39
187
73
87
50
40
95
120
51
89
41
40
41
64
79
44
137
42
49
47
56
49
41
48
56
42
49
43
42
44
44
60
100
59
43
41
49
69
79
43
53
88
47
42
85
76
56
82
73
45
75
74
48
77
73
43
84
76
41
43
44
57
82
52
57
43
43
135
57
77
50
56
51
52
57
88
99
72
93
67
76
79
56
67
63
56
44
49
71
53
67
80
45
82
43
54
49
77
74
42
86
63
49
56
67
81
65
80
63
121
83
47
73
79
48
53
44
42
90
70
54
66
426
39
87
38
40
75
40
79
88
53
84
45
52
82
79
52
54
44
73
82
52
44
56
41
42
85
41
47
42
78
69
65
43
41
69
42
71
75
44
79
69
42
57
43
50
41
79
73
42
42
53
51
75
41
64
52
45
50
41
82
63
44
41
57
44
54
42
83
50
46
50
45
46
90
56
70
54
68
43
43
72
50
60
49
42
97
81
42
45
44
45
45
83
55
82
63
75
55
77
50
55
56
86
90
52
52
78
94
45
45
77
51
45
52
43
53
54
45
47
46
46
57
52
44
57
44
46
84
76
46
67
44
54
65
47
86
48
52
53
76
46
79
54
72
47
49
71
45
47
46
73
47
54
58
86
44
48
53
46
47
46
47
60
91
54
110
57
111
148
53
53
44
81
103
45
92
66
305
96
47
106
68
100
48
75
46
44
45
55
48
57
93
44
54
62
46
57
85
52
48
76
56
44
73
44
45
46
94
43
71
93
46
36
71
82
55
48
46
55
45
45
60
55
46
71
84
83
62
73
64
55
67
72
48
43
71
52
53
48
43
73
49
44
84
44
42
72
42
41
51
41
46
71
46
49
41
51
80
70
58
72
42
88
67
49
49
42
79
44
78
33
49
85
44
42
66
39
54
51
43
44
40
41
42
44
49
45
49
73
43
40
65
57
49
52
81
56
43
42
52
54
68
42
62
77
44
56
81
39
41
88
41
40
71
41
46
39
39
41
70
42
57
67
43
47
75
45
53
63
47
57
42
88
41
42
41
60
84
40
70
105
40
70
40
43
48
83
60
42
49
47
50
43
42
50
41
40
42
51
44
47
52
43
44
75
46
75
46
61
78
56
73
49
38
46
46
49
57
43
40
49
52
50
55
81
50
57
47
71
49
44
69
44
42
43
47
55
68
61
42
62
42
39
78
44
40
52
73
47
71
40
46
39
43
46
69
68
41
41
40
40
56
56
41
69
54
48
68
42
44
40
42
43
71
52
39
62
70
57
82
66
53
95
69
66
43
52
79
41
56
98
60
72
63
122
63
99
54
64
64
78
91
80
65
70
82
72
69
40
54
50
54
61
47
62
78
41
46
79
42
58
93
38
40
49
42
63
63
45
43
39
48
45
77
50
46
75
40
39
93
50
62
49
59
42
76
57
47
84
47
50
81
38
38
50
70
46
83
63
57
46
73
42
71
43
60
75
71
51
79
66
58
81
40
42
40
65
47
81
65
47
78
54
46
48
49
50
39
59
43
67
88
49
48
73
59
54
77
55
45
82
47
68
43
44
40
64
39
40
41
48
46
94
116
81
82
99
78
100
62
137
76
83
49
50
41
71
75
79
39
41
73
42
67
72
40
41
72
42
57
40
45
91
40
40
56
41
43
61
40
77
177
41
83
83
39
50
67
53
67
56
86
65
59
67
107
68
105
61
50
77
69
50
55
69
52
