158
153
175
156
164
230
147
191
204
159
170
175
224
162
200
1865
226
170
208
152
226
217
165
145
152
215
160
151
157
153
158
153
155
153
154
170
164
162
151
153
177
149
166
163
162
148
159
221
155
155
160
229
212
155
224
193
219
207
153
158
155
211
219
169
211
139
163
214
137
228
133
153
155
143
223
146
208
144
165
222
155
201
142
170
141
142
126
146
215
141
146
196
189
145
151
213
140
148
155
205
160
141
146
159
218
146
141
145
220
144
228
143
207
148
138
146
145
219
149
140
145
147
190
146
199
141
141
211
152
138
147
216
135
146
146
216
220
146
149
213
158
162
153
231
149
155
159
210
140
139
144
214
140
147
143
147
159
216
215
145
154
157
139
143
145
159
148
161
298
137
165
161
162
157
150
179
162
222
203
150
149
205
156
142
155
216
145
219
161
148
158
142
148
225
156
133
157
151
144
145
146
155
148
148
150
163
159
143
154
147
149
147
149
147
149
151
159
146
146
150
151
147
153
154
158
160
165
169
174
154
165
183
159
162
177
163
168
157
156
159
151
158
160
174
156
224
157
168
177
166
150
200
166
165
150
156
152
163
164
149
185
164
168
169
152
214
174
152
165
156
218
167
159
158
148
168
222
168
228
219
196
164
153
200
246
143
148
208
167
147
149
212
147
218
160
156
145
201
150
147
161
210
146
147
147
223
168
147
150
148
208
142
152
153
206
152
164
147
221
161
211
203
154
156
163
215
159
185
203
161
145
145
169
145
163
142
160
141
149
156
143
156
144
146
146
152
150
148
173
155
152
150
152
160
149
150
148
151
148
152
172
161
149
163
153
164
161
141
178
170
168
153
167
180
220
167
206
151
200
151
151
147
206
147
163
147
158
154
159
204
176
160
214
226
157
229
161
163
144
149
161
209
157
179
145
150
132
212
203
226
163
151
151
146
163
149
148
168
150
153
153
146
147
216
150
155
163
155
145
154
167
157
203
151
166
144
149
144
143
147
146
142
149
146
158
162
147
164
164
149
145
145
147
148
161
156
165
154
172
146
147
166
148
150
147
146
196
167
173
149
168
152
211
147
224
153
162
166
164
205
149
165
218
207
147
146
154
324
145
210
159
154
228
151
233
207
149
150
215
198
143
153
237
155
203
170
152
145
158
151
160
178
143
172
144
215
163
212
161
164
154
210
228
211
143
149
205
214
192
150
146
215
155
150
153
211
148
198
145
194
227
164
218
147
153
156
159
230
154
227
195
215
153
209
145
224
147
167
142
207
154
234
147
152
206
145
149
156
151
148
220
149
142
147
221
160
143
160
227
196
177
154
175
150
155
162
144
207
159
159
147
154
156
171
161
163
138
221
178
150
153
215
152
221
166
153
209
165
151
166
204
166
157
165
219
152
206
150
151
223
211
149
148
147
161
147
163
155
170
142
179
146
157
153
172
158
233
148
154
153
239
154
152
208
148
152
311
165
217
266
223
218
191
174
152
151
144
140
166
188
145
162
154
146
181
141
167
144
159
146
147
144
147
221
152
154
144
223
147
217
149
227
217
145
194
161
189
188
148
227
140
149
167
152
225
146
209
182
157
208
199
160
159
217
167
206
164
173
168
149
188
213
181
208
162
197
197
156
254
244
168
176
155
142
241
223
149
186
144
170
154
143
151
192
139
139
143
143
158
151
160
156
218
141
209
144
146
148
232
152
205
145
140
151
157
146
163
137
144
157
169
151
146
141
159
166
170
156
167
150
142
159
158
149
160
143
139
160
142
154
151
173
148
172
156
149
149
165
148
152
150
149
154
145
157
213
139
203
159
203
145
159
146
218
163
149
160
162
149
146
148
181
157
142
158
157
147
149
163
154
147
157
170
172
164
152
150
145
173
171
154
173
156
167
151
148
174
156
163
156
148
158
145
160
151
147
156
139
164
208
190
146
176
184
160
229
156
143
196
172
146
141
164
156
188
158
200
151
154
160
139
133
144
147
139
158
138
143
143
155
144
140
137
152
143
152
149
145
141
157
139
145
143
149
170
146
156
146
158
144
137
145
143
146
146
146
142
142
139
153
146
161
144
146
137
157
152
150
1577
144
147
151
146
161
147
144
160
151
146
144
147
145
163
220
157
165
138
147
145
196
162
151
148
141
151
143
143
140
158
144
147
139
149
153
149
150
160
217
201
154
144
139
146
149
149
142
153
147
149
220
199
141
148
160
196
145
131
150
144
204
169
140
174
185
135
158
153
202
207
188
131
145
143
142
197
137
189
144
203
139
