53
90
56
44
49
40
49
47
40
47
41
44
48
49
44
83
54
58
40
80
43
41
41
90
69
66
47
75
50
46
46
74
86
75
53
40
50
49
85
42
70
40
91
46
44
41
89
46
48
79
53
47
40
79
43
46
39
83
44
78
42
49
59
58
49
48
48
46
61
41
49
43
88
54
54
77
81
57
70
58
52
68
50
52
47
50
49
76
47
41
42
48
63
41
42
56
71
50
83
54
49
46
43
52
51
48
77
50
40
52
44
55
52
47
49
50
62
48
42
41
58
48
46
42
78
81
49
54
60
52
51
55
50
60
48
49
47
41
72
42
43
47
41
72
50
45
47
49
84
39
41
43
48
48
80
42
42
42
75
81
45
48
72
52
51
44
62
53
50
45
42
57
54
44
43
57
56
44
83
62
47
60
66
52
43
48
41
58
44
66
45
40
43
41
51
72
55
50
63
76
58
41
43
50
46
54
49
80
41
49
74
48
64
52
86
52
40
39
70
56
57
84
47
49
41
80
40
160
39
42
41
85
48
72
47
59
42
58
43
45
85
44
48
76
43
51
44
52
42
44
42
42
80
44
66
50
51
92
55
60
51
49
43
50
51
43
77
44
62
44
46
50
42
56
48
54
58
45
63
46
84
51
88
49
44
43
47
86
44
83
51
54
54
49
75
47
57
58
52
46
44
45
44
62
57
52
46
57
43
51
45
60
59
43
81
45
81
54
44
105
53
54
69
74
64
54
44
44
83
46
60
74
54
47
45
46
45
54
56
78
100
52
93
48
58
51
51
86
70
54
45
56
85
85
72
54
57
48
71
44
43
52
59
43
52
35
43
52
59
43
42
48
85
94
43
52
52
87
56
41
79
42
60
50
57
59
41
76
44
42
50
48
66
42
49
52
69
53
42
40
41
52
41
44
44
44
43
41
47
40
57
44
43
46
41
45
78
59
84
60
44
76
42
58
49
63
47
72
51
50
44
72
51
53
48
40
57
51
42
43
82
42
50
45
63
46
54
42
75
64
41
45
42
67
49
60
60
51
68
88
40
44
74
68
41
52
41
41
43
48
41
46
46
50
63
53
53
47
44
49
40
48
51
43
42
48
47
76
44
43
48
44
51
368
47
51
44
40
60
71
57
41
55
74
41
43
54
80
50
41
43
46
52
52
42
57
74
51
45
57
81
51
51
43
52
73
55
80
41
68
49
41
76
43
40
52
69
48
47
42
49
76
42
40
41
90
50
42
40
44
82
49
39
41
74
41
81
41
50
43
75
41
42
42
41
48
42
40
43
46
40
41
43
42
42
57
49
60
42
50
43
50
54
49
43
52
53
43
41
50
55
48
46
42
58
66
54
53
50
45
46
73
50
52
43
50
55
66
52
41
42
51
58
44
43
54
80
55
52
55
41
46
59
75
46
54
41
42
41
43
68
47
41
42
76
49
84
46
43
43
55
43
46
44
42
66
47
43
44
41
44
52
59
49
43
41
72
74
51
43
42
50
83
71
41
41
43
41
43
52
52
41
43
41
45
49
43
49
54
42
43
68
41
51
71
58
60
77
47
80
41
50
51
74
45
69
68
45
51
49
43
82
41
47
48
43
76
71
39
43
56
42
46
41
42
72
52
41
52
70
53
46
54
46
49
57
77
47
50
56
81
48
50
47
52
60
40
48
41
49
41
44
39
45
51
61
71
82
48
61
63
71
40
49
48
41
71
88
42
40
41
75
40
47
39
48
49
42
43
43
77
78
50
41
57
46
56
47
52
82
75
49
55
71
49
49
60
83
70
39
46
57
42
59
46
40
73
52
62
50
33
40
55
75
43
44
45
76
54
73
51
67
51
43
66
47
85
52
39
40
77
64
43
49
50
62
44
87
44
54
84
75
40
47
65
68
55
46
39
42
46
40
51
50
48
46
49
50
87
50
41
41
43
56
48
49
48
52
182
52
44
49
74
46
55
73
45
84
76
80
41
71
86
82
51
42
46
57
53
80
50
40
58
78
53
54
96
48
39
71
46
43
48
50
81
40
78
48
79
55
41
46
74
57
40
51
85
72
43
65
57
72
43
55
43
47
51
48
41
85
72
41
40
42
64
49
52
49
78
78
68
43
46
40
46
43
47
43
39
41
40
47
41
42
40
42
40
49
46
41
51
40
51
48
41
43
51
76
40
55
48
45
62
80
40
41
84
80
51
42
62
48
42
42
44
53
44
51
42
51
41
49
59
42
81
42
54
41
39
49
72
71
50
52
48
46
60
48
61
75
