189
178
177
181
159
182
225
253
207
187
194
176
186
182
199
166
154
179
198
184
170
300
204
182
196
179
209
177
174
179
179
172
146
161
231
187
177
206
194
189
192
207
590
203
197
189
195
197
218
231
249
234
237
289
246
284
253
223
209
201
164
180
196
179
152
174
163
172
181
164
167
168
175
198
187
202
221
243
226
254
222
230
259
214
236
183
215
202
200
172
172
187
189
168
170
164
189
171
191
205
171
162
177
174
149
156
172
173
150
183
205
179
160
158
183
149
158
166
191
162
192
175
159
156
153
159
177
160
186
167
192
180
173
168
158
169
185
173
168
159
174
171
194
163
166
171
152
183
179
179
166
175
191
223
169
189
198
201
185
171
193
169
184
168
194
174
178
194
184
165
181
150
179
201
182
205
188
191
182
182
182
188
190
271
169
194
190
179
147
169
174
163
159
153
149
160
152
177
184
173
160
185
188
161
165
161
193
173
182
178
180
169
158
182
173
183
182
170
184
202
167
176
161
195
167
174
160
201
190
168
173
181
189
134
179
195
159
166
180
171
150
201
163
175
179
185
202
172
185
153
180
175
183
168
159
184
176
167
179
178
199
159
162
159
187
176
190
200
151
162
175
184
169
151
157
189
172
161
182
161
179
150
161
208
186
200
203
172
170
191
187
195
184
148
173
145
175
182
173
159
169
178
173
152
192
180
168
193
177
179
188
172
162
148
146
165
170
176
158
213
183
162
171
189
172
161
197
178
287
162
186
232
188
176
175
172
155
170
152
172
181
181
249
166
177
181
184
161
187
170
190
168
178
177
180
177
187
160
173
171
182
174
155
159
158
164
194
186
168
157
183
163
167
175
180
196
166
172
156
170
177
162
173
167
161
193
157
169
177
180
178
170
195
159
154
159
172
184
166
171
163
172
177
181
201
164
171
161
171
167
210
171
157
166
169
180
199
172
145
171
174
174
164
184
182
182
184
166
180
193
180
195
158
195
195
215
190
215
212
207
196
168
166
164
167
152
161
177
176
163
178
174
182
167
166
178
173
165
159
163
182
170
162
169
170
164
164
172
172
173
188
161
195
184
198
174
182
168
167
152
188
180
182
163
162
168
185
212
182
151
175
168
181
160
152
156
173
176
133
170
173
168
194
169
204
170
161
176
167
156
179
156
169
173
177
166
198
185
174
167
156
204
165
184
181
184
178
185
181
188
173
190
201
159
172
147
186
179
175
175
166
177
167
184
180
198
161
175
160
201
161
172
175
169
173
161
184
193
153
177
156
168
195
185
171
183
161
172
187
184
163
185
186
175
173
182
205
192
228
143
165
183
191
170
176
174
184
186
169
208
187
190
176
164
154
162
151
171
174
161
170
168
159
170
164
170
152
165
166
185
181
179
161
202
164
167
171
194
161
156
158
186
196
156
180
181
210
181
160
164
169
152
150
169
139
179
169
153
160
189
183
152
159
170
164
163
179
187
190
159
191
163
165
164
171
152
151
201
145
169
165
177
180
163
163
162
167
165
154
157
149
150
136
196
161
188
176
161
162
168
161
172
150
211
183
147
198
189
167
154
152
162
179
151
151
167
155
167
165
174
179
159
152
157
155
175
184
188
161
147
174
156
156
154
168
155
168
156
144
180
168
154
150
153
180
174
166
190
189
193
161
184
177
172
165
161
177
195
174
161
190
163
155
164
176
182
161
171
166
168
151
149
187
162
183
195
155
155
189
154
153
171
166
174
162
152
185
150
181
169
179
182
174
181
161
188
169
173
177
153
191
163
183
170
183
177
191
148
166
166
163
153
178
168
159
171
167
164
142
177
166
174
210
161
180
165
170
154
168
167
151
157
164
150
174
173
163
159
157
166
191
163
165
166
155
173
172
155
182
147
161
164
164
174
155
159
166
157
154
146
164
154
164
170
155
223
159
207
164
148
149
163
189
151
147
183
155
170
202
180
163
157
167
172
182
165
201
161
187
158
173
162
145
171
174
155
168
162
160
202
183
169
159
164
161
144
205
232
173
193
166
144
170
161
171
166
153
165
168
153
171
166
174
173
158
158
190
160
150
165
150
160
165
161
157
148
160
149
169
168
165
158
167
158
169
211
178
175
181
144
146
155
159
161
166
190
168
165
150
167
168
167
170
155
168
159
167
191
141
199
150
163
163
144
165
176
155
149
165
184
156
156
133
162
147
157
156
164
166
176
153
170
151
171
158
150
192
191
157
236
168
155
181
143
161
179
169
157
170
169
186
158
203
178
149
144
156
166
175
146
