214
143
205
148
175
204
220
156
137
196
141
199
196
133
140
211
210
192
121
188
136
189
167
185
175
209
152
131
209
135
191
200
147
199
201
138
130
183
215
202
141
127
141
195
120
150
1117
212
157
225
147
157
182
226
199
207
199
191
140
189
142
210
151
125
214
148
131
195
137
221
141
204
215
199
188
236
212
192
150
194
121
148
222
136
201
202
150
204
127
221
167
143
158
212
196
197
140
150
171
156
158
153
136
210
195
165
125
146
202
224
158
276
158
195
189
143
206
175
217
153
157
123
145
147
224
196
210
150
197
213
153
213
144
210
213
215
195
147
157
130
188
152
143
138
213
211
203
145
151
210
203
218
141
137
195
147
199
195
154
130
150
200
131
157
223
138
142
216
140
198
203
129
212
135
185
204
208
153
153
131
137
217
192
251
190
189
199
121
138
125
134
190
133
192
173
141
130
139
127
121
194
207
124
181
119
221
137
127
139
137
125
118
123
207
127
179
188
127
186
126
195
191
135
118
136
118
116
127
206
118
168
140
134
139
144
200
139
126
187
119
122
136
183
180
178
181
158
193
177
137
171
117
169
198
133
137
154
209
131
189
182
138
178
207
192
144
152
136
177
240
146
140
133
184
117
185
189
139
129
179
193
135
130
142
187
171
129
120
191
132
191
129
149
133
195
129
122
142
133
191
135
127
136
139
197
210
138
137
130
124
233
143
278
158
190
194
127
122
157
135
178
139
129
182
120
194
137
182
168
130
178
132
119
129
118
128
111
186
198
180
138
180
134
197
127
125
173
126
182
141
142
259
135
163
124
197
171
190
196
181
134
162
196
143
134
139
126
172
127
127
153
226
298
200
272
319
218
194
192
180
126
130
148
130
122
188
133
226
196
136
136
109
191
138
165
182
141
187
124
184
116
131
127
123
127
198
113
178
130
198
122
129
135
112
180
152
121
104
139
176
120
124
197
119
115
168
143
203
124
178
128
125
112
109
193
184
135
120
131
142
188
133
141
187
128
208
197
126
167
122
119
217
130
136
121
193
168
133
123
120
187
178
128
117
128
169
203
182
156
122
113
132
199
137
180
117
207
181
210
197
129
173
192
131
196
120
125
221
121
178
127
115
172
202
118
126
117
162
128
174
121
295
182
170
170
110
123
131
181
183
176
138
172
150
124
185
127
121
176
127
219
290
116
229
145
139
132
145
134
209
197
126
130
116
141
128
133
175
138
226
196
151
112
192
135
142
130
174
197
137
136
126
175
184
188
130
193
119
109
239
185
255
182
215
175
246
177
276
296
248
237
255
200
348
298
177
204
235
168
161
292
218
181
170
146
186
194
137
126
131
190
205
137
146
126
204
180
185
145
128
139
140
194
192
118
186
195
200
175
144
146
186
211
167
146
179
177
135
141
144
132
133
206
131
149
143
123
204
248
151
140
165
188
206
154
144
222
232
185
158
153
186
199
167
163
191
177
143
207
184
238
182
194
144
145
165
199
194
135
149
199
137
128
123
194
169
181
188
136
129
125
199
188
148
143
193
180
188
119
156
191
321
250
324
220
182
172
303
307
191
179
230
280
338
246
214
237
185
148
184
189
216
261
204
202
134
171
208
118
202
135
139
140
134
147
119
181
134
137
143
134
124
154
251
188
118
205
178
227
184
142
191
137
188
123
138
125
130
236
149
154
129
145
134
157
135
206
130
128
148
177
187
203
131
131
134
177
194
207
127
181
192
170
182
143
190
127
195
129
129
188
193
126
158
165
166
190
209
161
197
234
180
135
191
166
164
205
126
191
187
194
129
133
212
189
143
144
137
128
189
180
144
135
143
146
129
127
137
192
187
208
168
143
155
144
132
132
201
132
160
146
182
198
139
131
181
206
146
119
130
178
145
121
176
145
183
215
140
127
127
154
191
146
139
144
121
187
197
130
138
797
202
195
115
141
187
182
128
144
141
183
167
141
125
133
139
138
192
139
122
140
136
195
127
135
126
166
147
202
137
140
192
138
174
143
188
133
189
133
141
196
177
210
121
137
128
132
122
143
159
205
230
242
235
126
147
130
189
203
145
132
127
127
179
189
137
197
119
138
151
167
145
172
187
128
192
136
129
203
140
139
133
180
201
129
144
186
180
181
134
146
173
178
136
143
145
182
175
200
121
205
179
209
137
142
138
115
183
133
147
137
197
143
181
134
131
196
139
197
127
143
189
132
138
144
129
196
157
185
134
146
126
200
192
129
128
203
206
144
138
148
131
193
196
127
132
331
202
134
141
