81
41
41
51
85
64
89
55
70
58
50
71
77
60
48
51
40
70
44
74
39
48
76
41
39
57
73
40
43
84
42
50
74
50
42
82
41
40
46
73
38
52
58
48
62
88
42
40
55
41
40
75
57
42
46
47
70
65
83
32
91
59
43
84
52
82
50
81
45
87
48
49
74
42
85
53
49
74
52
44
73
52
40
43
72
62
79
44
46
49
50
88
44
43
91
44
82
75
46
78
43
74
117
105
75
81
53
89
82
49
49
82
49
52
74
50
47
81
51
52
49
42
42
44
74
52
110
95
57
76
44
42
51
43
51
50
77
63
285
54
43
77
52
40
43
40
66
48
72
74
40
43
40
40
73
74
73
41
98
86
58
87
84
44
67
74
48
75
73
41
86
57
87
40
91
61
39
53
84
45
40
41
77
53
40
39
52
39
43
42
44
49
79
57
75
42
50
78
48
79
178
82
93
91
49
50
67
82
88
47
66
52
42
82
105
81
81
41
59
53
82
43
53
79
49
57
66
82
49
44
49
46
49
83
69
47
53
47
55
50
50
51
57
78
71
45
52
79
45
102
43
88
63
72
44
61
92
86
68
45
71
68
50
50
44
73
69
58
55
44
50
44
48
71
87
52
76
36
58
82
77
48
51
62
51
46
43
77
49
74
46
80
86
51
44
52
68
46
44
45
45
82
36
46
65
53
68
53
87
44
47
46
43
68
47
88
55
57
45
54
123
45
84
53
59
49
78
103
83
57
44
56
82
84
64
94
77
65
68
91
92
91
86
77
102
44
97
76
44
58
86
67
59
51
77
86
83
100
43
65
78
69
43
51
54
79
44
51
77
55
62
72
66
67
79
45
99
58
134
48
63
43
43
47
128
86
156
84
92
57
48
81
44
43
46
80
43
44
45
44
52
70
47
43
53
43
45
48
60
76
63
71
55
81
56
54
61
42
61
82
50
59
86
48
45
53
42
48
51
44
94
33
47
43
43
64
91
52
73
74
43
53
60
94
95
71
83
46
74
45
42
79
42
82
86
44
49
62
94
42
79
50
54
40
71
102
57
83
46
47
80
117
75
91
41
64
94
47
87
78
78
48
43
79
41
68
55
48
53
82
44
88
80
41
59
79
70
46
58
69
76
46
61
87
76
83
82
71
67
61
74
77
88
54
57
82
94
63
68
89
71
55
79
47
48
81
123
71
56
51
79
74
51
125
47
55
77
71
56
65
39
54
62
40
72
83
78
50
107
74
46
80
70
39
40
47
77
42
92
66
45
42
45
40
74
40
74
44
38
45
39
42
84
68
47
74
65
44
41
52
87
53
53
86
38
74
83
41
89
39
32
43
83
42
46
43
39
77
46
49
41
57
66
41
49
42
93
68
49
57
39
40
80
40
80
49
41
48
46
81
59
47
82
54
81
90
47
40
39
51
40
88
71
45
48
38
72
38
40
67
54
62
66
49
71
87
69
45
82
82
60
71
80
47
53
40
53
46
87
46
64
72
45
71
73
54
71
58
77
84
41
49
91
68
39
56
69
48
40
73
68
45
74
70
49
55
80
67
66
79
69
49
40
40
56
40
70
44
46
38
81
80
42
72
73
62
75
49
47
47
97
49
68
50
57
54
39
46
77
48
82
50
44
49
49
66
50
43
46
40
80
47
57
53
72
64
93
115
72
61
53
61
103
91
101
74
92
63
72
49
77
47
40
73
48
60
39
49
43
50
101
81
45
68
52
43
52
45
39
78
48
48
67
68
55
40
77
48
46
46
96
46
56
79
42
39
73
60
54
72
69
40
40
81
48
40
80
68
49
41
44
75
41
87
86
80
65
89
86
104
124
31
73
65
45
79
38
39
79
49
68
58
46
48
49
77
79
54
108
73
51
73
108
61
75
66
41
75
80
78
47
77
82
39
86
53
81
69
90
91
51
80
39
38
61
78
69
41
94
76
39
73
71
49
71
49
41
45
71
50
85
82
52
72
84
40
46
39
93
44
60
65
52
76
39
59
41
47
83
41
88
52
82
46
85
69
56
79
78
51
46
72
47
40
37
73
41
68
59
41
73
88
39
41
46
32
63
48
46
60
63
46
41
85
45
39
76
65
70
38
69
51
77
39
55
47
74
41
61
80
40
58
52
81
71
42
79
40
52
83
50
78
77
40
74
46
84
45
51
68
40
73
44
85
65
41
52
45
40
39
50
83
39
40
45
47
71
49
77
81
60
41
120
71
69
68
43
66
79
39
59
79
77
95
122
66
73
47
41
48
