144
145
139
136
118
138
147
162
151
134
126
117
149
163
158
144
118
132
146
133
142
154
173
159
132
139
149
159
152
162
109
119
124
159
148
151
139
143
144
157
153
148
140
151
141
104
184
171
160
169
125
157
161
149
176
160
165
153
157
124
160
162
117
170
144
147
140
141
150
141
164
125
130
129
160
116
141
141
118
138
147
159
143
131
145
143
116
151
128
136
159
145
135
171
149
191
188
211
192
193
164
196
157
144
199
154
202
238
229
224
185
308
253
343
492
269
208
276
211
197
129
145
172
244
241
252
243
248
194
224
229
133
198
187
197
186
166
181
144
107
150
159
125
141
117
168
158
151
143
133
163
144
147
165
151
124
152
152
170
199
129
162
121
103
110
168
176
149
138
127
147
125
156
145
108
140
193
134
157
131
156
118
163
127
154
140
158
124
108
152
143
151
132
120
161
153
131
144
123
150
163
147
110
97
111
151
152
145
154
171
161
145
141
119
152
142
149
146
105
177
126
169
175
163
117
146
119
131
151
141
139
147
100
162
158
157
166
146
136
141
148
126
117
172
170
156
152
139
120
134
167
148
141
140
115
129
161
159
145
145
125
122
157
147
120
175
161
155
134
157
118
158
105
151
143
141
121
145
144
171
107
130
152
128
148
119
118
103
102
166
143
118
161
115
173
129
136
161
137
121
158
150
136
134
140
165
171
154
129
152
150
140
138
116
146
148
146
141
151
132
149
125
129
130
120
146
132
119
147
152
153
149
117
145
108
165
147
143
117
154
200
154
163
571
152
153
149
129
101
158
156
114
152
136
125
112
154
156
148
139
143
121
164
118
162
137
112
136
168
98
146
150
109
148
156
150
134
151
145
102
128
121
153
110
160
139
150
123
180
147
172
106
191
153
111
124
136
156
143
145
168
146
145
147
155
142
145
116
145
141
161
140
143
142
141
121
109
154
133
158
162
137
133
117
152
140
143
148
156
136
123
137
143
156
148
148
140
122
155
168
116
124
160
155
128
150
148
145
124
140
154
134
137
157
131
117
170
109
159
158
129
155
151
153
193
209
160
286
143
158
153
134
152
139
134
160
118
147
118
162
167
162
145
149
150
164
111
127
148
149
134
110
130
98
169
152
142
118
137
142
147
109
165
151
158
140
151
133
127
143
156
102
171
146
122
206
125
120
142
135
131
152
151
154
149
124
138
145
137
131
145
101
165
140
121
106
176
181
117
156
117
169
125
132
138
141
126
158
151
160
116
161
142
141
163
149
135
119
114
164
139
116
166
170
156
163
132
148
156
153
134
146
141
108
121
172
127
163
226
175
117
110
146
124
165
146
150
96
152
179
121
113
173
148
182
128
149
154
146
117
148
133
153
139
173
114
151
183
151
163
131
110
140
132
125
118
116
160
115
111
162
147
146
144
104
159
160
152
151
144
168
143
133
162
108
183
171
173
149
142
151
145
145
133
118
161
136
147
121
148
149
161
129
156
103
147
129
138
101
118
141
140
130
162
154
141
147
131
126
139
148
149
144
115
137
141
131
148
136
137
160
125
122
162
153
124
179
136
154
151
129
113
223
141
111
154
151
144
160
156
144
149
157
141
150
152
164
163
188
192
213
179
187
272
131
198
464
495
493
735
603
632
442
478
414
363
376
306
430
260
251
164
125
191
142
165
235
154
162
142
146
136
123
129
127
123
126
157
154
147
178
120
160
166
172
157
153
825
159
160
157
104
156
160
170
149
137
160
156
171
106
184
172
170
136
177
182
156
171
157
166
157
123
800
171
166
116
173
182
122
137
112
102
143
158
161
144
161
116
164
158
171
116
165
201
155
125
129
114
154
116
169
171
122
175
113
161
156
133
163
157
161
157
163
338
156
148
151
131
175
178
169
161
124
136
182
107
176
159
115
131
184
114
171
153
160
156
180
163
180
177
168
134
137
141
139
124
126
134
157
163
133
152
170
160
165
132
197
156
125
160
110
124
137
162
156
168
146
116
155
159
143
151
126
141
176
180
152
161
152
167
166
166
174
183
159
163
131
135
150
139
153
165
161
162
141
143
152
171
126
132
165
170
118
128
137
184
150
164
170
135
166
175
177
130
168
166
152
165
134
134
153
166
177
184
183
159
171
166
140
175
160
160
183
134
171
166
187
129
129
143
205
209
163
227
222
270
201
244
192
205
176
211
161
169
167
170
237
157
203
197
140
151
178
140
175
132
157
186
156
131
177
153
176
131
168
161
144
162
161
129
202
138
136
155
152
156
164
160
125
