66
46
75
69
40
76
42
42
96
78
41
39
39
56
50
42
46
40
80
42
66
75
99
91
39
73
38
73
88
40
78
43
43
54
78
90
42
42
74
42
35
79
42
84
48
44
44
52
67
84
40
45
41
52
77
42
45
44
123
42
62
42
79
54
49
44
80
41
44
79
78
80
39
42
36
86
73
52
42
43
41
43
48
41
81
41
85
54
43
42
74
42
43
43
92
56
41
65
42
81
50
74
41
42
114
48
79
72
40
45
42
44
42
42
107
39
81
90
43
42
43
81
82
39
47
42
108
87
42
91
43
44
172
47
87
99
68
62
63
73
95
55
64
66
56
57
76
45
67
105
44
48
42
84
42
43
98
70
80
65
39
71
45
43
41
42
59
42
73
43
46
98
73
42
75
40
43
38
73
72
47
68
43
74
42
94
71
42
76
41
52
46
85
66
43
35
87
64
85
42
82
82
44
42
66
42
48
42
44
43
42
68
55
77
42
42
82
53
78
42
40
43
35
44
61
83
43
89
43
41
87
42
69
74
70
57
34
41
74
44
85
78
84
68
44
42
69
45
70
83
93
82
40
43
42
75
72
89
41
42
68
86
79
47
39
67
43
72
43
129
42
81
115
34
128
44
55
84
42
73
42
45
85
81
74
49
43
40
45
86
42
42
43
94
42
39
62
60
49
39
49
93
81
48
72
43
39
42
83
88
90
62
73
42
43
54
42
76
48
82
55
43
44
98
226
55
67
42
72
48
40
89
51
41
75
43
45
40
42
83
41
44
72
52
72
81
51
48
47
120
49
87
42
81
97
42
88
50
71
70
51
33
41
77
76
78
50
91
40
40
78
41
102
54
56
71
93
75
43
83
42
89
68
45
85
74
92
83
42
51
108
56
81
71
45
55
135
91
43
43
44
82
93
40
39
73
80
101
136
42
72
42
45
92
43
70
43
39
85
42
45
119
56
43
56
106
51
63
84
78
68
42
103
82
85
40
62
41
76
96
41
99
32
41
73
75
35
83
43
40
97
49
68
91
90
42
39
86
105
75
83
42
41
42
75
95
51
93
81
96
41
50
43
50
42
84
50
93
41
49
41
87
42
49
81
43
50
40
41
42
43
80
76
43
49
81
44
43
78
43
82
46
71
43
41
35
47
76
74
60
42
39
74
44
43
47
47
44
67
67
65
93
41
47
39
86
43
40
85
80
40
39
42
42
48
40
78
38
41
42
75
34
39
39
97
65
81
59
43
67
71
43
81
40
74
41
60
68
43
101
43
100
75
43
71
78
47
83
50
41
42
72
40
68
62
41
40
42
39
67
41
75
44
44
72
40
39
39
81
40
92
39
86
47
40
76
80
75
83
39
32
38
39
46
84
105
89
74
52
40
39
72
228
97
41
39
44
74
69
83
42
38
78
94
96
87
59
108
74
95
58
40
40
47
41
81
104
39
45
79
102
93
42
38
43
65
113
54
53
80
88
82
52
50
79
76
97
51
48
70
70
101
43
49
41
62
43
39
43
51
48
39
79
43
77
75
50
71
42
65
43
39
84
70
73
75
42
42
88
43
66
42
92
82
38
79
43
64
41
49
85
62
44
43
41
42
48
42
45
42
45
50
35
71
87
85
43
77
77
45
86
46
41
76
65
87
42
39
75
70
39
40
68
40
73
43
79
42
40
39
64
78
39
39
33
44
75
80
32
46
96
40
78
67
39
82
64
40
93
41
42
79
42
82
39
79
45
41
39
78
46
42
31
52
43
42
41
52
40
40
85
43
46
41
81
83
39
45
75
42
43
77
42
43
79
76
45
69
43
71
41
97
56
40
53
42
82
67
76
42
95
38
64
97
39
68
180
43
77
40
47
42
42
83
42
39
43
76
78
40
42
90
40
65
48
39
39
39
89
72
77
26
39
79
71
102
40
46
46
71
76
77
38
52
47
39
53
41
38
75
43
38
47
42
76
44
81
73
52
38
41
66
76
67
68
40
80
38
67
40
52
47
97
76
42
39
41
81
85
74
41
45
48
61
76
41
38
69
62
31
58
39
40
58
40
82
41
40
71
44
42
79
94
39
41
71
47
42
39
79
42
66
46
46
41
87
51
67
42
38
33
67
41
70
34
41
72
38
39
38
43
40
77
69
73
53
72
39
61
40
46
71
43
83
44
91
40
39
42
41
32
41
40
56
38
40
32
60
42
69
43
42
39
78
48
40
73
39
65
39
86
39
67
38
77
32
84
46
38
74
64
76
42
77
45
84
40
94
41
41
