225
304
364
343
377
595
293
286
462
378
430
365
199
188
193
203
188
190
968
213
175
197
210
191
177
193
202
183
212
201
189
211
192
177
197
196
215
213
181
191
183
168
186
194
216
189
190
199
185
187
184
196
176
194
177
204
190
187
183
203
200
187
190
209
217
218
200
245
208
220
184
199
175
196
214
230
219
240
223
203
199
210
189
185
205
196
228
210
204
211
211
222
190
194
190
222
192
170
216
205
202
195
224
267
191
221
209
215
231
203
171
218
187
237
206
191
177
188
220
262
212
226
208
217
208
210
174
213
208
224
211
197
349
215
174
209
208
208
194
249
175
197
199
177
203
192
194
179
212
176
214
204
192
188
200
203
242
159
227
214
194
178
245
193
225
181
215
217
203
197
179
203
201
219
224
209
179
195
222
252
215
229
187
205
238
345
197
234
221
212
215
185
232
199
187
202
178
209
186
212
172
193
217
188
217
198
229
220
220
189
192
224
202
215
203
192
214
183
223
224
207
196
229
220
228
216
177
201
215
203
246
205
221
206
377
243
258
633
339
204
211
241
230
247
251
248
253
261
237
252
246
281
228
229
238
245
263
297
240
246
244
257
238
221
224
273
253
261
254
358
266
261
266
236
217
246
278
255
295
247
267
234
265
262
254
245
251
249
426
217
248
228
234
233
211
248
241
249
246
245
209
263
238
243
258
230
224
237
268
259
240
234
223
232
253
230
242
198
225
241
233
207
306
240
236
216
236
286
245
221
232
227
221
251
226
216
204
219
246
223
236
234
214
276
295
237
251
232
362
234
212
220
256
337
317
248
224
211
214
216
225
229
285
252
248
228
266
303
232
242
242
250
240
209
217
214
220
225
220
319
254
231
239
217
216
213
235
238
229
257
296
232
227
261
228
212
214
234
221
245
201
241
231
223
220
219
228
231
238
224
221
235
234
215
226
218
242
233
251
230
324
224
235
222
223
220
247
216
231
235
256
214
216
226
236
232
228
216
238
234
322
231
243
225
200
254
244
230
202
226
206
313
301
379
240
220
205
248
213
242
247
235
239
212
234
227
238
225
247
216
217
230
230
240
334
438
277
360
300
339
370
288
318
363
407
478
492
546
410
367
241
222
210
197
334
210
208
211
253
235
242
213
204
217
252
205
237
208
228
214
209
231
206
261
299
216
223
240
199
198
310
222
209
224
210
206
217
210
243
214
255
222
213
214
224
220
190
220
215
241
215
212
221
197
227
233
223
216
236
225
221
238
258
212
224
222
212
230
216
231
228
230
773
398
198
230
220
231
262
227
218
213
212
255
232
232
218
232
230
226
231
222
244
221
236
213
231
210
221
252
325
227
207
217
234
295
242
249
208
231
296
258
226
248
250
227
238
229
250
214
211
211
227
224
206
237
242
211
211
195
256
255
205
234
236
223
187
229
201
217
204
226
233
208
219
235
301
217
226
238
206
220
240
255
226
193
231
188
219
213
259
258
272
250
247
197
190
240
234
207
208
206
247
215
202
187
215
221
211
201
234
204
197
219
218
201
193
235
206
220
199
246
180
224
228
192
228
220
230
242
195
254
215
194
182
225
204
228
181
198
195
197
249
229
239
208
199
218
229
214
212
222
242
219
234
188
239
192
225
226
218
229
212
209
235
217
218
206
206
213
221
185
218
215
224
202
228
230
307
247
247
340
403
342
379
374
371
315
205
229
340
243
170
217
228
195
171
172
195
223
230
193
184
189
194
174
219
204
183
205
194
205
205
173
226
218
222
202
182
215
230
173
199
217
215
179
232
203
221
229
214
181
243
226
230
210
233
218
203
191
217
203
191
178
205
178
222
190
207
211
208
177
201
231
206
188
206
206
188
204
180
204
184
222
208
188
176
170
195
214
215
191
171
215
190
205
201
203
205
211
200
214
227
204
211
214
208
186
308
198
202
233
216
161
183
166
195
202
200
223
209
201
170
214
204
172
203
223
224
218
186
195
184
200
236
220
200
212
179
188
216
197
198
212
176
200
189
219
172
175
205
206
162
183
217
198
182
202
210
199
188
222
217
207
203
225
191
232
205
191
184
177
187
225
211
183
186
210
203
167
181
212
175
170
174
188
206
197
180
188
219
190
235
211
188
179
180
198
235
201
218
217
212
192
190
205
221
197
190
193
186
234
183
200
187
225
185
182
177
230
232
204
209
197
188
182
229
238
190
187
177
186
196
183
175
217
190
221
180
231
191
180
192
195
187
223
176
218
166
219
199
172
169
211
182
165
171
167
189
174
