100 166,94 9974 101 1000 avl_medium-1000-100.txt
200 174,804 427 124 1000 avl_medium-1000-200.txt
300 172,864 328 119 1000 avl_medium-1000-300.txt
400 183,759 427 139 1000 avl_medium-1000-400.txt
500 174,833 590 133 1000 avl_medium-1000-500.txt
600 200,535 467 137 1000 avl_medium-1000-600.txt
700 212,593 474 136 1000 avl_medium-1000-700.txt
800 180,738 527 111 1000 avl_medium-1000-800.txt
900 196,344 770 134 1000 avl_medium-1000-900.txt
1000 306,79 461 108 1000 avl_medium-1000-1000.txt
1100 190,575 647 124 1000 avl_medium-1000-1100.txt
1200 217,979 919 119 1000 avl_medium-1000-1200.txt
1300 165,671 815 105 1000 avl_medium-1000-1300.txt
1400 175,947 649 102 1000 avl_medium-1000-1400.txt
1500 207,29 558 121 1000 avl_medium-1000-1500.txt
1600 189,371 931 116 1000 avl_medium-1000-1600.txt
1700 198,311 877 134 1000 avl_medium-1000-1700.txt
1800 170,46 926 103 1000 avl_medium-1000-1800.txt
1900 280,285 93806 1157 1000 avl_medium-1000-1900.txt
2000 259,683 65003 117 1000 avl_medium-1000-2000.txt
2100 196,786 974 128 1000 avl_medium-1000-2100.txt
2200 203,581 870 132 1000 avl_medium-1000-2200.txt
2300 289,405 84290 123 1000 avl_medium-1000-2300.txt
2400 214,695 485 150 1000 avl_medium-1000-2400.txt
2500 186,388 682 122 1000 avl_medium-1000-2500.txt
2600 219,571 513 152 1000 avl_medium-1000-2600.txt
2700 202,923 629 115 1000 avl_medium-1000-2700.txt
2800 201,641 926 134 1000 avl_medium-1000-2800.txt
2900 199,084 449 1023 1000 avl_medium-1000-2900.txt
3000 204,785 850 135 1000 avl_medium-1000-3000.txt
3100 191,32 609 1033 1000 avl_medium-1000-3100.txt
3200 192,533 991 129 1000 avl_medium-1000-3200.txt
3300 200,902 425 135 1000 avl_medium-1000-3300.txt
3400 205,1 764 144 1000 avl_medium-1000-3400.txt
3500 225,573 968 159 1000 avl_medium-1000-3500.txt
3600 221,185 828 156 1000 avl_medium-1000-3600.txt
3700 212,17 460 1003 1000 avl_medium-1000-3700.txt
3800 209,467 539 145 1000 avl_medium-1000-3800.txt
3900 209,251 537 1027 1000 avl_medium-1000-3900.txt
4000 218,557 509 155 1000 avl_medium-1000-4000.txt
4100 210,2 943 153 1000 avl_medium-1000-4100.txt
4200 218,854 751 128 1000 avl_medium-1000-4200.txt
4300 214,761 691 1181 1000 avl_medium-1000-4300.txt
4400 209,654 605 148 1000 avl_medium-1000-4400.txt
4500 204,204 427 146 1000 avl_medium-1000-4500.txt
4600 225,116 580 142 1000 avl_medium-1000-4600.txt
4700 208,83 703 144 1000 avl_medium-1000-4700.txt
4800 208,289 633 138 1000 avl_medium-1000-4800.txt
4900 210,443 570 1029 1000 avl_medium-1000-4900.txt
5000 213,528 539 1014 1000 avl_medium-1000-5000.txt
5100 204,489 448 136 1000 avl_medium-1000-5100.txt
5200 221,903 604 165 1000 avl_medium-1000-5200.txt
5300 207,149 979 145 1000 avl_medium-1000-5300.txt
5400 223,726 663 1206 1000 avl_medium-1000-5400.txt
5500 218,468 562 143 1000 avl_medium-1000-5500.txt
5600 215,771 549 126 1000 avl_medium-1000-5600.txt
5700 214,333 533 140 1000 avl_medium-1000-5700.txt
5800 212,281 617 1462 1000 avl_medium-1000-5800.txt
5900 206,395 403 1028 1000 avl_medium-1000-5900.txt
6000 220,326 539 145 1000 avl_medium-1000-6000.txt
6100 211,588 838 137 1000 avl_medium-1000-6100.txt
6200 214,889 595 159 1000 avl_medium-1000-6200.txt
6300 216,465 688 136 1000 avl_medium-1000-6300.txt
6400 217,584 424 154 1000 avl_medium-1000-6400.txt
6500 227,8 616 159 1000 avl_medium-1000-6500.txt
6600 234,119 850 153 1000 avl_medium-1000-6600.txt
6700 228,944 609 1056 1000 avl_medium-1000-6700.txt
6800 213,755 562 1318 1000 avl_medium-1000-6800.txt
6900 198,438 438 142 1000 avl_medium-1000-6900.txt
7000 199,93 586 148 1000 avl_medium-1000-7000.txt
7100 219,786 624 1191 1000 avl_medium-1000-7100.txt
7200 219,049 784 159 1000 avl_medium-1000-7200.txt
7300 197,227 889 1237 1000 avl_medium-1000-7300.txt
7400 207,245 911 153 1000 avl_medium-1000-7400.txt
7500 215,109 980 160 1000 avl_medium-1000-7500.txt
7600 195,98 460 137 1000 avl_medium-1000-7600.txt
7700 216,677 473 1250 1000 avl_medium-1000-7700.txt
7800 225,736 645 152 1000 avl_medium-1000-7800.txt
7900 225,062 606 155 1000 avl_medium-1000-7900.txt
8000 196,806 397 148 1000 avl_medium-1000-8000.txt
8100 220,121 687 157 1000 avl_medium-1000-8100.txt
8200 222,303 696 141 1000 avl_medium-1000-8200.txt
8300 239,416 439 12689 1000 avl_medium-1000-8300.txt
8400 222,154 402 146 1000 avl_medium-1000-8400.txt
8500 214,413 687 140 1000 avl_medium-1000-8500.txt
8600 201,396 394 142 1000 avl_medium-1000-8600.txt
8700 211,066 585 159 1000 avl_medium-1000-8700.txt
8800 205,976 797 149 1000 avl_medium-1000-8800.txt
8900 216,795 565 1418 1000 avl_medium-1000-8900.txt
9000 206,614 581 152 1000 avl_medium-1000-9000.txt
9100 235,166 624 150 1000 avl_medium-1000-9100.txt
9200 212,581 617 1237 1000 avl_medium-1000-9200.txt
9300 201,868 329 136 1000 avl_medium-1000-9300.txt
9400 204,815 469 136 1000 avl_medium-1000-9400.txt
9500 206,644 349 138 1000 avl_medium-1000-9500.txt
9600 196,932 414 136 1000 avl_medium-1000-9600.txt
9700 212,797 997 146 1000 avl_medium-1000-9700.txt
9800 208,674 558 146 1000 avl_medium-1000-9800.txt
9900 225,182 611 158 1000 avl_medium-1000-9900.txt
10000 229,393 730 1248 1000 avl_medium-1000-10000.txt
