193
224
195
209
210
218
223
238
207
251
252
225
203
210
205
224
248
258
198
200
212
226
281
254
257
254
253
224
206
193
206
266
190
248
305
221
237
196
229
198
198
187
196
199
222
269
321
266
407
184
300
189
195
179
187
210
195
196
180
204
195
193
181
200
192
190
252
213
252
194
195
201
205
193
188
205
211
191
178
209
227
180
311
188
180
202
203
211
213
216
213
190
233
209
253
212
250
214
242
267
219
201
225
199
212
218
218
236
299
213
231
203
222
255
235
236
235
243
242
199
210
205
226
223
229
254
212
222
211
233
254
231
225
224
231
240
203
271
201
250
206
217
217
238
223
250
198
315
257
205
301
287
216
225
218
234
222
212
239
351
260
219
238
231
236
233
254
241
213
242
317
278
257
463
259
242
257
249
344
250
275
230
247
232
228
267
217
245
243
274
227
263
269
232
304
216
231
214
276
258
238
233
247
268
221
224
235
240
245
219
216
211
259
231
208
237
208
250
237
226
203
215
292
210
255
195
241
220
238
267
227
200
245
206
217
197
208
203
324
212
261
230
277
307
249
238
220
404
275
213
386
229
214
217
237
223
210
219
219
241
233
307
232
220
258
354
291
253
287
243
291
244
289
355
223
249
280
394
231
221
247
357
297
241
261
219
349
239
266
228
585
240
243
288
305
265
438
342
850
471
245
293
304
285
336
368
377
295
733
309
302
318
390
259
300
285
305
309
384
335
488
451
283
374
296
330
299
347
259
293
278
298
456
292
279
274
295
337
304
397
273
277
282
272
314
254
245
280
277
262
341
279
247
244
432
458
256
404
435
238
228
228
261
288
244
276
246
239
240
256
217
243
271
228
266
249
275
234
242
261
238
234
263
224
222
240
228
217
223
221
236
227
204
246
220
315
201
231
239
229
220
236
244
208
225
214
236
262
234
240
239
284
254
257
218
202
192
212
195
216
239
196
189
198
289
204
198
222
191
218
204
208
211
238
187
206
209
209
246
205
262
236
287
195
223
223
194
363
284
202
263
221
206
206
219
199
189
270
326
212
214
215
296
219
227
212
258
208
223
210
251
227
224
236
215
215
214
360
265
242
216
451
221
216
251
212
205
241
211
187
201
226
204
234
216
186
216
239
190
193
198
208
237
228
214
208
182
232
194
193
187
202
230
194
211
270
192
298
218
235
257
192
220
213
186
242
214
210
249
233
193
218
206
239
235
214
216
219
200
189
234
283
218
242
213
214
210
207
218
234
222
215
221
250
253
256
219
200
350
236
321
219
198
237
207
217
205
212
240
210
208
200
220
205
296
234
222
222
290
215
209
200
248
242
259
190
375
208
208
319
416
247
193
315
209
257
204
215
205
189
202
217
265
206
210
204
212
208
200
229
291
207
203
268
188
235
261
215
216
201
241
209
211
204
207
225
202
273
206
197
205
274
197
204
195
196
199
234
308
204
188
260
198
249
201
330
171
210
195
217
214
201
264
202
305
201
278
215
262
324
207
312
199
229
211
198
217
175
200
207
203
170
183
247
210
210
202
201
206
195
232
200
200
215
193
191
199
209
255
204
262
193
209
291
210
240
203
203
224
198
200
189
241
201
232
203
223
204
205
197
209
227
206
195
218
189
195
194
247
174
246
201
254
212
183
206
212
208
229
196
287
195
197
184
243
239
212
208
221
206
207
204
183
214
182
213
245
257
263
333
205
255
277
261
195
192
191
228
199
206
189
186
279
187
257
198
185
190
202
225
184
189
200
234
183
182
187
187
197
240
271
203
233
248
187
254
204
337
220
188
226
181
186
177
179
182
229
193
188
181
220
189
227
194
189
181
204
189
192
218
186
193
192
229
191
187
199
186
179
182
177
191
236
187
188
264
197
198
192
239
193
172
175
204
180
238
254
204
168
183
185
197
193
188
249
181
200
182
180
242
183
236
204
254
195
305
363
317
236
194
236
308
206
260
191
287
313
230
179
185
203
231
189
232
195
201
179
229
190
240
175
221
205
209
185
153
205
164
197
228
182
226
194
167
184
184
192
174
188
176
186
211
240
196
180
191
184
192
196
238
184
206
221
195
200
220
209
194
191
251
181
233
303
202
248
235
204
207
212
211
206
232
238
302
201
209
276
231
209
247
205
245
240
200
286
220
251
211
223
214
206
242
205
296
205
206
275
220
216
210
202
211
285
199
216
210
264
214
271
201
217
224
275
220
260
200
216
197
203
257
210
266
250
215
239
222
291
213
219
212
265
245
211
224
226
270
277
266
218
228
