47
34
81
46
47
54
58
49
52
42
48
44
59
41
39
70
48
44
46
41
49
44
56
52
47
44
47
42
49
42
48
43
54
39
50
48
78
40
51
43
71
42
54
41
43
69
49
51
42
74
91
69
45
50
41
57
54
43
45
43
53
74
54
43
55
48
48
41
51
42
50
45
51
43
51
42
44
42
63
43
54
42
45
42
46
43
47
44
49
42
51
43
58
44
56
42
42
45
52
43
44
47
57
43
52
52
65
43
74
43
64
50
64
63
78
44
53
52
51
44
49
45
58
65
43
41
75
70
92
50
42
84
49
42
44
53
41
80
53
57
45
80
47
83
50
54
52
43
43
84
114
52
44
44
103
53
84
52
43
55
82
55
87
54
54
51
45
70
44
45
42
47
72
94
53
55
43
52
78
52
44
60
72
71
51
50
73
80
52
46
49
83
43
46
44
46
50
46
52
44
48
41
45
48
44
62
54
59
44
50
44
45
52
50
45
56
55
65
48
44
53
52
53
57
59
52
43
46
44
45
44
57
43
53
59
45
61
46
41
83
43
44
58
55
87
44
55
59
55
48
49
45
56
74
45
45
44
53
54
49
45
45
75
54
72
56
55
43
45
93
45
61
66
46
46
45
106
83
53
51
45
47
70
45
44
46
54
45
54
54
57
48
46
51
55
69
46
55
55
46
51
46
46
46
45
39
45
47
88
45
104
48
48
46
45
48
64
48
46
53
94
50
60
54
54
50
46
91
55
46
45
45
56
57
85
57
58
47
90
45
44
46
56
55
46
47
46
51
45
59
78
46
55
44
52
87
46
87
44
48
54
55
53
45
59
55
54
78
52
43
54
79
83
51
81
96
62
84
53
55
85
76
50
73
43
45
74
70
52
44
50
91
57
69
46
49
84
87
74
49
43
42
41
54
43
43
46
45
50
43
44
43
45
52
65
48
58
54
84
49
48
75
80
84
49
88
43
60
48
58
43
41
49
40
48
41
47
55
49
48
49
43
43
71
41
60
42
42
43
51
33
90
55
54
46
43
48
44
43
42
59
41
56
44
74
47
47
52
59
48
48
50
41
52
43
59
51
51
44
42
58
53
57
73
56
74
44
64
57
51
51
41
51
40
51
42
55
44
48
52
50
41
49
44
43
64
44
45
45
64
52
61
47
42
47
60
50
58
60
85
44
57
43
43
64
46
49
42
45
41
46
58
42
43
44
42
42
59
48
41
44
81
63
65
79
53
60
47
49
49
45
49
49
55
45
65
52
55
49
52
42
50
44
48
60
49
61
41
44
41
59
51
52
61
45
51
49
53
45
51
46
71
45
55
42
43
42
41
60
43
43
92
89
55
42
49
77
54
50
63
59
59
50
59
60
41
44
54
34
51
62
42
48
40
59
46
48
40
54
55
42
42
53
43
43
69
41
56
48
50
42
51
53
47
41
50
43
54
43
47
61
49
54
51
61
50
52
54
49
47
47
52
48
48
48
48
49
48
51
59
42
51
41
51
43
55
56
42
50
48
41
54
50
49
61
49
43
52
61
52
51
58
47
41
49
52
51
51
114
52
43
55
48
49
46
71
44
61
43
61
63
57
43
52
45
48
74
61
50
53
50
51
67
46
76
57
46
52
61
70
44
76
56
57
53
73
53
43
44
54
60
49
66
47
62
57
61
43
52
43
53
43
66
50
51
52
64
52
64
44
54
54
55
43
60
41
61
44
42
44
49
43
50
45
52
43
51
42
51
43
50
41
46
42
56
45
65
43
55
44
52
47
44
49
63
42
53
43
50
42
58
44
48
43
42
44
59
44
53
44
64
45
44
43
51
48
52
51
52
42
79
43
52
59
44
61
51
54
42
46
49
55
67
57
42
52
68
49
51
54
47
53
43
52
50
51
48
58
45
49
45
53
45
53
46
48
45
56
51
56
45
52
45
53
42
44
50
53
55
53
42
47
49
55
66
47
49
50
53
55
42
51
44
54
49
47
50
50
44
48
46
70
36
56
50
50
62
41
43
44
42
86
50
49
52
72
72
42
56
52
47
41
52
67
62
85
54
46
51
52
61
49
88
52
42
49
42
43
44
41
42
50
69
43
77
46
52
51
44
42
51
45
45
46
92
42
69
41
43
80
42
43
52
41
54
50
42
83
42
82
52
74
44
42
46
42
78
45
45
43
72
52
56
42
40
49
48
45
42
52
44
49
43
48
43
42
44
44
41
50
49
54
51
64
42
54
52
52
42
44
42
82
43
43
70
49
42
56
44
52
