352
360
329
332
347
285
226
321
253
244
305
251
358
328
284
297
219
268
270
356
403
233
268
395
407
295
356
404
350
318
321
340
378
368
324
311
397
384
362
279
278
354
280
265
380
367
409
373
411
390
332
379
364
344
399
429
417
416
393
372
407
422
467
439
465
387
351
389
416
418
427
377
474
453
398
387
260
368
378
309
317
364
355
378
281
212
230
264
183
218
285
219
165
424
199
184
194
210
189
188
178
219
186
214
197
218
198
229
200
211
180
202
210
192
195
188
199
210
193
202
200
189
172
199
197
214
202
208
199
190
209
173
189
199
197
167
203
186
210
205
205
178
179
215
199
194
218
227
240
193
200
204
180
200
200
199
211
211
189
207
205
200
205
202
194
195
190
206
214
171
223
211
212
185
199
195
188
211
167
187
187
215
192
167
198
178
168
200
211
209
199
224
207
203
204
210
202
205
199
228
190
195
211
193
162
235
201
196
205
201
199
202
149
184
214
218
232
228
224
192
194
214
198
201
197
189
208
215
185
179
205
206
203
207
196
210
205
211
164
183
208
199
204
186
218
180
215
217
205
188
180
222
196
176
204
190
206
226
189
198
194
183
223
210
166
178
184
182
192
192
201
203
194
216
204
211
165
185
228
208
185
209
196
209
182
189
217
196
209
202
171
184
184
216
193
203
167
195
184
207
185
174
192
205
178
181
200
195
218
189
201
203
213
189
202
194
182
192
193
212
200
194
200
199
191
201
214
252
200
190
204
209
168
172
157
199
221
214
186
220
201
204
167
204
198
214
284
210
237
199
183
206
192
203
198
206
195
162
188
181
174
205
204
197
174
169
202
207
205
208
215
187
186
157
212
188
184
196
198
197
184
169
178
152
188
196
179
206
190
200
216
216
200
201
182
184
206
182
204
154
204
199
203
198
181
232
206
194
178
207
207
204
218
157
201
199
194
187
193
201
197
202
205
195
202
211
212
205
203
196
167
195
198
202
208
185
206
207
190
210
173
219
205
188
184
200
137
204
196
199
184
205
223
217
196
208
219
208
211
175
152
210
191
238
217
216
182
170
195
202
209
233
204
226
220
182
196
211
212
206
210
201
226
165
218
187
198
172
216
200
203
193
183
218
203
198
225
206
192
204
217
204
192
210
183
202
214
230
182
172
202
201
220
197
199
192
165
213
200
207
216
191
184
212
207
203
228
216
191
203
198
180
136
233
182
212
240
263
286
281
261
209
163
200
151
204
218
174
217
199
153
210
220
194
202
188
212
184
164
172
237
183
197
178
218
201
196
195
215
205
191
202
218
195
203
199
213
200
200
198
173
197
217
190
195
204
212
209
319
192
199
212
217
180
204
203
200
200
192
188
199
177
197
165
176
195
196
169
201
223
196
211
194
212
204
205
204
176
190
198
206
217
189
194
186
174
197
182
201
195
191
281
195
205
194
199
151
190
213
202
175
205
203
209
170
233
189
194
190
211
194
208
219
207
181
194
192
225
213
180
168
201
200
204
199
210
191
211
172
196
182
195
184
200
176
215
171
197
198
183
191
202
196
183
206
209
196
192
194
183
206
193
189
179
192
182
196
214
186
195
199
203
203
180
196
191
191
196
195
187
193
206
182
167
203
196
186
199
173
205
185
192
159
188
165
187
214
193
216
171
239
197
203
184
239
205
195
209
206
201
188
226
195
217
194
202
184
210
210
201
195
207
179
214
205
183
218
198
213
195
193
193
187
202
169
183
195
158
227
214
186
236
193
205
197
200
202
183
158
223
200
201
161
203
181
197
221
198
203
192
196
183
213
202
183
158
189
163
162
189
199
225
207
198
197
205
195
232
204
197
196
192
186
195
206
190
206
213
189
221
199
188
192
228
198
200
201
172
202
220
194
189
198
197
180
207
205
218
215
218
191
216
205
146
183
189
206
199
190
259
206
210
213
229
191
187
182
186
177
199
196
240
191
200
201
176
217
193
207
208
182
198
211
204
200
221
208
204
216
227
222
236
202
168
222
210
238
219
238
219
216
180
277
235
274
293
196
248
213
202
208
210
193
215
145
207
220
197
164
209
208
234
221
230
216
203
198
209
192
190
183
163
196
218
191
169
199
202
185
205
203
201
204
197
202
193
280
192
195
171
195
186
192
231
198
197
212
177
207
200
186
183
200
192
183
201
210
191
173
184
206
197
172
228
201
213
195
191
172
200
217
209
156
219
219
197
183
160
195
203
205
191
203
177
251
212
245
210
212
212
258
183
190
193
192
180
202
191
202
149
