37
47
41
88
46
40
90
71
40
43
46
79
75
44
38
83
48
46
88
40
90
45
41
66
42
40
43
51
41
46
108
147
78
70
68
68
97
63
41
40
91
76
64
79
38
67
52
54
61
83
74
94
41
74
88
40
86
89
61
39
79
39
59
68
65
66
39
63
75
64
39
55
92
72
42
39
44
39
39
77
40
57
67
76
38
97
55
72
104
123
142
70
95
131
55
77
52
59
42
51
59
76
89
101
262
69
88
97
37
42
54
61
137
61
100
78
69
50
70
80
70
89
61
49
43
77
89
32
106
66
38
44
39
77
41
43
43
40
158
44
39
33
40
80
40
42
41
62
83
86
45
48
45
56
59
93
40
87
42
93
48
84
50
46
53
39
89
72
38
76
77
76
46
38
49
68
71
39
52
43
82
40
32
38
70
41
65
83
41
40
39
38
87
43
41
53
71
42
79
40
73
81
44
44
73
59
81
85
38
47
42
41
110
130
54
160
55
57
74
41
69
32
92
33
68
42
78
39
85
80
80
48
40
39
40
95
52
42
70
68
80
63
42
93
51
103
82
40
42
85
40
81
39
40
34
58
42
42
43
67
40
73
42
44
42
83
44
49
42
39
77
37
72
50
39
78
51
74
81
98
43
75
72
39
52
39
83
33
98
39
95
41
87
51
89
66
42
81
49
42
74
42
80
43
87
43
42
85
44
44
44
45
46
39
42
86
73
73
42
44
70
85
76
77
46
41
42
43
50
66
52
50
41
47
57
55
44
44
42
44
45
48
80
75
42
45
49
67
65
45
49
74
73
56
65
45
76
40
51
40
42
39
39
80
91
66
76
96
46
32
67
86
80
81
89
39
47
90
71
70
75
41
39
42
41
84
42
92
45
68
40
63
39
42
95
38
75
39
40
39
41
40
78
74
40
43
42
169
32
44
84
75
77
84
38
75
84
80
51
39
84
67
42
41
74
344
96
42
85
89
87
83
95
82
49
84
40
78
84
46
76
39
85
38
39
98
50
42
89
70
74
39
49
44
81
41
39
62
45
56
73
38
83
86
41
39
67
81
70
73
55
89
42
86
86
39
97
43
50
78
41
88
79
37
40
77
75
51
40
49
47
68
53
42
46
100
68
44
41
39
42
82
80
42
40
45
89
50
85
41
75
154
43
50
78
80
53
87
40
38
87
71
81
83
81
70
39
70
39
87
40
51
40
40
74
43
78
85
82
83
40
39
62
75
40
39
76
85
67
41
40
84
114
65
91
50
78
92
40
78
69
98
40
86
39
40
32
76
41
67
45
39
75
77
78
72
74
31
39
40
39
39
68
38
81
78
56
43
83
62
47
86
83
41
41
83
47
76
45
41
60
70
39
73
33
76
78
37
40
67
84
87
40
34
40
76
40
42
74
77
45
40
34
87
44
40
41
69
67
67
92
53
69
77
53
81
76
39
65
39
82
91
101
58
70
87
81
76
42
72
56
49
77
52
80
39
77
40
87
92
46
42
40
55
64
72
80
39
42
42
40
43
56
81
63
38
45
81
80
57
38
92
54
70
156
98
84
98
561
50
102
88
54
52
97
95
40
44
94
42
148
130
89
110
159
44
167
53
56
85
40
86
39
39
67
87
69
51
42
74
50
42
49
40
95
69
39
43
48
31
42
48
194
88
45
41
80
51
32
41
42
86
49
49
59
43
43
83
85
77
45
84
44
42
42
75
40
74
39
77
53
80
40
42
40
54
69
52
42
40
43
42
69
42
43
66
95
39
48
55
79
68
41
41
42
43
89
44
50
87
156
38
39
69
84
68
92
44
40
88
43
70
64
42
44
97
40
42
40
99
41
48
73
69
76
86
40
42
54
78
88
83
79
57
86
76
79
43
80
56
40
94
42
102
44
40
49
51
76
41
43
51
46
72
46
47
38
89
78
85
52
143
54
195
42
43
81
120
86
39
75
60
132
39
87
81
39
82
51
46
101
32
38
65
39
94
32
41
88
43
109
44
82
41
41
98
72
40
39
73
39
42
47
65
72
38
38
44
76
42
61
42
41
84
183
47
42
72
94
39
72
42
48
52
41
46
42
180
38
39
41
40
38
77
66
77
39
41
40
42
43
51
50
42
49
52
91
40
77
73
74
44
109
43
46
40
41
78
74
42
42
40
42
69
39
55
43
41
49
41
46
32
49
45
61
69
59
65
104
74
72
90
147
81
64
85
45
88
86
51
41
56
84
39
79
50
50
40
50
42
41
54
109
120
63
67
84
93
96
38
