130
163
133
132
128
129
135
184
138
198
129
219
123
167
128
145
127
180
125
130
123
128
131
128
196
130
141
136
130
130
129
132
135
137
160
139
193
187
161
145
153
182
130
136
134
131
127
134
129
136
129
134
133
129
127
130
148
131
143
179
131
180
194
127
133
144
135
140
203
150
168
146
151
145
134
133
152
146
141
149
189
135
141
134
130
132
206
140
127
130
129
131
133
135
139
143
147
132
134
139
145
184
135
136
144
152
151
133
148
147
190
137
199
126
152
204
183
129
145
198
201
131
138
148
156
146
151
140
172
212
131
176
141
151
178
162
208
137
175
150
205
137
170
147
158
143
151
140
143
141
142
152
130
140
202
143
151
152
183
142
146
151
150
136
141
140
137
146
140
131
135
148
207
161
217
140
150
213
133
157
143
142
137
140
139
192
136
214
141
159
149
197
143
147
142
164
204
141
142
232
140
149
141
149
229
136
136
139
145
140
151
144
137
138
134
148
138
150
132
146
144
138
136
148
135
152
149
222
187
205
217
145
168
150
208
139
175
148
198
141
211
137
199
148
210
137
142
145
150
205
148
135
156
206
150
147
135
140
158
151
193
134
196
139
150
142
179
197
141
140
152
154
173
142
211
141
201
133
124
143
230
153
147
153
136
189
152
138
142
217
164
208
143
195
143
143
223
136
210
135
238
132
217
140
223
128
138
152
141
200
165
207
130
173
121
144
134
176
130
126
129
133
124
128
131
136
114
133
173
125
185
134
178
133
126
132
140
120
144
130
144
182
127
184
121
140
134
177
133
171
127
127
122
129
205
129
130
131
131
135
141
181
137
138
123
135
130
141
162
127
141
140
174
135
171
139
181
147
184
135
152
136
153
201
138
174
139
139
147
135
126
143
177
140
205
127
191
135
214
127
127
129
187
126
194
131
171
131
142
128
146
171
143
143
137
147
126
131
135
127
176
127
138
133
182
128
121
142
116
169
126
127
173
240
129
118
187
125
164
129
173
138
130
184
141
201
129
183
131
152
118
131
134
145
128
135
145
111
129
192
130
121
124
197
124
127
121
172
126
134
134
138
132
253
211
198
175
205
127
175
139
182
129
128
118
179
126
130
177
135
182
128
137
152
222
130
192
138
178
137
141
153
197
128
172
128
133
141
180
138
184
131
194
129
140
134
128
138
167
150
174
140
149
170
149
136
240
136
135
139
126
123
138
130
123
124
137
128
120
135
124
215
125
173
136
212
123
123
128
133
183
134
127
128
130
127
122
126
132
145
145
127
191
132
173
127
138
137
133
130
158
127
175
125
163
125
147
130
152
137
141
132
161
143
161
133
146
186
141
136
188
169
128
129
128
150
139
149
128
149
177
129
125
127
138
148
129
144
134
137
134
164
127
183
124
130
122
142
124
145
139
123
132
117
181
127
130
138
133
128
138
129
124
129
130
120
131
130
127
131
141
129
116
135
142
140
142
130
146
133
127
132
177
142
187
148
194
151
128
147
191
132
143
135
211
152
155
126
233
132
222
130
221
124
136
226
193
206
138
134
210
206
207
137
145
211
161
209
210
138
138
137
138
206
173
139
211
220
217
216
136
157
167
139
224
134
133
138
164
147
155
151
191
138
213
142
137
140
216
150
203
156
213
140
200
149
135
204
142
151
329
208
138
135
137
150
213
129
144
217
144
219
147
137
143
195
146
133
155
162
207
153
122
129
135
179
217
136
146
138
212
135
208
143
224
151
142
150
204
146
141
214
145
192
187
156
215
142
217
148
148
155
223
135
135
129
198
138
214
131
142
138
208
188
152
206
157
223
141
206
137
223
158
151
156
143
145
144
151
146
152
151
150
228
148
147
131
211
149
147
148
196
150
163
142
154
209
140
147
153
151
187
213
209
187
130
133
148
130
191
162
195
131
125
138
182
201
191
142
127
138
196
128
142
132
131
134
181
124
187
126
135
188
191
127
189
128
134
122
128
178
130
210
128
200
132
128
129
195
127
149
140
213
155
175
134
172
144
237
133
153
133
141
141
223
130
198
135
127
143
169
126
191
145
139
129
145
132
130
125
138
129
120
128
143
195
126
190
126
141
185
126
183
127
174
135
197
177
168
215
173
133
124
191
128
186
124
132
128
131
127
159
132
197
141
123
139
139
128
133
196
140
195
124
139
142
182
133
125
139
196
151
128
148
187
131
135
117
191
124
176
138
127
140
132
181
132
131
140
174
118
159
135
197
123
201
128
165
155
126
161
124
208
126
124
123
188
123
125
125
