169
122
222
200
130
180
124
149
205
218
146
208
195
135
122
121
135
184
140
123
208
181
187
133
127
138
198
130
171
202
215
184
125
133
148
200
176
138
163
151
206
118
174
136
219
199
149
139
184
143
127
143
189
185
193
166
136
204
137
111
195
176
211
136
149
126
206
200
126
214
188
189
191
122
128
210
143
195
172
212
210
181
134
147
193
206
183
308
139
143
150
114
189
200
133
127
190
189
130
201
200
178
132
131
191
202
180
142
131
214
194
219
114
189
111
124
118
198
166
146
193
187
151
162
136
147
201
229
209
152
203
197
191
206
432
164
175
160
135
208
197
189
142
185
205
167
143
202
183
207
880
198
191
175
190
195
136
143
137
154
193
203
142
146
214
142
228
148
156
152
190
156
258
152
186
136
149
184
138
190
182
252
134
181
153
190
197
153
151
208
191
142
157
216
168
141
185
144
199
172
212
211
193
207
497
201
318
141
142
197
149
191
191
200
150
195
203
209
185
130
200
189
181
150
204
194
217
188
185
191
187
128
217
197
128
143
150
152
236
140
181
229
243
171
298
225
130
123
240
205
210
140
188
186
197
165
183
131
211
130
140
192
198
154
141
206
140
140
115
236
213
170
148
224
157
197
240
213
140
199
191
200
151
183
192
213
116
133
199
124
140
191
197
137
141
239
270
225
150
275
268
227
316
189
270
193
159
174
129
200
125
212
127
176
183
144
119
207
154
188
190
195
207
208
211
358
180
179
193
129
185
144
161
142
210
128
196
218
111
193
215
180
196
114
211
156
135
151
135
141
193
171
181
195
178
183
135
146
198
189
189
195
132
200
138
130
210
123
205
142
129
129
193
182
123
166
185
115
183
141
221
203
129
207
175
183
119
197
188
197
116
132
208
213
177
198
137
186
198
126
128
194
117
205
228
205
198
190
128
196
199
176
130
136
190
149
185
185
180
201
193
112
175
217
195
142
139
200
200
135
177
195
141
206
113
200
194
182
134
140
243
196
127
119
135
142
186
216
149
191
200
138
133
184
188
186
176
113
172
149
182
209
179
114
177
164
127
147
165
167
170
129
122
166
166
183
164
124
179
184
125
138
125
108
134
180
189
188
203
191
127
165
176
137
182
135
129
135
191
135
166
179
128
166
119
167
182
112
160
110
166
173
106
179
155
134
126
173
134
167
167
129
139
194
194
186
152
119
166
128
107
152
187
112
125
163
129
178
117
119
162
187
148
105
165
133
193
142
144
166
148
171
126
177
207
205
152
172
142
134
154
136
185
160
141
174
149
164
160
157
115
122
194
183
155
144
179
164
145
178
169
122
128
159
169
187
186
126
119
153
162
116
186
167
127
142
176
150
131
163
120
202
203
121
134
121
127
178
170
195
178
153
146
126
139
121
144
189
161
115
137
190
113
141
178
134
178
160
166
173
126
182
167
144
107
135
138
136
189
167
161
164
118
144
140
184
163
162
166
170
175
125
173
163
104
117
143
185
165
124
135
180
193
145
173
168
173
189
127
170
167
176
166
189
159
137
148
158
186
112
172
129
156
161
130
121
127
110
185
164
134
157
135
195
114
188
124
159
173
180
173
138
153
131
190
214
153
174
161
138
149
126
132
173
166
150
181
179
111
128
129
158
143
207
187
110
183
147
110
175
119
126
162
145
173
155
200
128
125
134
128
183
162
184
166
130
172
175
144
171
169
149
159
194
134
174
145
133
182
153
142
115
121
126
175
161
135
180
135
165
125
129
163
163
170
150
171
120
164
129
150
184
162
172
126
169
185
172
121
126
165
128
151
187
172
162
161
133
128
163
156
189
154
119
168
142
116
137
170
110
154
171
133
132
136
139
118
123
125
170
159
161
158
182
142
129
169
170
178
157
115
159
184
161
171
145
177
194
178
127
163
167
136
118
158
165
156
171
166
136
168
137
121
144
167
145
169
191
120
133
170
132
119
125
127
125
161
170
117
130
127
123
125
179
111
145
169
138
120
141
142
167
158
132
147
171
115
140
141
135
130
188
127
138
153
128
127
125
128
127
178
125
146
169
123
166
127
136
128
118
137
204
177
177
131
136
157
159
127
128
168
134
122
188
180
174
142
119
169
163
165
137
159
165
124
131
166
135
189
171
139
165
138
121
134
184
167
111
155
122
189
130
131
161
192
166
180
125
176
185
144
183
107
161
167
134
184
131
187
145
155
126
135
155
112
165
112
132
173
177
130
178
162
168
140
112
184
166
108
166
180
135
115
113
138
164
174
147
178
173
