151
142
204
172
145
142
182
138
207
190
185
143
210
202
178
150
189
190
133
132
161
151
163
178
141
139
172
180
128
178
135
200
243
207
198
199
261
199
141
201
138
142
135
140
133
137
133
131
131
158
146
132
152
184
140
140
135
130
154
152
158
174
137
140
151
145
132
137
146
133
136
182
147
208
139
196
162
139
202
143
164
268
127
215
190
140
136
154
132
150
204
156
138
162
185
255
154
193
161
142
144
205
158
125
202
206
261
139
158
142
141
148
140
156
203
144
218
155
143
200
145
197
142
136
141
143
142
156
139
164
197
147
163
136
134
143
140
196
161
205
145
151
144
159
142
154
154
145
144
156
146
146
144
203
141
140
161
163
198
227
218
166
141
162
217
3353
162
142
147
219
145
157
154
203
159
148
148
213
205
142
174
143
146
151
146
146
135
158
149
192
184
138
143
135
145
157
213
165
173
191
146
144
155
146
190
144
219
145
155
156
148
165
143
220
138
146
136
139
147
132
149
146
138
160
145
155
242
182
152
227
214
151
136
149
150
144
163
159
150
216
156
150
151
207
154
211
167
202
145
207
156
151
162
153
217
147
150
155
242
153
160
139
149
145
138
154
151
138
127
176
232
196
183
205
134
188
134
193
132
141
197
134
151
141
172
135
194
192
206
212
133
197
128
196
151
206
150
214
141
132
208
146
186
135
179
135
160
161
189
171
143
129
157
132
152
201
135
187
134
208
136
134
146
173
140
137
203
135
190
137
190
154
144
133
147
135
205
126
136
194
134
184
150
134
132
139
118
130
207
135
159
170
137
134
152
129
141
153
137
146
155
156
130
136
158
157
132
132
147
147
186
152
187
216
151
126
141
208
168
204
148
135
200
126
122
131
129
131
129
217
159
291
143
146
196
119
191
142
137
144
131
194
141
194
128
192
134
134
201
133
126
143
192
128
197
113
144
131
130
194
157
201
129
132
197
124
143
131
133
126
200
113
124
144
143
140
128
199
147
140
135
143
187
123
142
141
130
193
142
144
126
146
127
134
174
127
152
132
144
127
127
184
143
158
144
140
133
130
124
153
129
138
176
142
128
134
127
130
141
204
131
126
158
125
178
137
169
129
182
129
142
119
141
193
127
185
137
143
132
132
148
127
179
135
182
129
192
131
127
131
189
186
134
132
135
172
262
141
172
136
143
131
181
132
185
141
143
128
140
189
135
185
145
180
142
138
149
132
192
143
122
141
187
159
145
151
125
128
143
133
133
125
131
129
130
134
132
182
147
130
128
134
133
132
112
124
122
179
189
194
147
131
145
124
127
148
140
135
127
126
131
141
135
144
135
164
147
132
120
137
127
138
149
126
145
184
140
149
143
137
140
136
127
144
123
165
184
131
121
149
131
139
185
196
123
140
159
148
138
132
184
136
144
136
129
137
132
135
144
185
152
139
129
128
129
138
120
132
172
129
134
141
142
147
127
189
188
132
145
145
131
132
142
134
137
139
155
170
182
146
127
142
127
160
129
141
131
123
125
174
128
135
127
124
131
136
170
151
172
135
137
137
140
181
140
133
137
305
128
129
132
140
163
135
124
141
182
143
129
145
142
131
124
131
147
140
138
138
134
126
182
152
137
131
125
128
132
162
160
162
129
133
191
128
141
131
130
131
148
133
135
128
153
143
133
139
137
133
131
146
135
179
139
138
137
151
126
167
185
135
135
141
174
132
183
137
139
196
143
176
136
145
149
134
151
141
132
150
126
144
145
143
162
132
135
133
151
128
130
134
134
144
127
141
149
134
173
126
147
132
146
135
143
137
152
143
133
147
138
131
148
132
132
127
205
143
190
139
137
146
146
182
127
131
140
192
137
133
139
135
131
146
146
140
120
157
294
145
133
129
134
134
141
135
141
191
139
135
128
134
138
135
147
1051
130
141
141
170
139
131
135
129
131
137
146
134
199
143
179
130
185
129
186
113
143
131
129
113
127
127
134
188
134
133
131
132
199
171
214
272
124
141
127
145
236
138
196
186
130
127
176
118
167
198
131
179
142
190
144
193
126
194
131
123
142
125
176
192
127
190
182
128
210
142
145
141
187
128
132
157
161
191
135
201
123
154
135
133
186
186
130
200
127
192
126
155
133
114
155
139
129
124
183
197
184
126
128
125
125
140
138
178
126
127
126
141
179
197
142
125
138
221
144
127
174
194
139
158
197
230
135
155
201
202
113
157
179
127
176
133
189
132
135
199
188
186
196
208
133
177
186
127
147
125
187
194
125
189
189
199
