201
275
213
237
189
210
210
157
237
235
236
168
208
230
154
222
164
187
161
266
176
253
240
163
195
219
245
237
179
275
460
205
273
208
187
181
201
228
344
200
235
212
180
203
250
199
255
190
210
206
204
208
167
209
201
235
196
212
189
238
211
278
208
214
189
208
197
208
225
223
269
175
251
276
173
176
320
186
213
182
235
232
216
255
252
214
212
190
296
253
250
195
178
204
214
261
216
211
365
240
202
171
199
261
258
214
220
215
266
216
277
217
238
201
299
237
236
248
235
262
301
312
230
230
219
254
172
412
213
231
295
275
236
194
189
178
200
192
232
330
230
199
183
191
172
237
188
218
194
207
197
187
177
209
219
181
189
174
227
183
196
183
203
182
214
235
177
412
185
220
177
239
189
182
198
235
175
173
236
191
176
167
186
193
309
175
201
166
182
206
232
200
194
187
247
179
228
188
197
199
433
203
276
221
195
236
186
342
177
190
317
198
203
190
168
213
224
209
169
194
200
274
196
190
197
178
276
206
184
176
203
233
187
185
211
197
206
170
185
194
187
204
184
255
184
299
183
225
175
230
169
179
173
187
249
288
204
195
184
212
179
215
210
178
182
206
189
252
208
242
227
195
194
388
205
207
197
236
245
191
203
200
186
235
224
194
198
186
192
224
283
201
250
189
211
280
197
210
189
203
191
195
255
191
186
259
187
184
230
179
176
183
222
182
188
182
189
204
180
179
183
185
183
180
178
184
220
184
191
182
213
183
189
179
171
184
185
181
176
245
171
214
206
183
170
180
227
262
214
180
180
195
204
183
194
210
173
175
210
176
176
168
213
172
177
181
173
179
172
170
151
231
183
183
171
168
194
174
178
205
196
183
221
173
207
164
172
192
197
298
297
211
184
163
178
188
196
196
174
170
168
170
194
225
175
198
162
168
174
196
198
174
179
172
206
234
165
176
170
210
182
208
167
220
182
194
192
223
212
178
213
233
181
204
197
206
192
173
213
189
210
222
194
201
215
182
200
192
228
236
241
207
197
210
195
228
194
215
234
203
177
238
162
189
208
227
250
191
196
183
225
192
179
191
226
200
205
215
225
175
246
206
208
200
209
240
224
176
173
200
211
199
209
211
210
204
192
225
219
191
184
205
252
198
206
202
169
201
234
239
201
190
200
219
219
196
199
224
191
199
211
229
226
191
243
237
187
212
189
194
194
201
188
171
265
207
425
321
199
221
166
198
187
183
205
222
189
237
187
196
188
198
205
177
173
181
177
198
201
169
176
208
176
165
169
199
191
215
202
197
188
184
198
220
221
208
198
197
209
151
165
153
159
151
163
169
167
149
167
151
191
145
150
159
235
143
160
173
164
158
168
162
170
346
162
193
180
160
166
160
200
196
142
151
207
210
157
164
187
154
143
153
231
146
163
145
156
238
225
190
147
143
176
194
179
169
149
193
157
141
220
202
155
158
205
158
151
149
158
161
154
195
151
232
153
172
155
203
137
158
149
159
159
148
175
157
197
158
145
147
141
154
148
167
159
162
215
164
151
160
183
152
171
214
208
153
154
186
225
156
149
154
187
145
193
165
139
203
225
145
156
157
224
153
150
161
151
156
154
162
158
205
208
155
203
160
187
199
157
150
193
229
184
210
159
146
282
198
143
156
148
150
153
143
209
154
211
179
175
244
167
171
162
171
207
209
166
159
172
219
212
157
171
170
212
231
183
173
217
164
183
171
195
159
169
173
197
202
183
191
165
182
174
206
191
164
173
246
174
184
168
202
181
176
190
211
211
194
189
147
209
224
178
166
217
176
210
168
225
142
171
160
197
219
176
177
225
205
145
163
170
198
173
176
186
170
215
177
185
185
206
172
168
183
176
222
177
155
167
141
175
197
183
180
205
209
167
177
216
208
163
180
146
192
214
160
184
162
199
174
211
165
183
183
178
212
212
171
185
206
213
199
180
188
171
153
179
174
178
180
219
201
157
172
164
204
164
176
171
195
163
193
174
169
168
149
162
163
207
175
179
173
246
207
196
160
172
211
188
158
157
146
193
166
159
164
173
163
156
161
155
160
159
151
166
155
165
154
168
232
174
160
169
161
203
216
162
159
219
236
167
152
192
154
165
188
164
157
201
164
166
162
167
164
195
157
190
196
176
221
182
163
201
212
176
179
206
229
162
208
156
247
165
160
137
210
163
191
201
202
162
155
205
166
170
166
213
208
217
160
215
193
190
183
209
162
226
174
167
196
207
164
165
198
210
233
174
163
248
221
