180
202
177
236
255
259
344
407
260
248
206
305
178
301
207
208
210
172
179
181
172
173
222
201
192
184
196
182
176
170
216
191
177
173
203
193
185
223
171
507
206
202
194
183
202
238
185
172
196
199
185
301
229
220
166
204
207
211
181
185
191
181
194
193
196
198
201
206
205
206
193
200
176
185
195
183
214
185
197
197
188
183
184
205
238
358
194
271
214
194
205
289
227
218
218
200
204
208
219
276
514
202
185
198
189
235
194
218
208
197
232
188
204
186
235
290
183
240
237
211
239
192
204
216
179
172
204
213
206
182
188
201
209
209
225
211
185
180
218
206
207
227
207
191
203
207
183
191
198
217
196
230
247
191
201
224
222
208
236
188
214
206
201
211
191
188
213
218
189
209
206
226
205
213
190
188
205
184
219
204
210
187
209
229
184
225
196
199
220
224
206
216
208
289
224
243
211
250
247
224
231
248
235
289
238
209
283
216
244
213
524
236
239
234
232
222
254
218
238
204
537
261
236
253
233
266
268
266
243
248
204
228
243
222
195
191
258
199
217
232
223
242
222
240
201
258
241
192
232
293
208
174
215
213
199
228
237
232
187
221
191
189
183
191
268
181
262
193
205
201
184
214
191
212
193
197
213
207
201
190
233
221
227
194
196
229
185
215
235
193
209
232
224
206
200
191
207
179
185
194
206
191
165
210
219
184
205
185
204
183
198
193
192
163
183
236
188
361
229
201
199
189
191
183
207
207
215
186
228
229
186
184
170
199
208
193
204
297
203
203
185
245
189
220
224
173
200
307
197
193
292
311
372
369
430
265
299
450
269
320
337
386
208
220
215
221
243
184
195
299
208
172
245
315
219
168
214
182
188
214
223
182
184
205
204
185
200
205
210
220
195
235
194
203
204
184
240
157
318
177
202
221
193
207
200
1027
196
209
180
203
205
184
241
318
212
205
227
203
203
214
218
203
229
197
191
185
194
240
179
211
183
268
264
184
196
186
199
201
280
257
206
193
217
238
246
252
214
187
210
317
251
277
331
267
234
189
256
313
225
204
230
461
194
207
223
197
198
222
183
185
218
184
195
193
200
203
200
227
348
427
336
330
260
278
283
213
230
345
228
205
197
197
197
200
248
311
179
191
220
203
265
198
191
208
194
201
208
240
181
208
209
212
193
232
184
228
196
197
226
195
274
192
171
186
166
290
207
206
144
201
177
193
200
146
150
236
169
193
178
162
194
202
205
249
196
197
185
168
184
164
180
240
232
187
181
165
141
286
165
232
154
198
159
190
203
171
224
151
186
182
167
218
173
198
164
193
187
170
196
152
165
179
195
193
193
163
152
214
166
191
153
159
187
161
159
186
209
189
172
169
187
168
209
200
193
160
174
179
179
191
178
169
167
166
187
166
183
167
160
193
174
193
192
176
153
164
186
161
172
254
189
166
200
166
207
158
210
182
197
182
141
159
210
191
155
148
220
155
176
173
187
190
158
172
158
188
174
193
198
197
163
155
199
177
149
195
177
191
176
199
187
146
177
174
185
189
190
2206
203
177
157
187
201
174
205
210
177
179
166
222
173
157
164
201
159
197
195
191
152
182
182
188
202
175
156
186
187
196
186
150
146
197
189
200
202
188
155
179
188
184
157
201
182
193
146
162
183
157
184
150
141
175
189
153
180
179
173
146
179
154
180
175
179
145
143
156
187
197
152
174
198
154
189
158
170
183
149
165
183
182
181
155
161
187
194
192
153
213
165
192
181
235
264
226
227
206
189
207
227
198
196
202
203
194
165
207
220
229
177
201
193
160
143
195
196
177
192
195
167
180
225
203
200
159
186
158
190
201
178
190
183
248
137
177
175
190
141
170
161
186
208
168
194
233
235
156
162
214
233
208
235
181
191
225
257
177
242
250
199
201
279
253
179
231
227
172
176
167
226
171
205
214
218
177
226
231
201
164
185
242
232
162
235
177
236
186
196
193
201
205
276
175
187
181
194
209
227
208
162
241
175
175
221
175
178
228
170
228
237
225
182
221
172
246
263
223
228
205
247
223
206
171
243
243
173
332
172
232
156
167
219
225
169
284
219
240
206
187
239
154
223
228
223
172
179
170
232
176
157
246
167
226
164
216
204
259
160
161
193
230
179
172
186
174
183
168
222
186
190
317
172
228
221
158
208
233
219
163
168
243
203
221
200
230
230
223
189
163
216
159
151
198
219
213
166
170
199
214
187
183
232
169
257
285
199
229
235
158
173
217
176
189
180
214
224
165
213
228
159
190
