243
285
210
220
245
228
218
260
302
242
246
215
193
189
205
258
222
201
243
200
207
257
230
230
213
277
208
233
237
190
200
262
241
254
267
248
192
246
210
242
201
210
214
179
187
274
201
208
200
231
206
203
188
254
232
213
206
231
197
197
255
196
234
188
230
246
201
190
197
232
221
189
213
230
226
227
276
220
238
273
207
194
246
252
205
234
202
200
217
232
227
248
218
203
203
205
198
202
352
201
245
234
212
223
275
205
196
212
268
295
213
262
340
252
302
215
272
215
196
205
205
216
246
214
206
303
216
243
343
263
314
295
295
233
278
323
407
275
339
299
364
240
284
230
208
289
215
286
263
192
213
240
211
235
238
222
209
216
297
274
351
218
213
231
236
246
249
238
202
285
238
211
211
224
217
234
286
229
234
206
225
227
224
228
214
229
225
264
267
221
213
229
270
223
235
243
203
227
229
256
232
234
218
227
277
229
230
230
207
216
209
221
232
248
254
218
203
218
224
210
200
225
226
216
219
229
257
230
202
228
222
232
224
230
214
226
204
279
224
238
229
194
250
218
230
204
214
199
209
187
206
196
208
206
186
197
197
191
206
224
196
192
190
189
209
230
223
208
194
214
200
226
198
225
205
199
226
200
198
198
187
236
196
219
185
210
194
188
207
283
208
205
205
229
293
184
210
303
234
305
213
214
220
215
267
202
213
193
211
302
307
234
380
196
224
214
210
210
207
250
206
241
276
234
238
222
202
194
198
223
206
287
208
226
203
214
215
209
207
222
212
201
201
205
208
210
197
224
198
210
188
196
213
189
207
242
186
213
191
237
196
203
199
203
216
205
199
193
206
175
197
234
202
197
203
203
197
209
185
202
208
192
206
183
191
185
208
190
211
198
182
198
211
192
215
299
290
220
193
193
195
254
221
239
236
237
250
267
235
227
162
307
233
268
199
292
180
195
241
190
219
508
182
208
255
175
170
222
198
179
171
188
184
191
364
191
199
271
256
218
278
186
196
245
194
198
265
192
222
264
275
204
236
205
188
178
218
189
250
207
225
191
223
215
205
198
195
196
183
199
224
199
204
199
187
212
190
228
182
188
181
198
194
202
176
212
188
192
210
205
228
222
200
175
223
196
192
194
245
222
183
322
203
232
216
199
190
187
172
196
227
190
191
178
220
219
215
178
187
216
193
194
239
205
243
191
274
187
221
199
173
224
185
192
202
169
202
183
192
163
191
204
220
218
188
210
169
192
184
184
190
228
202
197
181
182
204
188
191
205
357
209
247
185
199
191
238
163
227
188
189
184
170
189
216
197
219
151
180
186
222
183
167
194
177
184
194
250
187
183
241
187
231
243
260
210
183
297
180
273
229
341
232
179
177
185
176
196
197
186
189
178
175
190
186
174
233
176
173
222
218
212
257
162
192
184
244
167
193
170
247
225
175
186
168
190
194
199
171
226
172
197
198
238
225
180
227
199
166
174
228
221
230
174
192
182
186
268
198
248
168
209
180
171
164
258
156
183
207
203
181
232
206
201
172
184
258
211
176
172
206
207
197
199
175
219
162
168
176
236
220
353
181
291
205
175
178
215
185
215
205
174
187
162
1318
189
180
237
205
200
206
219
185
205
174
167
190
178
171
182
202
203
163
166
196
188
210
185
200
203
167
198
188
174
174
171
173
185
244
185
204
191
177
203
186
183
171
180
184
180
191
182
195
187
182
170
164
175
201
178
186
185
181
180
186
180
204
174
191
164
180
189
186
183
181
186
175
176
191
177
183
206
218
168
181
201
235
181
189
170
190
191
206
182
214
181
219
192
173
184
230
169
190
189
185
209
183
177
204
189
179
197
178
184
244
187
182
170
187
201
337
194
232
242
220
562
169
187
204
183
237
197
313
232
209
236
256
188
246
191
175
180
191
202
211
214
183
247
214
247
197
202
251
270
281
260
305
248
171
172
208
277
232
204
181
237
176
221
186
180
191
408
247
181
196
190
188
199
207
186
203
202
201
303
230
208
229
214
200
302
267
187
265
206
207
208
198
192
183
183
192
260
194
210
194
201
220
238
191
190
186
182
182
196
192
194
289
185
201
204
191
179
175
175
199
174
210
220
191
181
191
244
188
181
182
189
175
181
184
180
187
204
188
177
190
195
183
194
182
175
187
184
185
226
180
182
183
259
191
227
187
181
185
186
223
180
243
246
179
200
185
187
214
182
176
233
176
192
167
224
186
190
181
202
188
183
187
183
187
177
181
207
182
203
174
217
186
199
184
189
