204
231
167
185
170
186
187
192
171
192
177
149
124
203
131
195
143
198
222
136
204
134
134
213
136
217
136
141
202
137
139
208
128
143
201
146
235
203
137
134
200
133
211
225
134
136
143
142
147
193
132
134
149
137
127
161
135
298
180
131
216
177
131
189
140
126
140
133
131
185
141
201
131
172
140
183
149
181
186
128
140
183
125
185
143
144
184
126
211
142
140
187
204
141
169
138
137
173
139
201
126
146
180
129
185
195
131
178
179
127
191
201
150
180
133
114
164
209
150
200
142
210
244
202
133
185
150
208
128
129
127
243
154
232
222
194
127
126
197
133
127
124
171
156
128
130
133
141
190
129
194
132
146
204
143
134
169
133
130
184
190
188
133
129
127
195
225
133
155
181
135
206
203
149
139
145
128
166
188
134
183
127
127
179
131
192
182
126
136
135
119
138
190
189
127
132
188
144
133
130
193
143
143
140
186
175
140
144
172
174
117
177
199
138
144
195
128
131
146
187
175
129
117
129
131
190
144
183
183
145
191
130
135
137
129
136
129
127
129
187
127
130
124
145
193
127
143
140
133
137
183
126
134
165
123
168
137
131
137
157
146
195
127
130
127
182
201
130
138
140
139
142
181
155
138
144
136
140
213
180
195
139
154
198
151
155
149
146
221
210
137
141
153
138
189
200
147
139
147
209
151
131
144
138
191
198
143
140
150
153
124
159
134
143
139
134
133
139
163
153
211
148
151
150
242
145
201
155
147
144
138
139
211
133
135
153
139
210
143
203
148
147
142
154
164
192
139
144
123
138
156
150
150
156
200
144
131
206
141
141
150
142
227
139
150
136
138
141
152
162
185
213
137
256
145
212
215
216
152
280
216
221
194
136
140
137
149
183
208
212
172
179
137
215
201
152
148
141
145
187
159
188
147
140
139
149
152
194
149
141
135
146
142
134
143
140
143
145
138
135
180
138
140
193
139
137
161
134
141
208
154
142
144
131
152
144
159
199
158
135
202
149
141
138
150
137
206
152
223
141
201
189
204
156
139
137
137
182
201
265
150
204
145
214
140
130
142
190
139
165
141
157
153
219
205
145
134
185
203
146
204
136
134
143
144
203
137
143
153
147
135
192
138
143
192
140
150
155
179
196
157
216
134
149
208
208
146
131
134
133
155
190
132
209
157
141
140
122
134
182
130
132
134
137
126
209
142
207
136
143
199
135
132
208
130
143
132
207
136
181
132
214
146
149
147
190
203
183
143
137
208
154
221
144
143
174
131
139
130
131
141
173
174
149
201
158
162
140
126
199
127
133
181
137
205
143
129
136
138
133
185
138
130
211
310
196
142
154
190
195
140
203
206
188
140
136
209
199
144
200
215
215
205
139
146
207
206
216
132
144
203
125
133
217
134
132
131
137
136
138
207
192
150
208
128
152
211
133
155
192
135
215
145
149
146
169
156
154
128
208
196
137
204
191
137
202
143
204
206
133
135
188
207
198
143
126
128
138
131
197
121
205
145
126
133
151
157
142
116
139
200
147
139
150
165
136
199
139
234
186
203
159
139
190
160
177
162
263
212
149
227
182
260
265
163
213
146
191
169
215
162
156
209
216
146
188
130
139
195
209
132
191
131
136
211
218
209
128
186
189
148
181
135
186
126
205
139
139
132
142
140
146
171
132
134
140
144
143
147
185
183
136
138
176
134
144
146
145
133
170
188
125
142
194
146
181
132
171
208
170
123
130
149
187
145
123
185
133
140
194
141
144
132
133
132
132
157
134
129
175
130
130
141
194
125
127
141
165
124
138
130
135
145
124
182
138
134
129
142
137
185
142
127
174
149
155
147
136
138
126
129
142
180
129
131
137
174
209
194
135
145
152
138
143
187
133
202
139
127
126
182
126
133
140
136
181
147
181
177
128
138
178
141
163
196
139
133
132
146
184
194
182
124
188
134
133
185
148
146
179
181
123
131
193
182
137
151
127
134
127
152
140
195
130
136
189
138
181
145
177
185
190
130
171
126
130
133
131
131
186
132
131
176
131
185
141
150
127
155
124
138
122
141
134
127
141
142
130
194
173
183
149
127
184
124
191
134
175
124
142
183
139
135
142
140
143
133
127
142
124
125
146
178
143
142
180
138
191
178
170
159
157
195
149
156
163
146
152
215
171
197
143
145
171
157
150
198
210
135
148
146
135
206
127
207
149
138
211
162
216
193
208
154
147
198
138
136
142
211
164
334
147
213
185
222
309
152
206
139
213
217
166
145
208
150
210
172
154
206
140
