60
66
74
67
87
79
71
69
42
62
65
42
80
65
41
47
66
64
74
80
90
52
80
49
61
88
44
70
58
52
49
89
97
65
99
75
99
81
86
74
81
55
91
86
93
87
68
72
65
143
114
102
96
77
79
43
83
80
70
75
74
65
48
69
58
46
80
58
86
69
90
74
68
69
63
72
42
80
50
42
64
78
66
61
45
75
48
82
70
88
43
106
80
81
55
72
67
50
45
158
69
70
68
55
47
61
75
70
64
45
60
46
68
69
64
62
72
34
44
68
63
67
70
63
67
64
77
68
67
68
43
69
76
86
76
52
74
57
72
63
75
45
83
63
73
63
76
60
57
66
73
78
72
50
50
52
35
52
48
71
49
51
87
76
69
50
71
77
103
74
53
68
80
78
50
42
49
60
44
73
84
67
71
64
65
63
61
79
60
69
67
58
56
67
83
50
51
44
50
50
45
71
74
72
72
77
70
54
65
72
58
58
68
72
66
70
75
65
66
70
50
45
62
61
62
50
70
56
60
76
71
76
75
67
75
68
71
68
60
99
76
72
83
62
76
73
55
42
54
52
78
74
49
64
69
54
72
69
50
66
78
45
78
68
100
62
45
61
57
80
53
59
84
64
68
80
80
49
42
88
50
75
55
49
73
63
65
69
70
72
75
65
58
60
64
54
54
65
50
62
50
64
74
60
81
50
58
42
88
58
65
79
71
65
62
83
92
79
86
51
122
35
92
71
66
84
66
50
54
61
50
82
69
61
42
79
71
79
89
42
61
61
65
55
42
62
50
59
93
74
66
55
41
70
50
69
63
63
48
74
46
43
69
67
71
63
41
64
57
90
77
64
69
79
79
68
64
42
74
69
42
68
74
105
71
69
57
48
53
59
81
60
72
41
67
64
42
85
94
66
77
82
64
46
78
47
68
44
72
80
72
64
50
71
62
44
73
72
88
65
73
80
70
74
75
66
53
85
59
83
94
49
50
92
67
54
43
66
61
85
78
56
58
67
42
55
59
66
73
57
59
65
44
72
53
69
73
42
42
69
55
57
65
61
42
60
61
73
71
48
68
68
66
71
61
60
61
53
61
62
53
67
94
72
73
102
96
173
282
91
143
68
142
82
112
88
102
96
89
85
74
117
147
80
52
67
76
61
57
64
69
75
48
43
42
81
51
42
135
87
70
82
78
73
53
72
94
69
68
49
50
52
91
62
70
73
104
49
52
52
55
89
66
50
82
62
122
83
83
52
71
49
75
60
80
122
53
60
79
60
55
46
55
55
48
58
55
58
64
57
70
53
50
61
65
88
87
69
76
74
94
87
52
65
58
61
62
71
87
94
87
87
76
83
82
103
75
85
73
66
61
62
63
62
53
38
98
63
62
110
80
81
62
80
98
71
79
53
51
58
56
109
47
68
93
92
87
57
117
75
96
78
81
61
53
75
73
57
86
44
72
44
73
72
73
54
89
117
90
55
46
85
70
77
54
82
71
69
46
84
69
74
44
74
52
44
65
52
81
72
75
53
89
93
72
79
71
71
82
73
45
81
66
79
58
45
78
50
37
76
100
53
67
83
71
68
71
72
68
58
83
45
68
51
43
69
60
87
64
62
111
73
86
70
75
71
70
42
64
62
92
61
79
76
41
77
76
44
56
70
43
63
75
71
70
72
63
65
55
58
62
45
67
51
45
148
52
88
59
50
68
67
87
79
100
70
47
65
49
43
95
69
49
48
108
85
97
85
80
64
105
72
102
66
72
79
72
48
75
84
87
84
76
46
45
177
78
68
43
42
85
142
85
84
71
43
74
74
42
77
97
67
81
67
67
56
60
78
88
41
61
82
72
91
50
67
71
74
51
43
50
49
84
77
66
65
50
63
69
77
41
50
57
61
50
56
88
96
64
84
58
58
82
50
71
62
53
73
72
72
69
64
83
61
41
62
55
57
68
65
45
68
66
71
81
70
43
79
50
69
94
64
77
85
81
47
79
113
78
73
68
50
55
80
89
190
91
78
52
68
34
63
57
34
74
74
79
76
86
72
76
69
80
41
69
69
43
63
77
78
50
36
52
52
77
88
50
43
76
89
69
61
75
56
76
43
78
70
80
49
41
67
49
65
58
67
74
57
71
82
71
51
63
59
135
67
64
42
59
52
75
69
62
65
78
68
72
50
72
67
78
59
54
89
90
74
50
43
137
54
74
84
77
62
52
79
79
66
63
75
53
61
59
50
75
56
44
68
72
83
83
54
70
67
63
67
65
63
49
53
