183
147
184
190
188
117
187
183
196
181
139
188
193
126
129
137
181
195
188
112
184
132
179
178
182
129
141
131
171
131
109
180
128
182
169
131
146
117
135
177
188
137
115
191
130
175
182
814
134
121
139
180
185
194
173
140
168
122
258
218
134
204
175
135
179
212
134
148
183
176
188
132
181
122
176
137
178
122
136
134
183
185
124
131
124
126
150
166
184
132
199
182
186
180
130
127
159
190
188
185
177
112
129
198
207
189
129
135
196
175
179
170
128
199
132
188
180
125
123
183
206
127
186
179
191
125
178
189
132
197
148
198
124
120
129
200
196
198
139
147
174
173
183
137
124
187
111
180
182
132
129
204
201
169
130
139
170
113
186
110
181
125
128
166
182
226
148
140
122
175
194
112
183
197
186
175
187
208
226
189
218
221
252
173
161
218
137
183
183
138
184
189
182
202
136
178
115
136
180
178
137
131
127
178
195
175
135
132
180
192
195
180
180
126
196
152
199
136
185
122
165
128
182
182
208
177
144
142
210
195
203
190
137
153
198
139
169
221
130
122
207
178
202
139
177
137
178
134
147
117
128
190
132
179
128
134
189
195
181
187
132
135
144
191
192
191
116
184
129
196
203
121
152
188
123
181
129
191
133
855
189
126
172
134
182
169
199
155
142
138
123
203
194
152
183
204
142
147
201
189
152
201
191
199
193
144
183
150
145
203
188
180
221
167
131
182
141
193
158
141
132
143
193
205
182
131
144
181
142
166
175
127
141
170
201
184
192
133
135
216
204
128
133
160
174
117
197
141
154
125
129
193
172
132
116
141
202
160
178
180
185
175
127
144
153
130
142
175
203
177
144
195
121
180
144
181
128
202
143
139
130
187
181
196
141
159
286
145
181
150
144
134
141
188
218
146
123
117
145
204
182
138
256
183
127
177
179
138
133
154
193
189
184
175
131
182
174
200
137
129
200
209
140
138
134
215
240
184
244
339
369
399
348
270
326
324
310
224
262
252
204
189
298
159
197
183
147
178
141
196
228
336
200
168
192
224
197
116
116
192
176
155
153
131
182
177
199
140
118
140
2416
145
137
193
135
134
188
133
132
200
141
144
187
146
192
118
808
134
179
126
122
191
131
136
196
137
187
187
143
132
188
153
178
180
119
209
138
125
189
152
145
133
180
208
195
141
193
230
278
260
204
211
303
249
306
250
183
137
163
176
286
171
228
245
172
196
214
260
254
182
202
200
161
266
210
140
163
132
169
208
250
138
135
187
153
172
190
140
136
155
141
134
182
200
169
181
187
117
191
132
125
191
189
188
170
145
189
170
137
194
155
193
141
191
115
185
143
143
135
185
137
121
124
194
182
179
147
209
141
194
132
128
129
132
144
204
144
132
194
180
187
127
198
135
140
124
140
125
125
136
178
128
138
146
190
158
175
116
201
134
213
151
148
196
149
128
143
258
130
177
154
133
194
113
152
148
141
139
185
135
186
203
136
145
218
121
202
184
132
140
190
121
125
132
204
124
190
141
129
124
119
128
195
187
131
195
215
159
177
121
209
181
131
159
122
207
198
172
131
124
134
129
180
127
139
221
116
190
202
130
192
186
119
137
183
135
193
137
184
156
132
191
138
129
131
140
154
177
133
171
140
177
156
143
141
175
128
165
120
162
119
184
192
131
185
129
171
128
188
155
141
134
171
139
133
191
219
201
123
133
178
169
137
209
123
134
138
181
131
175
139
141
118
192
132
178
135
147
187
152
196
128
128
124
191
180
192
115
180
188
123
167
193
134
129
324
160
198
180
125
171
131
183
254
125
212
255
171
162
193
175
195
191
216
253
243
184
206
257
133
168
170
198
144
125
187
179
124
184
132
149
140
138
131
128
171
157
192
135
174
172
203
128
184
139
142
135
141
176
134
136
199
209
154
177
178
136
169
187
198
169
194
139
191
162
199
186
157
148
192
137
189
131
133
137
143
185
126
151
140
166
178
192
141
173
135
176
165
115
136
135
139
171
184
192
164
124
136
165
139
147
197
141
186
125
166
177
208
192
187
140
208
128
191
195
144
162
130
131
184
164
137
183
194
166
115
141
140
179
117
190
186
145
115
210
188
130
143
132
185
129
137
189
130
140
134
128
142
131
149
208
127
123
128
128
142
218
128
145
129
124
130
130
142
141
219
211
117
183
192
123
131
180
139
140
192
200
157
141
145
203
194
191
123
136
125
194
208
191
155
114
199
167
140
204
124
143
141
137
125
177
136
189
179
140
184
186
163
130
140
