192
220
184
194
184
237
182
183
167
182
183
225
189
176
204
228
178
203
180
203
162
185
186
243
175
236
349
320
217
243
213
212
234
215
215
242
195
201
209
235
208
186
281
247
222
192
190
215
186
188
224
186
231
181
220
174
170
205
201
202
184
211
216
169
183
190
207
218
168
166
235
198
177
179
178
170
206
196
173
203
198
161
174
231
252
174
267
175
190
184
181
226
179
180
215
185
182
180
185
178
261
214
177
440
195
183
198
213
194
193
191
388
206
178
181
424
196
201
214
338
188
193
185
196
204
365
212
189
210
195
210
192
194
232
223
186
206
199
174
187
174
192
183
185
188
184
186
178
184
175
181
210
166
185
186
241
179
173
226
271
173
205
243
204
297
228
218
219
247
233
294
195
232
379
292
219
217
184
254
209
205
204
210
214
203
209
220
227
195
198
227
225
218
204
233
212
207
198
209
258
214
195
209
198
204
225
200
189
191
205
224
214
194
206
214
246
220
195
205
271
181
206
198
200
210
197
210
263
213
202
247
206
192
229
205
210
208
201
188
187
194
201
198
213
227
190
178
194
190
221
233
208
205
241
206
217
184
203
169
203
203
200
234
199
199
210
179
191
202
220
229
195
180
196
204
205
213
204
192
217
193
216
201
206
192
226
201
190
217
244
212
190
183
189
209
268
199
198
223
189
200
195
196
293
206
202
194
200
223
191
188
192
193
203
195
213
226
176
200
222
209
257
190
184
269
210
187
255
202
199
224
193
203
192
171
193
183
239
235
181
187
202
219
198
188
194
182
204
173
191
247
195
176
194
222
192
207
249
186
210
198
190
179
205
193
204
240
242
227
247
191
184
207
191
180
186
201
235
181
198
208
222
196
272
178
186
222
207
239
195
305
215
208
191
178
191
184
183
185
170
206
182
228
194
252
181
189
193
185
247
196
183
262
187
196
239
183
201
174
189
215
175
165
234
175
170
175
206
181
174
166
204
177
179
174
170
203
175
187
181
176
229
180
168
186
172
179
186
179
173
180
227
188
184
231
202
217
244
185
166
177
178
194
175
178
190
191
181
204
211
181
189
185
187
186
189
218
175
212
186
244
197
331
175
281
188
184
171
212
170
195
189
190
205
186
189
184
172
209
171
181
201
182
180
203
183
173
185
172
171
179
266
178
178
202
182
183
193
183
176
195
190
223
185
185
175
205
172
177
169
219
185
219
202
203
195
178
185
184
194
191
184
187
184
205
180
205
177
338
172
165
214
209
203
164
216
199
200
178
157
192
192
169
166
155
172
158
179
173
150
158
239
176
216
161
164
180
162
256
161
159
180
228
161
229
194
223
202
156
155
223
234
161
203
168
302
164
183
160
201
229
160
159
151
217
162
162
162
225
200
158
163
160
222
160
166
234
185
180
226
186
176
185
157
205
211
161
161
191
157
211
259
160
212
163
240
162
163
158
171
222
196
233
156
228
193
159
212
206
186
185
160
264
210
186
159
156
158
229
169
149
239
230
173
161
193
161
226
161
156
212
187
183
184
191
212
207
215
236
186
226
211
214
190
195
210
184
241
185
216
191
197
186
200
184
189
175
201
240
254
192
205
190
212
190
190
201
195
229
208
190
188
195
198
195
186
185
184
246
186
185
185
186
199
224
202
191
192
193
203
239
188
186
204
250
251
188
219
195
260
249
199
192
187
190
187
185
188
174
204
274
192
188
192
225
192
187
195
192
181
191
158
230
307
204
184
262
209
198
197
190
181
192
220
233
228
204
195
191
186
218
425
205
198
193
188
220
192
213
239
232
197
386
183
195
190
191
230
192
189
230
186
178
209
210
183
222
210
678
177
191
186
183
180
202
178
198
226
238
206
187
184
193
200
186
185
195
207
234
179
262
204
181
214
184
187
218
182
193
190
175
229
224
182
178
192
210
208
208
206
193
180
216
169
181
180
187
183
797
172
195
198
192
226
182
201
201
288
211
211
199
204
219
205
190
190
236
205
184
217
289
218
186
201
270
201
208
195
195
274
330
219
209
223
182
210
192
206
185
188
187
192
197
206
227
198
193
205
195
291
278
222
250
275
209
307
213
202
240
207
207
239
196
206
227
239
303
218
212
197
245
220
211
260
219
247
290
285
237
239
228
247
230
230
290
222
213
216
213
220
211
286
268
209
233
228
271
231
231
233
198
218
222
275
222
224
236
240
237
272
213
223
226
211
204
215
266
230
251
235
218
207
208
210
226
220
278
215
218
231
212
259
216
209
253
263
209
215
217
228
