224
206
184
196
170
191
191
201
182
198
225
178
198
221
189
206
197
194
187
174
202
195
157
173
277
186
214
224
201
199
188
207
199
204
193
187
206
135
147
221
193
184
172
208
188
206
365
186
205
220
173
183
260
220
203
177
201
189
211
174
206
193
151
214
208
212
202
134
192
198
178
167
209
168
195
164
161
213
199
163
198
184
197
168
163
189
215
161
189
187
194
212
187
193
203
203
208
194
188
223
175
231
258
211
203
201
216
186
229
201
184
199
199
198
305
159
207
204
207
210
161
211
200
192
196
203
189
196
158
207
189
185
215
200
155
200
193
188
198
145
210
189
208
194
195
159
170
185
157
204
198
202
189
134
214
162
164
167
325
193
196
198
201
162
196
196
150
193
188
197
178
181
162
187
201
197
205
179
195
200
155
150
180
192
174
188
196
191
175
195
163
201
191
170
231
173
204
186
169
201
202
193
376
179
174
173
186
180
163
182
209
187
199
153
877
236
233
179
207
204
157
194
191
205
196
181
210
164
210
204
202
257
199
165
199
202
215
204
218
226
164
137
136
237
195
181
181
192
192
448
152
164
209
189
194
197
198
196
173
235
293
169
199
196
196
206
146
194
170
149
191
180
217
205
172
191
198
166
189
150
195
235
192
159
195
139
138
194
153
191
181
161
218
181
164
197
185
200
197
167
224
181
178
198
233
281
225
196
193
215
178
197
171
201
176
189
212
206
180
226
202
251
192
169
208
188
181
165
169
210
195
207
193
199
170
160
186
201
154
202
200
202
212
213
218
179
137
154
179
187
144
188
198
170
180
180
189
147
204
198
207
175
188
193
172
196
199
190
197
195
160
322
150
243
215
205
235
208
220
275
241
168
174
191
172
170
204
208
199
202
194
188
188
190
190
171
211
216
203
225
193
205
219
169
181
157
194
176
189
135
162
179
189
182
201
180
203
143
144
220
183
138
201
220
159
196
187
191
192
186
202
192
187
153
181
213
187
165
192
215
162
186
211
169
200
206
218
218
212
309
170
176
175
220
160
213
224
208
222
181
170
159
183
202
196
183
194
180
159
192
174
190
230
203
198
217
240
189
182
216
195
223
168
171
216
202
164
221
177
197
168
205
210
211
222
233
200
214
208
200
177
163
187
168
198
158
226
204
215
198
164
241
208
194
207
222
182
210
164
212
216
208
209
219
184
204
301
209
208
213
153
208
188
178
243
194
185
176
183
217
188
158
205
181
211
375
224
201
189
164
234
208
178
198
203
202
208
210
235
193
215
216
219
165
182
203
179
215
206
231
300
202
207
214
223
214
192
194
192
204
186
225
213
191
198
201
221
205
231
176
158
213
376
166
212
216
228
189
181
187
212
185
198
186
180
220
195
211
206
211
204
201
181
176
197
181
201
203
166
177
213
208
247
179
226
172
177
163
200
170
211
191
191
197
154
161
188
155
212
317
163
212
212
220
202
212
173
224
179
207
203
170
220
180
191
226
176
170
199
305
167
213
168
211
167
181
201
189
218
215
227
163
216
160
175
211
164
218
161
193
227
192
208
213
200
188
162
213
170
176
209
214
195
231
219
197
234
153
185
199
190
175
213
206
243
213
161
182
196
174
213
225
176
174
185
216
180
239
163
209
182
205
190
209
205
201
215
199
191
151
163
211
206
216
222
219
214
185
233
168
203
200
162
180
241
184
170
168
216
183
171
219
224
205
171
177
203
197
210
177
173
167
179
173
178
171
201
202
214
201
198
209
182
186
209
173
222
210
215
215
188
164
192
206
216
218
200
220
164
202
194
184
211
192
159
221
235
194
309
172
237
209
177
238
217
181
214
199
165
187
178
217
186
173
211
168
192
186
173
210
191
218
225
215
170
208
176
243
188
180
352
206
232
187
172
218
198
205
215
218
205
206
168
183
214
185
177
200
173
172
200
173
229
226
174
228
201
195
200
182
192
199
175
215
206
232
173
182
210
205
175
233
211
154
189
217
216
172
173
195
214
210
227
267
213
216
179
171
229
167
213
189
215
192
183
167
204
196
202
190
215
178
168
157
216
167
220
187
179
210
168
190
217
184
180
160
163
219
168
165
228
162
238
194
208
218
173
174
207
201
191
194
212
164
145
161
224
206
180
218
211
172
387
207
186
201
168
243
215
305
266
232
343
190
193
249
371
242
196
182
211
156
172
228
197
197
182
207
191
181
203
202
204
167
371
213
218
221
215
241
205
294
286
271
236
193
213
195
231
196
166
192
209
178
210
182
204
205
161
180
