47
63
64
41
64
68
66
73
97
57
57
85
49
60
82
67
80
103
69
41
39
39
46
79
55
37
82
42
42
41
78
56
42
48
40
93
73
47
43
76
81
72
46
40
79
47
42
48
42
47
40
48
40
40
39
53
40
57
55
77
43
48
38
47
39
47
81
43
70
43
38
42
43
74
44
55
42
85
47
45
39
42
40
46
42
39
44
79
41
50
42
42
45
56
41
45
56
46
77
39
82
46
49
49
43
45
40
92
42
78
43
40
44
49
43
42
43
46
50
43
49
78
41
84
44
41
42
43
53
54
45
61
66
107
51
57
104
44
52
50
52
43
52
58
74
49
83
52
52
49
52
48
49
56
58
44
49
50
45
42
47
51
43
77
48
82
53
45
52
49
49
43
52
57
62
48
53
49
45
55
45
59
43
48
81
51
45
48
79
76
48
43
59
45
50
42
48
87
42
76
49
54
53
102
44
44
87
49
52
42
47
50
50
42
48
68
58
54
49
94
69
47
44
86
46
78
55
90
52
52
44
64
42
87
51
59
58
71
44
46
68
44
56
46
52
46
53
45
54
93
60
65
59
76
115
99
84
43
79
44
42
85
44
61
49
85
44
51
44
36
45
76
46
47
61
57
55
87
61
47
43
44
44
55
81
44
43
54
91
44
77
91
101
51
44
66
71
45
88
44
51
58
45
44
52
88
51
87
77
50
86
75
68
43
52
65
81
50
63
43
43
43
46
60
77
44
56
62
61
67
47
53
66
92
47
45
46
76
83
92
82
50
53
52
58
71
56
85
43
41
52
50
64
73
73
49
80
55
94
52
65
56
81
49
43
55
44
42
56
69
52
66
50
40
49
43
56
45
60
42
48
41
83
53
72
50
84
75
49
49
42
80
47
64
52
82
43
76
48
80
41
41
73
42
68
42
55
42
76
54
79
56
77
79
75
89
48
63
45
59
77
40
101
70
89
47
42
53
75
44
78
79
51
54
41
64
62
42
39
50
41
42
48
73
56
73
40
84
54
39
47
73
40
74
45
50
90
44
46
46
73
83
47
53
56
82
46
58
39
57
73
58
65
44
42
54
46
52
40
84
41
85
46
73
40
81
81
48
40
40
77
46
57
45
69
49
57
42
76
78
46
89
40
49
64
52
40
41
90
49
40
40
77
39
46
50
84
53
53
43
81
47
76
40
41
82
47
77
61
59
59
89
57
80
59
88
41
52
41
76
49
42
50
46
76
51
84
46
70
47
44
83
47
71
63
60
39
49
71
40
51
39
82
45
47
56
41
65
48
42
41
48
45
38
48
43
53
41
77
45
75
44
44
39
44
77
53
47
77
47
44
46
54
84
43
45
46
50
46
39
54
41
69
52
44
49
42
76
48
80
47
48
44
41
47
42
45
54
48
53
40
41
85
38
41
75
41
44
41
44
73
41
39
57
49
45
40
51
72
59
45
77
39
48
43
44
46
77
76
40
49
47
56
54
54
47
48
56
49
52
42
53
52
40
54
49
60
83
55
90
41
47
86
75
68
49
76
52
87
50
56
88
61
77
54
68
76
42
42
85
41
77
61
80
47
67
41
76
47
49
42
42
40
73
41
45
62
46
42
40
48
50
43
66
82
54
57
66
58
40
45
40
40
45
39
58
67
88
82
45
47
41
93
39
68
42
89
45
39
40
62
40
59
42
50
45
38
49
54
75
72
48
69
55
79
55
50
39
77
65
42
47
48
83
47
39
52
62
42
79
44
44
40
40
41
45
42
48
43
47
39
76
45
83
79
42
49
40
76
41
75
77
76
45
42
43
47
75
48
39
48
49
55
54
79
43
41
42
41
59
56
50
39
54
44
46
62
72
33
90
58
49
46
47
41
84
49
48
60
55
76
49
57
61
49
77
78
49
48
58
50
50
41
42
41
42
44
49
47
50
44
47
79
44
84
41
76
49
49
46
74
59
41
43
40
53
53
54
47
40
46
42
41
49
47
48
52
48
50
48
68
41
46
57
52
42
42
49
48
33
47
43
41
42
89
43
40
43
52
48
62
72
42
45
49
42
95
51
49
53
101
77
54
76
42
42
40
44
46
43
48
54
42
51
50
78
43
52
59
68
62
49
43
41
41
41
58
53
50
44
41
43
55
42
80
78
52
58
44
73
62
49
41
40
56
46
77
49
40
54
42
54
40
53
45
77
49
42
49
64
43
42
48
40
41
47
83
40
50
44
48
75
44
85
50
76
49
41
50
41
48
49
68
56
57
45
77
54
48
47
