143
158
151
158
147
227
149
170
152
198
156
166
205
163
151
226
148
152
214
170
148
153
148
162
229
151
159
154
155
210
161
152
155
230
175
156
151
149
207
155
141
141
151
208
142
144
159
220
174
160
172
145
166
215
175
163
200
219
161
204
205
139
143
208
141
146
145
154
178
158
143
209
156
141
208
145
157
201
142
141
143
148
219
151
166
156
143
147
140
142
146
208
149
145
156
217
191
157
146
211
143
144
200
206
142
139
141
139
140
146
196
136
143
192
232
154
175
211
214
146
160
208
151
151
172
169
205
148
162
224
147
146
150
153
143
155
167
157
210
147
148
217
214
177
151
160
154
153
157
161
149
159
148
221
146
166
145
152
157
204
154
148
152
162
156
202
155
160
219
142
156
134
181
143
199
164
157
150
213
157
147
201
140
143
191
133
150
226
143
137
207
147
149
208
143
134
152
145
139
212
149
177
145
137
197
212
152
150
208
137
149
208
201
135
152
151
145
131
214
145
194
186
159
155
200
201
142
197
144
158
190
147
142
213
161
149
208
133
149
138
179
137
211
140
139
147
204
136
142
160
148
214
133
148
192
187
139
137
201
146
142
137
197
192
146
138
159
135
134
137
138
209
135
131
164
149
159
140
153
162
204
146
155
136
128
224
141
148
149
157
167
153
150
162
205
134
209
216
155
158
231
147
163
163
147
158
144
172
172
155
148
217
153
180
213
161
164
137
144
212
149
146
149
145
151
158
158
146
217
157
148
162
144
160
166
146
147
152
151
223
142
184
141
152
146
146
151
178
202
154
163
159
148
165
147
227
223
150
168
205
146
144
162
146
159
220
150
145
144
159
149
170
140
163
216
163
145
204
164
165
164
146
156
176
151
162
237
142
155
157
247
195
148
211
139
158
158
145
240
159
160
152
144
179
153
212
157
152
178
156
158
153
139
155
173
147
154
232
143
153
219
147
164
228
148
149
217
214
162
144
153
130
150
153
144
138
153
215
150
172
207
163
161
233
168
172
145
212
153
154
179
148
172
162
213
149
151
152
149
146
161
167
152
213
146
160
160
166
162
209
160
157
206
160
156
158
159
177
187
147
213
144
159
164
232
142
148
145
141
161
147
148
204
147
146
145
151
151
158
151
207
143
164
155
166
141
160
146
148
159
149
206
159
153
213
146
154
152
148
149
170
149
156
152
144
150
208
200
159
147
159
149
157
156
142
213
162
152
167
167
145
145
149
198
169
146
145
147
157
145
144
148
148
208
222
153
166
144
152
141
156
150
150
156
150
142
156
152
162
177
170
159
149
156
149
212
147
152
160
163
148
151
162
162
209
145
159
203
164
147
152
143
224
164
156
218
141
161
150
153
204
149
155
210
210
156
157
209
156
150
147
152
212
159
155
148
154
141
147
163
153
186
162
172
156
146
144
153
150
150
236
165
148
151
167
160
222
147
175
162
181
145
150
204
155
144
213
164
144
155
146
170
161
144
148
234
143
155
173
155
144
153
156
189
152
140
144
143
141
140
143
168
156
138
143
162
144
143
151
142
146
145
144
158
191
143
173
137
146
147
161
164
157
157
198
160
179
142
162
204
141
151
236
145
160
157
156
143
142
158
207
148
155
147
156
156
149
152
155
163
148
151
139
149
140
144
148
153
162
205
158
151
143
144
162
145
160
142
143
151
145
135
167
152
151
159
151
151
144
148
141
150
161
208
161
150
203
145
145
153
200
148
142
148
145
148
146
132
146
147
168
158
164
175
205
146
145
198
144
156
152
140
144
128
152
146
145
145
177
231
151
192
168
153
189
172
141
168
248
139
146
139
233
181
143
172
162
146
155
136
154
150
142
158
206
159
133
165
149
154
140
143
159
218
139
137
142
136
152
214
152
143
204
134
152
142
134
146
179
142
191
153
139
139
158
148
140
143
153
143
192
155
143
203
145
141
149
143
159
149
206
147
137
137
201
150
154
210
164
165
139
146
198
135
142
203
147
152
189
154
150
202
196
131
153
152
156
155
243
152
141
152
191
152
160
157
207
172
153
167
149
178
149
151
155
203
150
147
163
143
143
199
144
215
145
191
144
198
142
152
140
144
184
148
145
204
181
142
150
141
137
186
139
135
185
139
161
151
153
214
145
140
196
141
144
143
142
197
137
137
137
141
162
140
141
208
139
196
197
134
143
192
137
130
152
131
143
185
138
137
135
126
200
144
140
137
199
191
134
140
183
130
161
136
149
166
207
129
136
129
143
140
146
132
142
174
158
152
153
196
