62
49
44
73
49
42
74
76
76
52
40
43
40
92
58
49
41
65
58
41
55
44
50
41
44
40
55
61
48
70
49
59
74
47
54
50
53
41
90
47
42
43
60
42
43
50
78
52
49
75
41
101
47
77
47
61
77
51
42
49
50
67
47
42
41
85
41
49
76
64
40
82
47
87
39
49
41
50
48
80
76
50
48
40
48
53
40
49
41
47
78
62
41
73
48
51
52
62
70
66
50
55
46
60
73
61
56
49
50
74
41
70
51
55
48
90
59
42
42
42
72
42
80
58
42
59
41
40
62
45
86
41
46
42
44
43
45
46
44
49
121
50
50
45
43
50
45
52
71
64
53
43
55
80
51
46
58
56
79
47
46
49
56
84
53
52
41
54
85
42
43
47
44
89
43
41
48
44
35
44
75
52
46
62
46
78
45
53
43
48
96
41
44
43
49
46
100
64
61
55
42
49
45
44
52
53
45
90
51
44
45
74
52
44
54
45
44
47
75
56
45
54
45
46
89
58
46
45
45
46
56
46
56
45
55
60
50
54
47
105
53
53
52
49
82
47
37
44
46
55
45
47
91
81
47
104
55
54
47
45
44
52
46
49
80
46
101
38
46
47
40
48
46
47
59
86
59
48
91
71
71
46
46
56
93
46
47
45
54
46
47
59
59
67
77
56
47
44
53
44
69
56
45
80
52
52
46
47
55
46
46
47
46
67
70
54
46
46
51
96
45
49
37
50
68
42
61
43
65
45
44
54
45
44
52
44
44
58
60
43
162
72
59
52
42
57
79
51
45
51
49
72
75
51
50
56
60
47
51
44
35
55
43
54
49
39
61
43
46
45
41
48
70
42
40
42
42
74
48
42
43
83
76
51
48
56
77
42
48
97
53
41
49
42
43
43
43
60
48
47
43
52
50
52
69
40
43
47
42
68
41
42
45
54
41
52
62
41
42
42
44
72
41
59
48
50
41
52
39
41
43
67
60
49
50
41
40
42
44
55
46
41
40
58
42
45
53
41
54
49
51
48
44
51
50
45
43
83
43
52
58
51
48
60
60
52
60
51
47
81
55
43
79
86
61
74
40
53
83
41
43
40
67
49
46
61
40
46
64
48
47
61
45
61
61
52
54
67
46
48
58
40
79
51
50
54
72
48
41
77
44
79
53
83
49
50
77
83
75
88
86
55
47
76
40
47
44
51
65
41
89
86
67
49
47
40
57
82
47
59
79
40
73
44
58
82
56
71
51
53
60
52
74
48
54
49
47
84
49
67
39
74
42
41
41
43
51
42
74
49
46
47
47
79
50
47
42
63
71
44
47
58
79
89
51
38
39
39
47
63
48
81
40
78
76
62
48
41
55
74
54
51
44
45
42
57
80
47
41
44
55
42
62
72
42
42
48
49
43
42
76
43
50
55
60
39
68
52
55
49
78
78
49
73
48
50
40
49
60
42
42
49
75
81
81
48
42
40
50
47
42
42
45
42
50
73
52
91
56
41
39
50
56
78
48
40
53
77
49
46
50
42
41
47
52
57
41
51
49
48
53
88
47
44
41
54
67
41
47
46
52
62
47
45
89
44
43
39
39
78
49
41
51
55
56
48
42
42
42
51
55
51
43
43
53
53
49
50
41
44
52
48
43
72
44
50
41
42
42
43
65
41
41
51
44
70
79
58
40
48
49
48
41
42
60
44
76
41
44
39
84
42
49
75
40
42
54
49
41
74
43
80
40
45
84
61
77
40
41
77
40
79
48
49
48
77
44
66
78
63
49
50
44
40
40
73
49
48
40
51
78
55
39
41
46
66
42
46
51
77
75
53
54
60
47
81
43
51
50
57
42
40
39
57
41
52
95
67
46
40
80
90
59
43
41
54
72
51
67
47
51
40
42
82
81
76
49
40
47
78
48
49
67
40
45
45
62
75
40
71
68
77
48
46
41
47
76
41
47
46
55
74
60
58
41
41
60
50
41
38
60
46
81
43
41
48
52
53
77
81
52
58
72
72
42
50
45
59
71
47
41
40
70
42
40
48
93
41
53
70
49
45
47
87
50
43
42
41
65
42
41
40
45
74
84
47
51
41
46
89
48
39
43
53
41
72
59
42
41
41
49
49
41
44
51
51
49
48
40
50
77
51
63
49
47
49
47
71
39
47
41
40
52
40
32
49
77
45
62
40
47
68
63
77
47
52
40
47
41
60
41
44
48
48
58
76
57
45
54
41
47
53
42
47
48
80
42
60
78
60
53
44
42
54
75
46
38
54
53
59
