142
285
235
207
260
382
223
212
189
256
169
205
142
209
186
143
133
131
151
133
191
125
130
200
127
200
127
196
175
266
268
279
255
190
131
198
189
152
135
135
136
147
133
118
133
144
131
127
137
194
132
185
143
202
135
216
148
179
121
131
133
146
154
134
192
145
135
180
129
165
175
180
134
135
141
187
136
151
188
143
131
127
142
175
128
179
139
196
145
177
129
191
154
135
190
133
255
191
193
125
144
191
117
127
166
199
254
221
213
213
169
126
193
186
184
133
121
147
183
205
202
122
189
187
129
204
187
132
183
200
177
145
187
192
117
129
134
179
127
192
272
229
173
203
141
187
190
193
185
184
134
195
138
134
182
183
131
135
140
196
134
124
144
208
143
152
183
206
143
175
156
183
172
217
143
118
116
143
162
149
131
204
147
130
141
181
182
200
140
161
184
191
147
201
177
496
137
263
197
189
161
157
156
145
133
208
228
192
140
154
228
233
294
279
345
415
199
181
139
141
189
203
143
205
161
209
203
124
184
157
130
130
188
206
129
192
185
190
143
135
187
131
172
127
123
207
113
124
193
144
124
206
138
194
131
130
138
130
215
172
192
215
257
127
272
131
147
269
131
139
202
131
145
172
179
135
165
222
202
142
148
329
196
221
143
145
148
219
118
247
178
200
181
199
149
139
164
162
223
271
154
181
131
196
219
186
134
148
199
211
141
140
197
132
173
187
310
355
210
219
219
139
154
210
200
160
193
145
187
132
196
127
134
217
210
257
213
140
187
204
254
193
189
194
138
195
132
136
194
135
131
188
159
207
117
189
132
239
279
203
178
224
195
133
217
140
151
132
122
131
210
186
146
226
139
209
179
131
215
127
208
180
200
130
205
122
132
209
187
138
127
213
216
136
133
122
201
127
128
139
150
146
216
125
143
132
227
140
126
212
124
215
131
193
214
210
142
144
230
145
227
144
145
146
155
191
197
143
127
134
133
139
196
130
140
189
133
139
131
124
196
139
126
135
123
125
135
154
215
130
225
128
140
141
138
148
145
210
129
129
186
196
131
145
203
215
142
137
158
132
144
139
135
133
147
196
201
164
128
225
191
134
138
146
147
141
201
142
143
129
152
210
150
120
193
197
127
145
263
168
130
131
230
152
137
133
146
195
155
152
130
192
211
215
132
135
146
141
203
146
138
209
181
181
149
199
156
128
293
134
196
135
128
135
202
138
205
217
139
151
142
181
134
167
123
210
221
187
129
142
166
233
221
232
192
149
247
234
192
188
141
137
136
152
182
152
179
184
238
198
147
134
146
132
192
127
225
202
138
141
152
190
129
135
135
127
133
149
123
135
132
203
125
134
203
191
215
200
123
124
139
137
130
202
141
126
149
163
198
249
158
181
157
301
252
152
309
205
255
233
273
217
205
121
232
181
189
124
120
136
150
126
144
194
142
190
196
211
124
139
182
135
141
123
184
196
133
131
135
189
210
128
207
133
130
144
114
205
128
209
195
150
150
189
144
143
197
139
204
141
131
210
139
131
169
131
151
178
143
153
194
134
213
193
163
139
238
201
130
189
150
151
209
133
132
126
134
189
129
133
200
159
137
197
201
137
203
144
151
198
141
128
185
191
141
128
155
140
228
212
211
138
124
218
130
193
136
179
143
201
223
145
134
188
189
120
133
172
185
134
130
198
132
198
139
202
172
136
192
191
195
121
131
123
136
131
208
129
121
221
175
275
159
185
359
194
238
148
189
155
133
191
164
176
215
196
187
131
200
140
218
193
142
212
126
152
131
141
139
196
197
219
196
134
209
194
118
202
159
191
181
138
129
154
151
136
135
193
125
214
152
139
182
136
185
142
145
129
139
152
195
187
150
204
133
206
154
137
135
144
194
135
130
121
202
188
152
159
134
188
133
212
136
210
179
126
124
144
180
139
189
145
198
131
131
165
140
200
148
182
143
203
123
151
124
130
124
195
137
205
141
154
202
189
138
131
143
149
138
150
174
143
135
194
140
202
143
139
138
206
132
139
201
196
190
138
139
134
184
144
149
146
144
209
135
153
140
153
187
150
160
140
196
138
137
147
141
193
152
125
201
255
148
157
202
187
196
151
159
170
206
151
139
220
202
145
169
210
181
135
182
214
188
123
153
185
139
188
140
121
198
205
203
192
139
203
205
212
136
211
147
206
206
215
136
202
204
202
215
135
139
198
219
174
194
192
199
113
171
174
164
178
123
182
175
151
131
117
209
142
178
147
248
183
159
175
163
211
141
234
