169
237
117
190
128
144
142
189
193
188
127
129
191
123
178
193
126
209
183
118
131
220
133
135
133
133
175
143
175
139
193
132
183
131
162
136
180
136
199
128
177
129
132
135
206
205
133
136
220
146
201
124
130
232
200
192
143
194
136
125
167
198
151
202
200
228
159
206
145
157
205
198
162
139
211
211
196
144
141
206
184
219
141
202
205
153
155
135
230
218
218
140
314
226
148
224
141
220
203
155
211
152
142
142
175
162
147
138
213
196
136
156
135
139
214
226
149
291
206
215
138
207
164
138
167
221
206
142
220
138
220
134
236
202
137
217
137
208
156
223
213
123
137
203
214
140
202
146
140
142
206
137
199
187
203
140
135
139
155
154
147
204
239
144
127
208
166
143
198
133
135
213
150
226
202
133
140
164
213
204
157
140
162
145
213
142
140
154
231
150
229
223
142
233
137
201
166
171
233
142
568
140
139
339
147
207
142
227
152
136
127
141
148
151
260
218
140
152
136
121
266
208
130
215
153
142
147
226
214
140
220
136
143
222
151
214
135
160
194
142
141
149
150
147
136
215
140
136
135
145
230
146
186
138
202
131
197
176
161
203
138
139
137
134
204
208
202
146
147
207
141
200
149
174
153
218
149
150
190
137
188
139
141
135
144
197
140
199
130
130
148
146
141
209
177
168
206
136
137
142
136
132
148
130
150
134
141
144
425
148
197
141
211
148
213
144
138
187
137
136
191
132
133
142
166
137
200
154
199
152
136
133
147
200
167
146
196
148
137
173
190
151
136
143
132
138
132
141
130
147
185
138
156
140
140
141
146
146
141
131
165
131
146
205
146
137
135
191
150
149
193
148
201
147
134
130
152
148
146
151
129
130
159
133
151
145
183
155
193
146
172
143
280
163
144
219
144
146
165
127
191
132
132
125
132
191
131
133
140
214
188
150
264
137
209
218
147
151
152
152
150
217
149
150
231
139
138
133
143
197
141
144
138
192
209
129
125
143
135
195
139
144
139
206
137
131
139
151
134
163
209
214
142
135
145
143
149
197
187
126
129
118
184
192
197
212
127
127
131
145
187
145
131
126
129
159
133
147
144
145
121
200
128
144
134
136
132
130
144
133
143
196
161
185
183
128
162
155
205
132
192
146
194
127
130
142
213
141
136
189
136
183
123
187
131
205
125
148
192
127
147
132
133
184
141
132
142
145
194
127
138
129
148
144
145
144
201
152
203
134
133
137
139
194
134
190
137
143
135
137
143
134
202
161
135
117
129
145
181
140
136
140
189
143
211
135
200
195
161
192
158
203
137
123
126
160
130
133
193
183
183
175
134
139
137
134
199
152
196
124
155
130
135
132
184
166
145
192
127
135
189
176
132
147
158
132
132
148
190
144
186
147
193
127
194
134
216
121
142
156
132
132
118
151
189
143
127
121
141
160
145
156
131
119
137
139
178
131
137
131
145
187
128
198
117
125
132
153
124
127
188
132
145
165
156
138
133
142
154
131
129
131
194
146
141
129
187
134
139
136
206
141
140
136
197
184
131
183
132
129
130
138
159
129
128
130
147
145
142
184
117
200
137
194
131
201
139
192
131
199
135
147
133
134
157
186
132
137
211
146
188
136
137
186
192
131
140
129
136
134
212
158
145
135
131
132
133
200
132
127
130
192
144
135
181
196
129
199
161
204
192
136
192
134
209
149
136
131
190
194
133
125
205
192
132
138
131
145
131
185
147
196
179
147
141
136
217
118
138
127
186
144
136
147
196
178
133
148
182
179
137
132
183
137
133
139
141
146
131
201
152
145
244
172
176
202
131
191
131
140
142
139
189
128
140
139
185
203
121
137
187
128
166
142
198
176
132
143
185
131
122
134
192
145
174
139
177
141
203
183
178
129
131
191
137
144
154
153
135
190
164
137
207
192
142
133
216
128
151
183
180
162
129
203
150
138
145
199
138
172
221
150
134
159
148
204
143
198
140
143
132
134
191
219
188
139
153
147
164
199
143
210
135
151
182
138
149
130
201
140
151
123
152
209
156
198
137
147
213
192
142
139
200
198
143
136
150
136
145
209
143
196
135
155
153
140
210
146
189
140
203
158
144
194
136
196
170
125
209
147
194
136
172
212
140
132
218
198
136
137
185
136
193
150
144
208
148
147
199
218
187
149
138
147
191
152
206
136
133
146
188
138
137
137
210
214
142
129
158
138
131
149
204
139
136
146
158
134
147
170
186
190
147
131
148
138
145
189
135
214
135
230
132
141
203
222
192
207
148
141
