161
125
196
182
137
136
132
203
131
201
134
221
201
133
163
149
208
133
159
152
158
155
247
145
244
209
153
152
220
300
217
222
221
148
214
199
165
191
234
204
170
212
195
205
145
220
173
151
143
147
174
197
145
147
222
152
143
149
152
175
227
216
150
217
149
230
161
166
149
159
213
161
143
230
136
229
147
204
143
146
214
179
154
166
217
155
217
287
145
148
226
254
154
151
208
220
148
151
219
142
149
167
209
152
220
165
214
139
152
232
147
225
142
217
233
156
155
143
207
180
211
144
151
155
169
220
153
149
142
149
219
142
233
222
157
227
177
226
145
227
150
210
147
150
148
153
139
217
169
309
164
157
225
147
215
160
146
159
227
229
211
142
151
153
151
143
153
238
152
146
205
210
141
221
213
151
223
150
164
134
161
219
138
134
135
143
222
158
137
151
215
208
156
159
151
212
248
211
145
165
204
214
161
128
202
132
136
213
221
144
196
205
141
195
138
123
201
208
138
211
192
149
207
184
147
151
140
136
208
134
201
151
212
140
147
133
192
130
194
142
160
202
130
219
135
203
201
250
196
156
140
130
168
217
129
221
126
206
193
145
132
135
147
153
211
212
148
201
138
139
195
209
149
199
134
157
173
157
143
187
120
131
196
191
136
162
134
153
145
134
176
196
141
196
188
123
147
145
133
146
146
137
199
216
145
147
137
206
198
137
194
138
132
148
198
194
145
208
147
207
163
148
147
161
205
135
132
130
139
210
147
148
138
148
131
133
148
149
158
158
139
146
134
132
141
129
139
133
140
201
136
153
204
187
156
143
138
211
141
139
132
133
150
139
139
144
148
135
206
138
144
133
151
187
148
150
162
148
150
136
141
136
140
129
136
164
189
132
201
126
133
154
203
159
143
145
144
129
129
180
187
133
143
134
146
185
133
131
195
151
128
140
196
135
173
155
130
137
130
145
128
210
198
141
132
135
136
132
189
201
129
200
135
198
143
194
192
128
130
132
134
216
138
207
136
135
130
183
184
151
203
140
188
143
136
147
133
187
132
130
135
146
150
133
150
134
131
149
136
147
162
130
185
137
183
142
224
142
134
129
138
136
143
141
144
138
165
135
137
188
134
186
158
156
198
153
178
135
155
134
155
202
150
181
152
157
191
129
123
152
197
139
151
202
145
201
148
141
149
141
194
131
125
182
137
193
147
200
139
145
138
161
195
154
197
127
133
141
158
197
150
183
140
194
136
137
150
156
135
144
133
192
135
135
136
147
130
173
123
175
138
148
136
135
138
155
123
140
144
138
138
165
144
132
189
147
135
137
146
142
129
194
199
161
140
188
132
131
157
159
195
151
140
140
134
151
142
144
193
144
166
169
136
178
146
183
153
152
192
164
152
142
187
141
139
193
133
176
149
213
148
139
144
152
145
143
185
145
142
138
199
144
141
152
139
206
145
137
156
135
208
136
143
162
171
128
142
185
159
162
158
141
139
162
190
143
189
150
187
145
159
159
134
187
141
155
142
145
218
150
140
139
205
195
142
191
132
142
137
195
198
137
141
151
196
195
213
151
138
154
150
197
152
889
156
139
207
149
136
151
217
138
137
146
140
196
139
150
142
154
195
133
160
155
158
179
139
143
171
141
130
139
138
153
193
146
141
202
153
149
146
183
164
206
159
207
139
189
163
134
137
213
135
171
158
197
125
144
194
158
191
146
151
184
141
150
152
151
136
210
138
161
213
147
146
136
151
185
160
203
146
154
135
213
184
137
162
142
145
197
152
164
141
136
221
155
212
147
228
134
172
137
139
220
189
220
175
213
205
128
156
131
152
138
130
129
192
162
159
154
206
252
257
273
205
146
205
136
153
128
153
133
158
157
194
149
187
135
195
131
140
164
194
143
139
142
149
209
150
146
129
188
143
140
135
142
130
137
180
133
129
148
145
138
132
134
128
205
184
131
201
128
130
149
184
185
138
137
144
144
161
140
214
189
136
140
199
131
188
166
194
144
189
151
143
137
163
138
188
187
142
166
146
163
151
159
178
207
190
126
152
134
197
138
141
208
135
214
137
190
193
130
207
145
118
188
146
185
148
173
146
143
119
155
196
132
190
181
184
199
132
194
144
198
144
190
131
126
193
151
146
142
134
194
126
144
136
137
134
167
181
132
193
142
130
130
146
188
123
145
129
138
151
130
192
129
152
141
127
197
136
150
136
211
131
135
136
135
136
137
140
144
155
150
140
210
142
141
136
144
158
150
210
140
137
138
200
149
138
204
