194
151
180
176
198
217
203
182
194
203
139
147
169
227
269
224
247
197
183
152
182
179
156
166
196
177
174
150
183
180
177
162
176
176
195
198
190
182
116
178
186
182
188
206
156
175
158
195
174
198
205
197
187
169
199
155
193
178
176
201
166
176
179
225
194
139
204
146
198
162
169
170
206
163
202
187
179
157
204
159
173
191
180
213
214
249
251
230
186
192
174
230
170
194
181
188
192
180
200
202
177
190
190
283
192
211
175
190
202
207
203
163
192
171
204
284
193
187
195
184
180
203
214
177
175
194
201
166
172
194
186
208
187
224
163
192
197
185
184
178
185
203
181
185
188
202
210
193
173
165
180
182
192
193
230
193
222
171
217
212
198
201
210
241
253
239
219
210
249
234
321
192
177
203
179
167
173
169
166
159
191
228
184
190
172
164
190
244
229
255
241
220
257
263
232
236
254
248
183
214
240
306
275
252
246
259
236
219
180
174
151
157
178
186
212
201
172
194
185
148
179
149
191
165
167
211
241
182
208
199
202
193
184
192
197
162
183
230
177
203
178
204
200
180
195
277
178
204
187
163
176
199
177
205
193
191
286
199
185
210
155
183
194
184
186
204
186
188
150
159
163
160
179
184
168
180
203
172
184
175
192
173
178
187
182
192
159
201
162
208
176
175
147
196
209
183
200
199
185
201
184
209
189
195
228
188
285
287
209
180
202
193
164
198
180
184
177
222
193
166
237
163
198
160
181
177
183
193
207
199
171
179
183
145
188
210
213
202
200
177
148
145
174
608
191
172
195
144
182
163
165
180
163
201
163
209
170
225
184
146
166
212
149
175
186
182
154
194
207
180
226
163
148
194
201
179
181
187
149
232
168
181
205
186
195
191
233
184
199
150
198
180
189
254
177
178
151
201
177
177
169
170
190
167
200
202
177
174
198
221
158
182
172
201
230
189
170
208
185
186
183
191
186
163
161
165
198
170
167
177
153
171
206
177
168
187
202
216
193
224
174
215
198
171
187
204
172
173
228
161
155
180
175
177
194
171
197
234
186
183
204
156
148
182
176
198
207
166
219
203
161
178
177
176
175
192
876
166
203
190
154
173
196
158
189
226
187
212
215
146
193
240
209
200
190
194
203
174
324
176
163
208
234
157
171
210
199
193
208
163
187
212
180
190
187
170
170
227
184
178
147
173
186
174
230
193
187
186
200
231
185
199
156
161
206
178
193
397
464
216
204
209
208
161
188
156
168
177
149
181
187
170
199
151
179
178
198
187
206
195
173
196
166
181
204
209
175
192
205
187
195
182
156
184
183
529
184
195
215
199
215
156
182
149
205
198
193
181
210
205
167
161
170
183
191
222
211
180
192
157
157
149
174
224
159
206
193
162
214
165
177
177
168
208
193
172
176
208
165
185
165
185
162
222
210
169
200
196
155
216
183
203
158
182
154
177
223
179
209
161
149
182
189
166
175
211
164
200
183
165
931
199
194
173
203
192
206
203
163
163
201
155
178
202
182
199
190
158
163
199
167
179
206
155
200
171
174
164
203
163
153
187
149
205
199
168
163
155
212
167
208
187
198
202
173
197
203
166
173
199
187
182
229
160
194
194
165
210
207
183
171
149
186
201
169
199
184
190
192
173
204
181
214
158
170
186
185
156
165
209
177
201
176
147
192
226
331
168
201
174
144
179
214
193
213
167
195
186
183
157
180
213
194
200
227
164
212
146
184
193
191
139
174
153
133
185
184
161
139
187
148
150
195
155
157
196
172
155
209
198
151
197
174
149
194
203
153
194
160
172
157
135
190
196
210
130
205
199
180
198
161
168
180
139
149
201
190
167
201
129
146
204
166
157
197
140
202
223
191
165
167
167
133
203
208
173
157
183
190
163
173
150
152
190
164
163
148
131
162
181
164
156
194
179
192
157
232
150
170
167
191
140
187
175
130
159
161
226
166
200
200
218
219
170
201
193
195
171
240
159
217
174
203
159
199
192
163
195
143
195
182
159
182
140
214
161
187
158
197
212
150
151
150
213
139
144
153
201
204
190
182
191
204
183
196
168
154
195
197
200
149
182
172
209
178
160
187
205
216
146
167
162
162
147
164
159
224
196
160
178
161
202
209
246
198
150
143
164
182
186
143
200
174
161
171
142
145
172
162
202
193
190
159
200
148
153
180
164
212
179
183
158
167
173
211
201
153
135
188
139
143
148
147
178
233
202
182
236
200
161
170
299
371
160
191
188
175
161
175
220
215
187
186
271
165
165
201
211
178
194
