246
212
200
203
246
260
187
226
206
181
250
184
208
193
201
191
209
224
198
248
206
196
201
212
199
202
226
206
193
187
208
217
195
234
199
181
196
190
187
181
250
193
197
191
207
195
244
196
195
201
193
201
234
197
203
196
186
252
181
176
192
177
219
179
180
269
190
180
201
227
184
195
189
199
190
329
168
195
195
183
190
228
198
201
212
221
191
195
183
184
187
208
459
201
189
197
195
196
189
181
201
188
225
183
189
197
196
213
226
202
200
197
245
192
189
188
206
191
200
189
194
193
192
256
256
179
196
182
206
193
174
200
191
193
259
191
273
231
205
268
214
248
235
204
205
214
211
201
260
203
215
202
195
208
220
196
228
206
200
243
262
176
232
204
196
191
237
208
195
200
237
205
176
188
244
170
189
187
180
199
180
238
200
184
188
184
188
181
194
182
286
263
338
185
195
197
184
215
206
196
181
201
194
196
178
167
222
193
227
183
250
217
558
255
251
200
283
207
197
263
206
216
204
190
221
195
194
191
222
218
226
186
184
208
264
183
193
185
233
183
214
198
205
188
185
221
187
186
271
208
242
286
228
202
235
186
189
190
238
182
180
236
202
195
166
194
187
249
196
204
187
178
176
186
171
189
158
177
171
190
171
182
234
197
263
176
179
178
173
183
195
187
180
240
174
218
169
180
169
190
178
181
164
224
188
182
181
258
189
191
178
318
173
197
165
204
175
171
179
185
180
176
169
183
213
182
223
183
175
177
193
177
172
184
174
190
184
180
223
171
174
165
224
180
180
215
177
182
175
177
181
167
174
201
175
173
168
177
209
177
187
174
243
168
187
181
174
175
183
191
186
182
194
185
181
177
192
186
183
188
201
179
185
189
176
179
179
185
215
185
176
190
201
184
190
236
186
187
173
208
176
194
171
189
188
208
184
206
166
222
191
193
199
202
208
214
188
180
195
196
240
200
195
196
204
218
183
179
178
196
207
188
174
191
208
202
189
190
177
179
177
177
183
217
177
176
182
186
168
171
180
173
195
170
180
189
195
190
203
188
188
184
186
173
193
196
210
177
186
192
194
195
188
220
178
192
199
193
192
172
180
217
176
165
198
197
190
211
184
181
175
196
187
203
276
249
235
261
203
302
193
171
205
228
209
207
187
190
204
211
202
185
182
207
198
185
181
220
167
186
194
166
176
218
156
202
146
250
164
193
192
170
192
203
219
201
181
195
188
153
164
195
166
164
202
196
173
195
200
177
154
165
267
180
165
197
187
146
196
223
193
178
223
153
148
162
189
161
160
217
185
152
187
184
173
198
217
164
150
182
251
201
168
181
177
173
187
186
186
232
181
170
166
218
182
193
265
225
239
199
170
247
258
200
165
209
201
189
233
167
167
165
210
196
193
186
174
198
175
196
154
217
177
223
166
179
147
235
155
191
165
189
153
170
184
160
163
181
172
178
181
193
171
201
234
193
165
157
210
171
148
315
194
171
155
220
160
176
181
215
286
235
187
219
464
201
188
193
208
201
373
241
305
246
329
214
220
231
246
202
273
219
268
220
222
256
236
218
277
195
191
198
213
203
204
197
202
210
272
242
187
174
297
193
326
223
202
190
210
280
193
201
202
230
279
204
254
190
203
254
252
195
287
227
228
194
202
201
188
211
205
213
241
257
191
197
224
207
204
243
224
201
232
221
230
225
200
226
273
208
219
205
222
212
209
213
250
198
209
217
219
223
199
218
213
212
182
203
207
196
213
192
217
174
204
213
210
193
202
188
184
212
202
239
200
216
211
213
186
213
204
199
337
204
215
214
231
210
231
450
327
331
228
246
257
312
255
320
248
215
253
242
370
256
237
226
301
319
293
248
223
219
199
249
229
229
229
391
304
228
263
296
243
322
237
260
254
242
226
213
224
251
206
251
244
248
222
254
245
268
272
264
232
243
236
212
258
211
246
225
236
280
249
381
254
298
267
266
240
315
240
249
256
249
227
254
219
255
277
271
253
231
289
242
236
289
226
212
255
257
292
258
232
256
175
273
225
217
251
204
224
232
252
228
238
262
227
236
220
233
250
254
231
209
225
222
238
222
254
215
257
233
232
256
163
219
231
280
237
260
206
289
217
224
217
261
222
265
219
244
236
221
196
275
220
235
232
226
171
211
181
186
190
179
199
204
182
199
194
180
182
206
300
178
180
197
197
183
188
245
199
202
191
192
162
183
250
180
197
199
210
191
220
186
217
180
198
177
200
176
171
178
175
193
177
189
187
191
182
182
