53
42
41
60
66
79
67
41
42
85
40
48
44
78
49
40
42
46
41
51
81
41
41
57
73
58
49
51
78
53
50
42
79
44
66
43
50
56
72
48
46
49
39
57
51
48
41
40
81
52
41
60
55
59
83
45
40
71
78
44
78
41
41
88
48
59
76
93
41
41
57
41
48
42
65
41
51
52
92
49
42
91
39
60
46
77
49
39
78
61
52
49
46
40
46
40
40
41
75
59
86
45
50
78
79
41
60
42
41
67
42
42
46
51
88
46
52
55
61
87
62
52
43
70
58
44
45
99
69
44
52
95
44
55
59
43
89
80
52
87
44
46
46
53
51
54
43
52
52
44
76
70
43
56
81
51
43
44
44
44
44
48
62
42
50
56
55
85
41
49
88
81
59
50
67
46
59
81
47
53
49
60
43
85
86
42
94
44
43
40
46
43
71
42
43
41
48
44
45
41
42
187
44
42
99
46
44
41
44
44
45
56
44
46
45
42
60
53
48
49
49
47
45
52
63
56
52
43
45
55
45
52
49
54
55
46
46
59
60
54
45
54
37
52
64
58
76
53
45
45
44
70
75
45
54
46
87
97
45
46
94
97
47
58
44
64
44
64
54
78
130
47
54
98
45
44
81
72
46
93
61
67
53
51
52
52
47
53
51
57
47
53
53
54
44
44
57
51
78
45
53
45
52
82
60
46
44
43
52
45
86
52
59
55
80
65
44
43
42
44
46
51
44
52
44
50
70
51
41
43
50
53
55
41
52
75
40
51
60
53
58
60
70
61
53
74
64
47
41
44
82
42
48
107
48
42
41
39
47
45
42
46
50
42
48
43
46
48
52
48
54
76
46
44
48
50
59
54
48
58
40
43
54
42
57
43
51
72
52
41
53
63
54
51
44
79
53
49
58
51
47
54
49
74
48
49
95
40
40
52
40
65
49
71
42
42
48
49
96
58
40
46
77
92
51
54
67
48
48
50
74
51
43
79
54
41
48
72
43
44
68
68
46
49
42
47
42
59
43
33
46
51
48
76
54
48
59
60
61
66
46
42
50
51
62
65
70
41
49
74
39
49
73
83
78
41
41
40
59
41
62
41
45
81
49
40
63
82
50
53
80
76
41
49
45
52
70
52
53
46
48
44
42
47
50
62
74
43
52
50
81
57
40
42
48
44
39
48
44
47
76
39
49
46
48
71
63
39
55
81
41
43
60
50
46
40
48
60
72
47
46
42
49
55
46
78
51
43
78
41
59
75
42
47
66
39
48
46
48
41
43
53
81
49
42
73
50
53
40
43
35
42
45
69
57
50
49
79
50
43
41
50
49
42
42
47
46
67
43
45
79
81
41
40
43
61
48
53
50
78
43
60
40
61
54
77
56
61
49
71
41
56
72
49
51
87
46
39
50
66
70
79
57
43
40
40
40
39
43
40
52
50
58
75
75
39
39
49
80
41
41
44
49
50
40
47
44
77
58
49
75
54
50
48
76
49
61
85
54
47
69
58
47
46
46
60
40
77
39
41
70
41
41
42
40
39
79
51
70
48
48
53
47
63
73
100
38
40
69
77
52
74
50
46
45
47
53
42
50
51
56
78
42
47
75
40
51
83
54
41
45
42
43
65
79
53
47
73
42
47
78
51
48
51
47
43
75
40
56
73
39
51
76
53
44
82
46
42
78
70
45
58
53
52
52
40
51
43
79
47
54
66
48
41
68
75
41
41
45
80
39
45
41
41
57
51
38
80
48
58
74
79
40
79
76
45
49
44
43
41
43
42
39
40
49
63
42
51
53
48
48
82
87
51
40
47
42
80
46
53
43
53
44
47
83
49
59
49
55
53
73
47
41
73
45
44
40
49
50
51
52
53
77
49
54
48
52
40
71
40
54
42
61
49
43
43
50
42
48
46
48
43
42
45
40
63
71
62
41
43
48
60
77
41
42
71
42
43
84
84
51
60
70
49
43
65
43
39
49
60
50
59
41
42
76
40
49
45
41
52
70
49
51
77
39
45
43
85
38
42
85
52
60
39
46
47
55
64
49
71
55
42
39
49
52
60
61
59
41
52
68
48
38
70
42
57
93
46
47
83
48
50
39
39
41
42
42
49
50
63
41
44
77
55
42
46
46
60
43
56
72
81
59
45
54
78
50
41
45
63
66
47
51
56
47
39
70
53
48
49
47
42
39
84
85
40
50
47
73
46
40
55
47
54
55
78
39
46
40
49
54
81
81
49
76
51
41
76
48
41
88
40
47
39
46
52
49
46
89
87
