236
438
217
256
321
244
183
188
192
216
184
170
203
198
168
178
189
212
186
191
182
226
163
207
213
178
216
188
280
278
343
226
202
230
216
229
210
225
221
205
220
199
224
205
232
194
208
210
258
208
207
225
219
192
232
259
230
191
299
220
213
228
227
222
218
198
201
203
201
200
223
225
225
193
222
220
300
251
225
208
204
217
216
336
227
210
215
213
225
292
244
203
238
492
250
236
354
221
274
215
256
213
201
277
244
221
211
257
202
256
212
240
191
255
256
241
251
216
233
260
255
230
237
226
260
228
238
214
233
376
366
262
218
275
296
214
275
218
225
287
240
336
219
253
238
391
238
199
232
281
252
269
255
275
211
345
238
232
220
219
188
381
290
352
267
272
223
234
251
317
246
214
217
215
205
205
210
215
246
252
216
227
229
244
235
252
230
263
217
230
279
203
216
186
257
202
205
234
283
337
235
259
246
243
202
239
225
247
345
334
311
296
233
213
194
306
222
251
242
198
241
224
528
220
219
298
201
255
259
271
244
241
261
199
236
222
206
227
254
224
354
229
229
291
253
222
199
205
224
258
198
254
310
209
240
219
230
234
214
195
196
274
192
208
305
220
200
206
196
228
203
220
197
194
215
250
539
242
227
291
218
208
206
201
204
200
206
205
191
201
206
194
235
212
273
286
205
197
228
208
265
207
191
192
215
382
255
199
255
244
213
197
182
197
363
192
254
230
358
343
279
329
349
209
235
228
272
212
223
218
239
205
220
495
276
221
265
244
284
189
259
199
250
225
220
214
231
249
207
258
206
209
245
262
267
211
208
198
261
205
213
202
233
235
186
252
204
191
189
279
207
203
215
249
344
211
194
255
189
229
205
237
332
326
198
304
221
210
185
242
191
314
239
200
257
197
203
215
252
184
237
185
224
193
191
232
200
193
180
221
243
202
206
183
183
198
184
197
191
247
211
183
184
209
193
192
226
227
225
180
184
196
219
188
263
194
256
209
228
203
200
206
211
232
209
221
240
205
211
201
220
237
217
279
227
292
219
247
259
378
198
237
210
220
216
207
312
197
252
298
210
210
327
193
199
356
223
223
210
223
189
258
239
233
219
230
284
229
235
215
217
233
224
217
308
235
228
230
217
261
249
198
225
209
212
219
374
228
234
253
188
257
320
224
217
223
248
210
214
218
209
222
230
207
213
313
264
220
229
197
219
216
224
217
201
210
227
207
209
222
220
214
238
217
237
291
222
210
256
225
263
220
220
219
265
211
216
235
209
211
227
210
220
222
218
236
213
211
243
209
208
217
227
204
210
208
214
196
194
224
203
213
215
215
295
214
320
214
210
227
212
250
230
216
289
234
259
374
234
266
194
218
242
216
286
216
275
401
235
203
194
265
207
204
274
256
213
206
239
233
214
195
207
248
191
222
197
189
170
197
174
216
170
208
171
183
236
198
224
204
193
169
209
170
162
165
209
167
252
208
177
175
220
174
217
170
221
171
209
193
186
168
173
170
196
168
165
164
207
168
171
164
165
201
187
172
145
166
223
178
193
168
212
168
171
165
160
184
181
175
206
163
217
166
165
164
177
193
169
165
164
194
186
184
165
175
230
162
199
186
163
190
177
244
182
176
164
166
218
191
161
227
207
168
175
185
224
200
220
178
173
194
162
271
171
173
162
225
195
215
233
206
213
166
168
162
218
208
182
164
165
210
223
229
184
285
355
252
205
156
165
219
169
207
183
185
170
226
166
158
219
169
169
165
186
201
235
166
186
232
175
171
163
165
247
201
188
177
197
198
174
210
165
169
176
161
220
163
201
260
219
162
205
253
196
172
208
160
179
209
188
190
221
198
175
195
237
200
181
224
185
186
198
212
235
180
198
209
222
217
183
201
188
173
183
214
248
181
191
188
223
224
246
182
187
231
202
228
192
243
179
193
195
199
189
198
185
189
197
179
197
208
198
207
229
220
220
216
207
222
185
205
195
211
243
259
197
167
208
202
193
212
247
230
194
210
194
219
207
190
199
221
194
190
193
195
219
205
211
211
200
207
181
212
213
185
247
206
201
226
203
229
201
188
221
231
232
194
195
196
198
223
224
182
189
190
184
195
199
193
190
188
211
204
178
182
201
235
278
340
219
182
178
231
184
227
183
192
249
169
213
198
186
184
191
217
199
236
189
186
186
212
184
163
223
186
188
201
190
184
235
205
175
198
188
170
193
194
206
165
218
239
208
192
182
213
230
194
188
191
209
183
223
181
189
195
186
227
196
217
