176
110
92
105
98
61
72
73
90
97
34
75
80
79
51
76
67
76
65
45
38
39
40
89
77
78
39
80
86
39
43
84
31
73
39
65
77
41
80
67
39
39
63
39
39
72
78
81
40
86
41
31
65
71
76
32
71
67
46
84
81
40
40
39
35
38
77
73
72
40
42
39
39
81
63
88
76
38
51
40
71
39
63
64
53
63
72
39
75
81
63
83
73
40
43
39
66
84
42
39
43
42
32
70
39
90
39
83
98
42
38
40
42
67
34
93
41
43
78
42
87
39
80
40
75
41
79
39
86
95
69
38
41
78
41
79
45
72
42
41
42
93
42
39
77
73
39
37
101
71
66
100
72
40
39
39
84
74
40
93
41
40
76
77
79
32
76
89
76
75
73
81
40
38
39
70
86
85
86
66
45
70
73
76
37
92
42
38
41
65
85
76
84
79
39
41
60
32
83
39
70
39
42
81
40
73
68
85
40
40
86
40
64
39
95
40
38
76
38
40
57
81
39
38
77
40
42
65
83
40
42
83
39
39
39
79
39
61
39
39
91
76
74
84
43
46
73
88
79
71
39
81
40
39
45
43
91
32
84
76
44
75
40
59
45
70
85
43
40
40
78
71
42
66
38
39
90
59
44
40
72
70
78
82
79
40
46
64
52
44
65
83
43
44
69
76
48
42
75
66
87
42
35
86
42
72
89
41
74
42
41
42
81
42
74
41
39
40
40
50
81
32
66
41
38
63
39
40
38
70
64
41
74
43
39
39
77
63
40
70
37
76
40
40
77
39
75
41
64
38
39
71
44
38
42
76
69
35
40
42
43
77
44
77
70
83
71
39
98
40
87
86
85
58
67
75
45
41
74
39
71
38
83
83
37
75
39
78
74
48
81
46
41
81
78
98
39
93
39
32
38
80
76
41
75
40
39
39
86
86
40
67
40
38
41
80
74
39
77
42
38
43
39
41
73
40
40
41
39
61
32
70
81
39
39
40
90
41
67
39
42
79
67
84
83
69
39
40
41
39
74
65
73
41
42
69
41
102
42
42
44
69
75
44
35
79
64
78
46
43
65
42
66
84
77
42
33
83
73
74
34
79
39
42
74
75
41
39
41
40
42
39
76
38
68
79
80
39
39
320
39
95
40
85
39
31
40
39
40
39
74
68
38
39
68
66
43
77
39
42
40
39
72
40
69
53
41
39
40
76
43
73
39
65
38
39
86
39
55
93
84
44
44
80
75
78
43
154
44
43
46
81
99
73
78
80
71
41
63
40
50
39
69
39
73
42
87
33
74
75
39
71
39
74
37
79
69
79
90
61
83
42
83
53
64
71
86
150
44
532
35
87
59
60
78
106
42
52
80
44
45
46
63
55
52
83
67
45
83
88
46
45
75
45
73
81
45
96
68
44
89
52
94
82
54
43
70
74
76
56
44
51
74
34
88
75
88
65
76
47
40
40
85
85
75
53
52
43
51
43
37
72
41
76
73
42
49
40
43
42
78
43
41
85
65
28
57
63
80
42
95
50
50
45
89
67
46
90
77
44
41
41
54
47
42
77
85
72
43
43
91
93
43
42
72
43
82
82
45
49
76
78
64
76
87
64
42
314
83
77
98
56
41
63
75
42
44
80
106
86
62
64
101
98
49
42
90
40
84
74
78
41
50
48
31
64
59
43
86
89
43
40
85
86
74
74
80
59
82
80
85
86
71
58
85
42
76
38
79
39
77
94
79
52
32
75
44
162
64
60
81
79
73
40
40
46
214
79
53
44
72
45
70
79
61
71
73
58
39
75
43
44
54
63
54
231
148
83
110
113
150
72
71
82
91
53
42
42
81
48
80
47
88
42
40
86
32
94
64
73
90
183
128
49
43
42
58
42
41
42
42
43
97
36
42
42
35
42
74
42
42
41
93
72
70
74
57
42
45
84
42
59
39
75
32
42
46
70
46
71
48
39
79
43
68
87
83
81
40
65
43
80
77
85
34
41
83
43
75
41
70
95
47
85
41
34
47
71
78
48
85
68
78
46
53
78
42
50
74
47
38
79
39
84
43
82
44
86
73
41
39
43
77
86
1624
77
43
42
74
91
39
51
78
83
84
39
81
72
40
84
67
39
40
71
82
40
78
48
77
74
71
43
42
68
46
35
68
91
64
76
63
41
75
32
76
72
39
85
39
77
61
41
93
35
43
40
38
69
50
78
42
208
40
40
72
80
76
88
63
73
54
35
39
74
60
64
63
42
75
31
84
42
44
95
53
50
43
65
73
44
