199
223
157
223
212
289
134
156
145
215
206
201
210
139
141
168
203
153
217
123
141
141
209
201
202
206
218
147
146
141
203
209
150
136
206
178
198
149
205
150
125
199
215
151
134
142
207
216
142
217
204
143
153
207
133
141
194
232
219
139
199
140
138
209
216
138
140
147
136
140
135
190
160
145
211
140
134
162
204
171
194
196
208
158
182
332
290
239
219
207
230
294
209
195
143
210
140
220
140
206
134
160
208
150
150
175
165
201
195
126
140
195
213
136
203
134
142
148
208
146
215
193
222
300
150
135
146
217
203
213
212
140
145
145
208
158
158
245
157
154
239
189
500
147
208
209
243
143
149
197
150
166
158
149
145
161
214
142
155
144
224
137
173
150
157
154
210
296
224
167
158
233
174
157
206
218
154
168
160
150
171
170
145
345
222
177
168
159
177
209
172
208
162
162
162
175
194
174
209
216
268
148
187
402
282
205
223
231
192
209
213
234
205
290
252
221
279
184
214
133
207
246
198
167
336
143
218
131
260
165
184
200
256
176
219
190
140
193
198
133
211
182
200
303
197
130
186
191
138
135
145
190
191
203
126
133
217
188
129
187
207
145
135
124
152
221
205
125
196
127
196
170
148
186
208
310
209
219
265
167
190
153
266
201
146
140
194
121
144
192
174
119
226
169
188
225
213
155
136
192
123
136
202
187
147
125
199
135
195
198
201
136
220
134
112
231
137
130
127
185
136
203
111
134
217
123
143
217
138
201
144
132
128
211
133
125
154
179
117
145
168
214
184
205
122
141
156
189
191
133
124
141
150
142
314
135
238
344
232
454
336
510
277
190
165
258
182
149
242
227
223
161
154
227
168
206
236
156
143
217
227
163
223
133
152
144
206
149
156
216
200
162
148
149
164
149
216
159
144
135
201
162
148
219
150
138
149
214
165
215
158
146
284
158
148
216
226
160
298
156
137
209
153
168
211
147
151
149
168
189
150
155
232
160
200
210
224
239
151
162
161
154
151
138
233
168
181
145
170
268
414
158
149
165
198
241
230
147
161
223
224
235
173
222
229
162
231
292
155
207
153
209
149
150
199
153
150
151
223
226
156
142
152
155
193
146
201
214
169
303
233
188
193
171
221
203
164
168
157
150
225
155
150
213
171
150
291
156
305
214
207
165
204
211
148
222
169
217
157
218
197
147
152
205
158
174
179
198
186
216
228
145
199
399
169
150
150
141
265
170
148
161
178
228
142
171
151
197
179
155
157
181
172
166
300
230
225
170
203
389
759
1201
160
162
169
183
170
155
206
165
159
191
281
161
139
214
160
152
150
170
151
167
234
154
159
277
179
262
216
218
201
143
165
311
292
336
347
272
334
203
230
300
217
251
240
206
253
142
146
191
185
223
259
146
166
212
133
150
160
134
192
162
130
140
157
201
379
280
214
254
161
328
355
291
323
352
202
278
232
246
143
186
192
201
137
119
146
212
188
136
151
182
175
190
158
192
195
189
145
133
131
183
207
176
203
174
134
152
212
143
201
131
192
144
224
136
198
144
202
124
144
193
182
149
157
134
149
130
133
142
228
185
136
130
152
132
183
196
130
136
167
132
142
201
208
131
235
204
188
201
186
315
198
131
193
211
268
213
131
180
133
135
199
129
126
152
126
197
184
267
215
248
193
221
144
260
134
141
182
192
160
286
218
140
143
135
222
158
138
155
216
154
205
146
136
153
220
144
138
204
172
216
156
156
165
213
152
244
160
152
227
199
220
141
154
147
200
135
161
162
203
147
212
148
149
156
208
155
164
313
152
190
160
137
209
154
136
197
158
218
151
228
207
149
146
259
216
202
241
158
219
148
205
141
215
143
151
196
208
130
151
152
213
135
225
192
139
147
216
137
132
147
130
186
142
142
133
232
209
224
208
140
138
138
153
155
321
199
150
245
224
166
149
152
204
155
228
144
241
151
147
140
144
225
187
207
155
149
136
187
233
140
214
139
199
143
206
141
211
152
142
130
208
221
149
141
229
143
139
140
199
151
139
151
161
141
202
143
210
140
215
139
134
239
145
209
196
156
150
137
139
148
207
136
153
193
139
158
166
136
207
191
156
226
152
139
131
143
209
164
168
147
131
161
152
300
198
271
209
171
175
155
177
697
155
284
234
170
260
161
312
224
168
169
149
223
258
232
270
342
371
195
302
203
227
199
235
176
290
466
288
272
193
287
242
263
206
224
257
234
329
208
1096
303
335
320
433
252
224
327
252
247
233
278
287
214
212
294
205
224
