114
136
148
134
195
142
152
143
118
156
128
131
173
152
158
158
155
148
126
129
155
165
180
168
158
174
127
143
165
154
120
147
119
154
145
147
128
156
127
173
145
156
144
154
154
139
153
145
153
146
186
146
136
152
118
110
165
180
170
167
134
126
180
178
195
160
169
134
122
108
161
117
164
171
161
164
146
156
121
149
134
158
143
149
145
157
158
147
162
114
121
128
169
166
166
154
181
145
111
144
168
105
120
179
169
181
175
176
171
135
213
193
162
142
169
237
237
199
275
202
164
176
130
118
184
177
198
215
158
177
156
121
147
132
197
137
124
186
190
124
169
191
128
119
209
153
190
200
171
197
149
152
110
178
98
132
148
181
195
192
143
192
163
181
181
133
155
125
161
448
122
160
162
121
181
161
181
171
117
164
168
118
150
152
161
113
182
154
167
165
172
176
121
120
180
140
169
114
154
120
184
172
157
152
165
156
109
173
159
129
186
151
102
119
175
128
174
147
150
154
120
111
164
170
129
135
127
165
160
101
152
159
145
151
151
152
155
106
146
168
128
156
176
143
158
153
164
170
178
144
216
183
143
169
158
184
171
113
189
164
161
162
157
171
154
167
108
108
153
163
126
158
152
163
151
113
183
116
150
97
121
175
157
146
165
148
118
153
153
149
156
146
154
164
148
143
131
161
145
140
156
170
112
170
164
142
112
167
130
175
154
118
122
161
123
175
168
157
169
208
200
120
192
161
203
145
207
156
231
225
170
223
243
228
202
247
177
220
228
217
275
313
219
253
291
236
207
236
183
165
119
130
123
123
238
262
159
140
159
119
121
165
120
146
130
163
113
124
158
136
136
164
153
122
190
128
155
213
121
121
115
160
124
167
155
176
146
109
465
181
157
127
136
164
164
164
114
173
167
167
151
118
160
140
172
108
150
154
148
116
113
169
157
170
155
184
118
153
143
132
141
143
154
177
111
127
185
180
119
145
121
162
157
138
126
168
168
161
112
121
163
143
151
159
157
122
161
172
153
169
148
145
112
118
174
179
143
160
146
110
156
133
167
154
156
165
109
177
128
113
164
145
133
131
125
127
152
155
129
145
135
142
146
114
165
158
109
126
150
146
155
120
130
113
160
163
148
144
159
120
100
182
161
166
119
119
163
118
164
150
164
119
156
158
125
182
153
172
139
123
119
122
159
173
116
178
172
171
124
168
162
173
168
145
140
153
150
151
153
177
158
181
179
177
149
158
145
157
179
121
154
147
113
141
106
184
150
183
190
127
139
177
176
175
151
216
146
235
215
196
216
169
179
277
201
191
199
217
232
246
172
182
221
148
202
199
161
137
150
143
177
107
190
180
124
118
174
146
136
131
121
153
157
154
154
161
116
144
157
117
156
143
148
114
150
166
147
139
154
197
169
158
141
115
168
182
181
139
166
153
169
177
111
157
150
145
123
100
157
141
120
184
178
162
140
122
182
148
163
129
167
156
160
149
104
166
142
178
174
158
176
157
158
146
159
135
162
121
159
146
171
152
144
149
152
170
141
152
184
175
118
152
127
146
150
168
126
175
160
157
122
113
163
116
160
160
182
121
145
156
167
163
162
128
149
174
167
121
173
157
125
125
207
160
172
116
165
150
176
158
148
131
157
144
115
130
184
182
160
126
165
174
109
157
178
169
154
159
121
158
172
134
98
170
137
154
167
152
154
149
157
136
152
145
134
111
129
133
150
181
128
153
132
165
117
145
144
157
139
159
166
157
145
163
159
135
126
143
170
164
149
123
125
165
158
161
136
132
158
143
113
122
153
128
189
129
168
138
145
169
148
269
158
144
116
146
178
150
149
140
123
124
127
140
152
153
168
127
160
131
138
147
156
116
141
106
158
196
148
175
173
124
128
154
162
139
172
162
138
106
162
138
170
140
167
156
123
106
189
164
149
159
148
131
156
153
180
147
170
166
155
189
149
180
165
128
203
179
161
128
175
164
107
127
175
157
170
155
149
138
120
146
158
126
142
166
121
140
157
156
136
157
121
164
130
168
165
140
140
142
158
132
156
129
147
158
129
171
171
121
409
145
164
159
149
179
158
123
171
129
149
131
157
124
153
149
135
132
105
165
167
161
143
143
101
160
159
171
130
133
135
161
132
158
158
167
157
144
125
167
172
175
165
147
150
132
131
158
157
184
153
121
134
138
117
123
182
169
179
196
120
144
168
152
126
162
152
132
147
122
144
108
180
133
144
154
131
175
139
174
138
165
145
127
179
123
155
109
150
132
