166
232
192
156
160
116
155
178
183
154
136
153
183
225
172
121
122
122
158
191
177
136
180
106
128
480
129
122
166
106
129
120
154
107
169
162
125
125
146
168
130
163
139
121
126
131
150
130
143
107
101
130
183
151
160
170
162
128
137
154
165
130
170
111
115
105
165
107
132
119
105
113
126
160
154
161
127
107
122
163
171
107
166
157
224
200
203
208
199
223
275
185
173
163
188
191
177
193
179
233
193
250
228
261
203
185
1177
189
201
333
220
337
210
279
300
249
284
385
249
245
202
255
153
149
168
161
117
126
150
170
266
117
149
123
123
127
150
175
117
137
145
115
148
158
155
147
145
149
139
131
136
123
130
135
108
140
116
130
138
131
113
110
125
150
158
151
134
155
135
131
148
187
161
140
124
140
156
166
168
130
163
152
139
156
138
114
137
102
140
149
136
170
115
128
137
152
155
115
135
132
117
127
136
139
152
139
120
117
130
134
167
150
128
142
125
121
171
171
121
175
108
130
117
154
153
124
165
116
157
180
170
133
123
175
138
136
150
180
137
168
142
135
106
120
144
167
153
130
135
335
177
139
147
112
120
117
171
140
147
132
152
162
129
109
142
144
182
131
108
132
176
107
121
176
121
161
167
130
130
121
137
129
164
158
134
117
133
153
102
118
121
125
126
159
108
156
139
126
146
135
175
128
151
170
154
150
166
118
109
167
126
165
907
178
166
172
130
123
159
139
434
161
130
124
154
114
141
149
188
158
121
196
129
156
129
111
147
166
153
169
163
146
115
108
116
177
165
162
145
140
107
158
139
164
161
100
154
107
150
149
129
143
161
183
123
140
150
152
115
175
177
140
189
165
148
123
113
154
134
103
176
116
122
114
101
158
157
174
115
156
181
170
158
149
118
168
170
164
182
148
231
156
139
107
182
132
139
118
125
154
168
187
175
163
168
160
178
212
134
162
176
211
156
336
140
194
175
109
233
170
184
185
317
256
251
163
196
198
168
224
220
291
232
261
326
224
231
180
177
182
190
139
137
181
207
184
140
143
192
183
185
127
115
175
189
188
119
167
197
142
119
178
176
128
185
125
179
132
206
198
202
143
184
199
180
174
124
142
135
124
190
131
191
143
128
123
150
163
180
196
154
128
309
132
175
136
176
152
192
141
311
143
188
188
151
197
145
186
132
204
304
138
127
151
182
194
117
179
136
143
143
184
195
175
166
215
172
195
174
151
189
195
171
185
134
190
258
177
183
172
134
173
133
162
198
212
132
202
123
178
190
153
124
186
604
142
199
150
137
177
203
131
201
138
138
131
179
131
126
144
172
173
274
131
122
145
186
124
180
138
176
148
154
147
182
185
176
171
137
129
173
284
244
287
270
179
312
253
254
195
193
182
219
297
390
360
387
377
266
438
594
408
307
321
564
462
234
251
241
188
141
129
115
188
130
180
152
160
132
130
175
128
181
140
149
147
134
191
181
125
145
131
176
196
178
184
183
134
112
183
117
196
127
146
157
185
197
149
182
184
189
135
135
139
187
134
189
132
206
178
133
150
179
183
172
171
181
135
193
123
152
150
140
140
186
189
125
173
116
158
150
175
169
135
199
116
193
143
204
150
148
189
170
131
194
195
151
144
180
137
140
189
185
182
164
163
143
208
152
140
196
139
192
182
184
155
146
151
153
207
187
142
189
182
173
199
131
151
119
123
129
118
171
185
131
152
194
145
203
194
133
192
120
205
139
178
167
143
179
186
133
141
165
154
140
148
198
131
195
189
185
136
134
193
134
111
137
141
130
130
133
131
172
181
179
139
143
141
141
143
134
128
117
135
120
173
168
408
139
130
180
164
203
164
180
263
210
176
179
143
133
139
165
162
187
124
134
188
143
197
168
167
139
190
127
139
186
162
196
179
135
125
132
136
168
178
135
133
148
176
133
141
145
145
147
857
178
123
141
154
136
147
188
180
145
182
183
138
138
192
177
212
154
136
121
186
120
175
143
144
119
132
124
175
141
195
151
195
136
145
171
145
176
147
182
150
151
127
121
142
184
174
123
181
188
138
143
203
124
194
133
176
176
144
133
115
182
126
120
118
207
117
190
202
140
201
119
193
204
184
122
135
174
185
132
140
184
125
128
192
150
123
143
190
186
130
139
131
182
164
190
130
148
182
174
179
144
167
172
124
191
183
175
192
131
172
121
129
266
192
133
180
123
133
180
179
121
183
173
184
184
178
187
183
183
122
116
109
193
181
191
105
119
199
193
187
198
186
108
128
