48
90
53
45
50
40
41
48
42
50
43
49
53
60
65
41
54
59
56
52
41
50
62
48
45
53
51
70
63
64
50
65
41
45
45
50
55
82
44
54
101
49
43
76
40
49
55
52
42
44
43
70
44
76
40
50
44
73
46
56
72
48
56
41
41
49
60
74
89
74
70
49
51
43
39
41
48
42
117
54
43
33
42
44
43
43
53
42
72
44
35
44
42
45
46
86
43
44
70
103
43
54
45
48
42
55
71
59
59
42
73
62
43
66
43
64
78
58
43
43
42
43
47
49
44
42
48
55
43
53
76
58
53
42
74
43
42
44
48
43
46
43
60
47
76
80
53
49
43
47
53
134
53
68
47
60
46
43
54
63
70
59
53
55
47
45
58
47
43
46
46
68
45
46
45
46
44
93
51
45
52
45
67
93
59
64
93
44
47
45
90
92
75
90
46
55
73
48
48
44
51
45
55
49
52
53
54
49
57
44
48
46
35
45
53
44
50
78
87
47
56
45
76
44
51
54
83
45
46
95
44
62
49
78
71
74
50
43
81
52
89
52
43
52
72
81
52
47
42
51
53
42
43
54
101
72
50
39
74
72
42
46
73
49
42
49
76
46
43
54
80
42
41
42
49
84
80
41
61
53
71
48
47
81
46
60
50
66
40
42
87
79
58
40
76
54
42
84
49
42
42
50
40
50
49
42
50
49
76
46
44
50
52
41
46
45
49
47
48
82
41
50
53
48
41
95
98
41
50
40
91
56
58
83
45
47
39
41
50
41
51
64
46
81
39
46
63
64
40
63
58
47
47
40
52
60
43
41
51
47
50
81
86
240
41
43
74
49
83
44
47
59
81
71
61
54
78
84
39
101
83
62
54
80
41
51
47
81
79
40
46
41
40
40
40
43
41
40
43
61
75
72
53
46
50
46
72
81
44
42
41
56
54
48
50
48
40
40
41
57
41
39
50
48
70
40
59
51
90
77
40
56
52
50
51
46
54
41
80
51
83
42
42
49
57
92
39
46
51
53
40
60
53
46
41
42
77
63
87
40
41
52
49
73
51
45
40
45
47
41
50
90
47
47
47
60
44
90
47
40
79
95
49
46
51
45
40
46
42
50
87
64
57
49
66
47
80
86
43
43
81
49
52
81
49
41
39
78
40
52
75
41
40
58
71
49
47
44
80
50
56
83
86
38
50
42
49
39
86
71
47
43
43
82
42
40
38
44
47
47
90
41
39
41
47
41
46
50
35
50
39
49
89
49
65
52
49
50
49
67
54
51
72
59
40
56
41
47
43
45
50
49
45
57
52
51
41
41
65
78
40
60
48
46
48
46
41
42
51
46
48
54
46
49
49
59
70
40
54
86
79
40
40
47
77
41
40
47
40
46
64
41
39
73
79
44
48
40
47
45
39
59
49
87
79
41
48
46
70
72
40
38
59
50
54
41
90
40
74
86
48
41
49
47
52
48
73
48
42
38
40
51
44
79
41
43
47
47
52
40
49
42
75
41
43
42
44
49
47
40
42
47
42
52
53
59
49
39
41
43
44
42
51
55
41
44
40
73
46
40
70
43
53
77
50
40
49
51
48
44
54
53
44
44
63
55
81
41
42
50
48
44
72
39
41
68
43
47
55
78
51
51
40
49
44
43
39
47
74
41
40
69
51
42
43
78
45
41
40
60
47
46
77
41
44
41
51
42
41
52
44
49
38
41
41
69
79
45
41
41
82
48
41
44
75
43
41
61
43
56
40
49
66
47
54
42
44
40
52
83
41
49
71
57
48
67
53
40
43
54
76
66
39
69
40
47
43
41
43
48
49
47
41
43
49
50
41
42
49
63
46
40
40
58
58
52
47
59
41
63
50
40
69
49
47
40
88
51
41
79
46
49
87
99
42
51
48
40
40
48
51
42
45
44
41
53
50
77
54
72
41
59
50
137
40
50
79
51
40
41
43
49
61
46
41
40
49
62
54
51
42
41
86
40
41
70
41
46
44
41
42
44
56
47
46
66
76
47
43
49
42
53
58
47
59
54
54
39
39
48
79
62
42
58
43
48
41
57
49
39
49
48
69
59
42
69
41
48
53
58
47
58
72
43
50
56
40
61
57
84
49
61
57
83
40
40
71
46
42
74
39
45
40
48
51
67
41
40
49
41
44
51
49
40
68
63
42
41
52
51
52
44
48
46
84
55
44
43
58
62
41
49
61
48
42
45
51
41
42
41
51
71
43
42
43
42
60
52
50
47
48
47
54
64
48
42
51
51
49
77
