52
47
57
52
44
74
42
42
41
42
48
50
66
83
42
78
51
78
84
74
72
39
85
57
88
41
40
38
49
60
43
40
47
51
93
77
48
47
42
44
91
48
83
47
84
46
47
44
59
51
52
74
55
59
47
48
82
52
51
64
73
54
58
67
55
42
39
49
40
51
42
50
60
40
42
72
40
77
40
42
76
67
45
42
49
50
73
63
80
50
66
49
40
40
60
59
39
63
50
51
54
45
69
72
47
91
57
48
75
48
77
40
51
60
75
51
71
40
55
62
58
67
63
53
78
51
58
50
49
48
43
72
42
49
52
43
44
48
59
51
42
44
59
46
63
48
56
58
75
46
47
53
40
41
49
52
50
68
50
78
45
52
40
42
68
42
41
51
52
68
48
41
60
42
78
45
74
51
56
53
52
69
45
51
47
53
84
40
42
46
60
75
40
69
41
63
80
48
81
47
42
52
131
44
44
75
44
44
44
50
44
82
46
71
45
56
43
78
42
61
51
83
55
82
50
49
43
61
43
69
62
81
52
58
45
64
53
79
60
43
56
44
93
52
45
51
55
91
58
65
52
79
53
96
82
34
56
43
81
42
92
71
41
51
64
74
40
63
40
44
59
50
99
43
60
79
51
94
72
85
46
51
50
79
87
76
41
61
52
57
54
52
55
63
50
46
50
67
48
47
102
44
42
41
76
43
47
53
82
42
47
46
39
49
52
41
47
49
49
93
86
41
92
40
117
49
72
53
179
54
71
97
47
41
46
89
44
69
51
50
85
35
70
88
50
44
46
56
58
60
60
52
52
41
49
51
89
41
79
42
93
41
54
48
60
52
62
44
84
45
43
46
45
52
43
56
76
43
73
45
60
58
68
47
52
44
45
55
56
45
58
44
51
43
78
66
56
47
90
42
93
45
48
43
49
54
56
45
50
98
131
71
47
42
87
45
67
53
50
81
42
44
43
49
91
52
92
88
43
83
44
49
51
52
54
90
92
47
82
87
43
84
176
85
43
88
45
64
86
50
93
62
74
44
76
62
42
56
50
44
90
47
43
57
45
42
54
73
49
84
50
70
46
87
67
91
98
64
41
53
49
84
59
75
94
47
81
47
42
48
57
81
50
71
62
68
76
50
52
47
79
41
46
46
78
73
51
88
52
51
76
53
77
45
59
48
82
41
79
78
48
79
52
49
72
49
87
47
82
65
52
47
40
78
68
47
43
44
85
86
44
42
49
65
49
42
77
69
77
46
39
62
40
79
42
60
81
40
53
48
81
74
69
68
69
50
41
90
49
77
47
48
71
38
41
79
50
79
47
55
67
40
67
51
43
48
41
51
48
66
42
49
43
50
87
46
40
47
40
85
49
38
36
42
40
72
50
81
47
42
47
40
82
40
48
46
53
76
48
57
47
41
46
46
51
69
50
45
43
42
58
81
60
52
56
41
40
42
91
71
53
51
68
45
52
61
87
49
85
47
48
66
72
60
65
74
49
58
107
44
79
40
66
40
47
39
53
69
85
84
52
76
39
48
40
48
80
54
42
43
46
83
38
99
47
81
41
57
69
44
81
39
42
39
70
49
72
58
48
46
41
39
43
42
66
45
41
39
51
76
42
68
45
42
42
40
110
79
39
40
44
40
85
40
40
44
40
89
51
46
50
77
76
44
85
47
76
53
78
79
76
49
40
57
60
75
51
79
63
62
62
47
47
59
84
65
44
83
41
73
46
55
74
39
74
42
50
49
49
71
42
47
75
77
75
48
78
55
71
32
63
42
43
40
51
95
68
44
78
48
51
42
50
73
40
47
82
48
79
42
88
77
47
49
68
40
71
69
49
97
77
71
56
48
65
38
68
42
74
40
61
74
67
94
39
49
39
40
73
50
68
76
62
68
56
63
52
58
54
68
56
67
50
48
60
67
55
60
62
65
46
58
177
51
71
54
39
43
34
41
85
48
43
40
67
44
40
48
51
78
47
38
68
48
69
71
40
76
40
40
46
47
69
49
67
38
50
69
48
55
38
48
46
77
44
49
40
77
75
45
39
49
38
75
46
49
39
42
39
46
41
55
53
43
48
42
39
53
47
75
40
73
41
78
52
47
84
39
49
55
38
69
50
45
53
76
70
48
66
52
75
47
51
40
77
43
71
56
50
47
38
60
50
54
51
41
72
41
61
48
73
38
45
45
52
42
84
41
52
40
75
58
47
41
40
39
55
46
43
40
41
49
49
42
49
40
51
41
56
66
43
48
41
55
40
40
49
52
48
79
