74
61
48
82
42
45
53
43
108
56
108
60
62
63
61
74
62
85
48
74
82
42
44
42
66
119
42
99
68
86
105
42
44
57
71
57
39
69
74
39
39
71
49
43
45
74
61
49
47
76
63
48
43
46
47
49
48
84
63
88
75
66
50
92
66
56
42
77
98
87
77
85
106
83
59
60
41
48
49
81
82
65
46
39
81
84
52
53
82
68
44
63
63
73
40
41
89
45
50
49
47
113
40
80
47
40
42
73
39
43
48
45
65
68
42
39
74
75
72
84
69
69
51
40
46
82
48
64
72
48
41
72
74
77
46
38
48
75
57
41
69
79
39
39
76
68
45
44
85
66
46
42
67
39
51
40
46
92
51
78
38
80
47
46
82
46
43
44
51
39
44
39
94
71
40
48
52
81
52
38
34
81
48
58
116
78
58
46
43
76
74
43
42
74
48
69
47
78
48
79
39
61
51
43
53
80
50
45
46
186
60
45
45
68
52
39
47
69
68
41
39
46
77
43
43
74
41
45
47
82
78
94
38
71
73
45
48
73
78
42
39
61
65
48
48
73
80
41
48
71
63
46
41
42
50
45
53
96
87
160
79
62
261
127
78
42
39
39
90
54
91
64
65
48
78
60
53
50
61
57
48
76
48
81
86
54
56
61
59
37
61
72
85
51
42
43
47
61
66
83
64
65
76
43
42
71
100
41
45
67
69
87
85
71
40
40
88
127
40
43
90
62
39
48
40
52
46
48
76
55
79
41
39
41
76
41
43
42
41
87
43
40
68
68
40
47
72
69
41
62
39
67
47
48
79
50
49
52
67
67
47
78
92
76
48
54
48
50
41
74
47
48
40
42
55
44
48
77
53
46
49
92
69
85
55
47
65
48
61
41
42
39
42
73
50
42
46
58
41
47
61
80
43
42
49
87
49
42
60
55
47
81
73
46
50
88
45
47
51
79
40
40
40
69
81
50
42
65
70
67
39
51
41
76
47
42
78
41
42
32
43
54
48
75
78
76
90
73
52
82
107
92
66
64
63
54
110
75
45
50
41
45
67
155
73
91
64
40
46
52
71
97
75
72
93
54
67
57
39
49
50
93
59
83
52
41
58
56
81
51
69
72
35
39
41
58
58
47
41
75
49
43
42
73
65
79
81
48
42
51
68
48
54
43
58
74
47
43
69
43
65
42
51
42
53
41
42
44
42
43
43
44
80
35
45
42
87
42
50
42
74
47
49
46
42
42
46
74
66
42
64
86
50
44
45
77
45
62
92
75
35
45
80
80
51
42
43
44
43
74
43
42
44
66
60
43
44
60
50
77
77
44
45
44
46
54
55
46
55
94
95
46
35
44
82
44
60
79
50
85
64
74
52
49
44
78
54
44
95
69
47
93
48
46
62
52
91
53
50
73
46
53
45
45
61
43
78
50
47
84
62
46
47
54
85
73
47
46
46
29
47
50
47
45
48
103
93
36
46
44
47
56
45
52
52
44
73
49
52
82
46
46
48
90
56
45
48
55
48
48
90
90
47
45
56
69
47
53
57
45
52
66
78
52
86
43
83
44
166
45
51
59
57
44
45
45
45
80
73
46
50
67
74
44
90
44
50
75
83
43
52
51
43
44
83
52
86
53
55
43
52
60
93
50
51
44
46
67
46
46
86
82
46
56
82
52
44
52
51
60
43
44
84
69
43
60
79
62
53
51
81
44
43
44
71
43
72
50
44
50
48
45
45
44
45
69
47
65
49
51
42
72
48
60
59
93
52
50
75
82
59
80
49
44
41
62
41
36
90
80
35
73
68
77
44
91
2838
42
45
78
77
49
71
53
92
62
52
88
45
84
49
68
44
86
41
44
47
43
45
49
51
49
44
68
52
89
42
48
42
50
41
61
44
91
46
52
42
51
44
57
52
75
45
49
41
42
44
48
43
61
42
46
42
87
44
43
49
44
43
52
49
81
51
57
49
73
50
81
78
52
69
74
42
42
79
68
73
51
80
44
42
103
66
43
45
43
49
46
64
72
73
41
44
41
71
34
52
47
43
52
54
41
78
41
77
49
85
49
73
43
43
45
79
80
44
44
48
57
78
90
41
42
35
60
88
84
44
44
52
41
78
95
77
74
49
42
43
49
73
40
68
43
55
48
79
49
75
41
88
48
54
54
60
43
64
43
81
53
43
40
48
48
81
34
44
44
52
78
80
50
51
49
44
45
85
72
42
74
43
43
42
45
72
79
44
41
49
51
43
44
41
78
52
44
62
77
41
56
50
76
