61
89
65
73
78
70
74
74
78
75
54
48
41
39
90
64
89
62
53
61
90
47
86
44
39
54
87
49
60
55
88
62
47
57
92
51
44
77
54
64
78
59
49
80
70
40
56
62
59
81
85
66
60
40
39
93
78
41
48
39
73
89
59
45
68
60
87
41
43
38
67
70
75
74
50
78
59
51
54
56
67
59
54
38
78
47
63
42
83
66
50
52
76
67
39
73
43
45
42
48
40
48
43
43
72
41
55
43
47
41
40
69
67
40
84
55
72
51
42
51
72
45
48
47
74
42
67
56
73
40
60
50
71
60
41
46
68
89
53
33
46
40
74
45
60
39
40
52
41
74
44
43
83
54
50
69
50
68
56
41
67
60
49
79
73
47
58
42
40
79
44
56
40
42
42
63
50
46
78
44
81
80
43
52
70
72
65
39
58
53
55
98
42
53
59
294
83
44
47
80
46
42
34
44
80
43
60
49
73
69
44
66
58
58
51
94
52
62
68
45
64
56
53
67
54
41
53
50
43
73
50
67
41
44
46
42
83
69
79
67
72
86
44
70
50
54
71
79
42
54
41
55
73
70
73
49
44
56
51
82
46
43
44
72
70
41
54
41
84
49
75
45
49
80
41
67
48
42
48
42
35
84
43
41
50
49
51
42
43
41
96
50
85
78
73
46
42
50
42
49
74
46
85
41
55
52
51
42
58
56
73
77
46
61
47
42
50
60
99
44
45
56
46
74
72
81
76
54
46
52
68
42
42
44
48
71
74
43
44
52
51
43
44
68
46
43
56
75
44
83
46
53
80
55
45
45
84
49
63
44
51
50
44
48
83
53
58
43
67
43
45
47
45
88
44
59
60
62
44
46
46
46
52
45
52
51
81
49
56
56
44
42
80
45
75
43
53
53
101
47
47
79
48
52
82
48
45
43
90
44
78
46
44
74
49
51
47
44
44
84
84
44
45
43
46
48
45
48
60
48
46
120
47
55
52
41
46
56
46
46
59
57
111
71
74
52
82
81
46
55
54
79
44
48
52
44
52
56
82
46
75
48
45
45
79
70
47
56
46
77
101
44
80
45
63
49
53
57
58
49
92
49
52
51
57
47
73
43
76
52
47
78
57
62
85
59
67
81
50
50
45
44
51
70
54
47
45
81
77
62
51
42
43
56
44
43
43
78
53
74
54
46
87
45
86
75
49
53
44
56
84
61
72
42
67
52
58
44
77
45
44
43
45
50
71
48
42
41
42
50
69
43
85
49
92
43
42
40
41
62
49
73
44
87
59
42
83
41
81
77
48
91
44
49
53
72
81
45
68
73
68
42
55
71
77
47
50
50
48
42
43
43
43
60
118
62
73
35
51
70
72
83
47
105
65
84
77
50
76
48
44
69
81
79
76
51
72
66
41
95
66
47
75
39
58
55
48
66
43
93
83
79
50
68
77
69
50
52
81
68
38
42
85
49
67
67
44
43
40
40
48
39
45
48
57
62
77
50
83
54
70
64
66
60
61
75
47
89
102
42
39
42
82
61
45
88
41
40
39
72
50
49
49
80
68
47
74
50
48
45
63
65
87
41
70
61
60
40
84
43
39
46
39
38
68
50
50
46
68
71
69
40
73
51
49
69
66
41
66
41
48
45
80
76
74
39
38
49
77
53
51
81
40
40
42
41
41
70
39
43
41
39
70
56
60
44
59
62
83
41
46
66
41
44
76
42
54
90
40
53
70
40
45
68
40
46
72
39
42
79
39
39
39
41
68
53
45
74
39
59
56
48
39
85
56
63
47
51
77
41
41
69
39
38
86
41
41
57
48
40
83
38
45
53
41
38
91
44
38
53
38
40
74
41
40
59
42
49
71
41
42
49
48
38
78
46
69
45
45
75
51
63
61
77
49
39
59
84
52
77
76
42
48
40
84
44
48
41
43
90
85
72
44
42
52
70
44
46
65
45
55
58
57
56
83
39
43
45
48
41
66
47
86
54
54
49
63
41
75
75
51
43
42
69
75
60
71
40
74
58
77
41
41
46
79
42
151
50
40
42
91
46
39
50
49
41
45
53
75
43
48
73
44
47
78
48
89
55
55
41
87
38
42
40
50
75
62
68
74
52
70
59
69
61
56
39
43
50
42
49
74
65
54
52
51
39
77
72
76
81
54
85
59
74
59
39
46
39
40
68
41
40
39
67
41
57
71
40
40
80
39
78
40
40
67
67
55
41
67
41
49
52
47
50
69
41
51
70
49
49
51
41
57
76
40
43
69
40
41
75
