169
155
172
158
157
218
261
154
157
152
220
161
170
163
173
157
149
157
219
226
164
150
188
155
200
231
198
150
200
229
147
149
192
209
164
151
214
154
154
177
147
243
163
161
158
214
178
161
158
151
151
195
218
169
161
169
156
151
152
151
156
171
163
158
165
177
170
147
200
190
200
152
181
202
151
153
143
154
223
166
224
174
249
214
163
229
200
158
213
161
143
146
195
159
163
161
153
151
145
173
182
155
154
165
139
154
164
135
138
160
153
136
152
136
151
149
139
140
154
134
142
141
145
154
155
155
161
162
220
152
180
197
135
154
162
142
157
138
146
134
142
145
164
135
184
145
153
146
153
138
142
143
147
192
133
204
151
183
188
141
143
142
139
138
139
146
199
154
134
144
151
141
137
140
142
137
147
152
158
137
201
207
141
138
142
147
139
186
140
148
145
145
144
147
149
223
145
190
137
144
133
155
195
152
156
144
204
143
200
182
143
160
202
202
154
177
146
193
134
151
136
137
136
156
199
182
133
153
138
189
142
139
140
137
149
169
163
138
147
131
147
137
138
156
138
135
150
194
153
139
206
167
205
136
200
167
139
180
140
199
141
151
159
155
144
160
150
156
152
199
148
135
151
150
154
205
148
163
148
202
150
148
148
209
152
171
167
143
201
148
145
154
190
161
161
157
163
155
152
148
157
163
156
168
157
155
148
147
165
167
152
158
153
158
168
160
159
173
173
159
145
162
147
169
144
153
171
159
150
157
166
149
157
156
151
158
153
155
173
1409
146
170
156
150
168
204
156
178
151
167
197
152
157
165
148
153
153
151
152
172
153
148
153
154
149
173
169
168
147
190
153
168
154
150
164
165
165
154
158
155
168
148
161
151
155
147
164
156
155
155
151
158
147
168
325
149
152
169
171
153
206
268
172
201
226
177
175
161
210
252
155
147
169
214
164
220
169
162
181
193
202
155
161
155
216
153
167
170
202
174
156
160
211
154
147
147
152
165
155
172
147
213
239
173
163
234
155
164
164
195
151
203
145
146
160
203
147
206
165
142
157
142
156
201
208
162
213
150
156
148
208
161
192
141
149
144
213
147
212
142
151
149
198
142
230
141
162
160
152
149
156
156
154
144
194
157
140
169
201
154
142
162
156
143
211
169
139
160
192
148
202
159
158
197
203
148
183
213
144
181
147
197
237
157
210
144
211
151
190
151
143
147
198
235
211
239
139
198
150
199
153
210
152
209
157
204
148
212
149
155
144
204
143
207
141
195
135
222
153
150
162
199
153
206
157
136
139
151
155
147
140
143
151
143
151
146
138
138
153
157
148
117
120
116
122
134
116
117
117
116
119
117
110
117
116
137
114
128
132
155
130
124
120
127
130
116
122
132
117
126
126
119
133
134
135
120
157
126
119
121
132
130
119
129
129
123
141
118
128
130
117
123
135
136
157
123
149
163
155
123
159
120
154
120
125
131
139
117
131
119
130
130
128
119
138
131
130
119
119
125
131
122
122
126
152
132
132
130
160
117
131
120
148
132
136
137
157
123
162
134
170
139
134
133
130
123
121
133
121
139
122
134
124
125
134
121
133
132
121
150
129
136
122
125
130
121
156
156
120
158
135
113
129
155
151
139
131
123
135
116
136
128
120
129
169
129
167
115
131
136
150
125
168
119
184
123
128
157
134
122
165
133
223
227
616
150
144
142
189
141
163
137
137
154
139
149
138
133
142
146
137
154
225
133
155
138
142
162
140
144
160
156
138
166
166
144
164
142
140
152
154
141
141
177
144
158
158
142
138
151
144
141
148
166
146
172
146
144
213
143
200
149
138
138
203
144
191
149
151
149
156
152
157
204
153
149
151
144
192
212
147
150
141
216
157
146
205
145
148
154
194
158
145
157
178
280
170
211
153
149
142
171
149
140
145
142
142
146
143
143
145
145
161
175
146
150
149
142
147
147
146
152
170
149
147
149
148
168
147
144
164
146
156
146
170
148
158
146
147
160
150
148
142
146
149
149
148
148
153
162
162
151
149
148
152
159
163
158
151
149
154
156
157
151
151
140
163
153
156
156
143
162
148
145
168
168
147
145
146
150
157
158
154
159
148
146
151
224
157
205
145
141
149
201
232
149
155
145
209
228
155
143
152
151
151
217
163
205
161
216
200
158
144
144
144
207
139
148
145
162
155
143
150
149
159
144
139
140
152
150
148
157
146
146
146
143
148
150
153
148
151
149
159
154
155
147
153
144
145
169
164
143
143
169
155
158
148
146
152
164
