296
265
215
246
179
195
180
268
180
186
240
335
166
217
296
170
327
176
174
249
197
306
214
194
210
184
181
191
216
192
221
187
260
300
223
289
224
195
196
179
307
203
194
280
222
188
222
178
227
175
222
294
221
294
323
194
400
266
211
236
208
201
238
221
341
179
197
259
191
207
211
193
205
238
319
233
332
174
187
198
183
215
214
205
174
189
247
226
213
226
198
228
191
177
236
254
201
204
188
203
253
259
188
250
239
187
198
354
232
179
263
217
306
225
184
202
168
231
195
236
179
227
180
190
187
230
203
229
180
161
195
176
173
203
191
247
209
193
201
219
219
253
239
251
251
203
201
213
247
247
242
257
193
177
209
282
198
232
193
193
204
210
280
208
207
223
236
223
182
210
305
234
225
259
167
206
238
337
242
209
161
234
192
218
192
219
276
196
226
171
245
303
239
177
177
196
298
162
200
164
196
266
184
211
170
204
252
156
168
193
260
272
175
209
221
177
166
262
203
210
257
200
198
188
182
214
203
209
163
402
170
172
175
192
162
185
207
170
187
207
280
237
189
259
201
170
202
176
188
206
239
206
208
215
205
241
364
204
168
206
254
242
209
199
194
161
157
195
210
159
228
198
161
172
222
178
188
243
156
173
167
154
161
202
161
160
195
154
172
187
167
183
176
152
156
179
155
170
229
221
172
193
217
160
163
212
203
230
160
200
172
198
150
217
170
220
299
204
169
148
204
159
146
186
159
148
162
187
164
158
185
158
198
196
159
199
185
187
191
183
166
168
177
161
156
192
189
173
175
182
185
166
181
180
186
197
217
199
205
184
181
184
176
169
183
184
248
203
183
192
173
189
188
196
175
179
188
196
199
174
214
188
198
183
188
182
174
183
181
192
189
181
235
178
165
178
191
182
179
182
179
182
161
224
176
215
197
200
175
217
205
202
176
359
176
175
178
207
182
241
195
220
167
198
165
204
179
172
178
176
191
177
176
171
231
360
214
165
205
179
237
199
190
177
176
195
179
183
164
160
162
202
223
207
173
176
170
174
165
178
200
178
170
178
184
178
169
459
175
188
173
161
160
203
256
206
171
182
264
223
178
182
190
176
179
181
256
176
185
239
200
307
248
249
599
189
193
187
181
280
219
188
183
179
289
173
236
224
204
277
268
201
248
204
223
260
211
213
207
236
195
260
351
225
243
209
219
200
564
199
198
237
188
228
201
230
202
250
218
267
323
201
199
190
202
280
199
213
286
239
251
201
214
248
241
320
1191
205
302
210
235
216
242
348
197
210
199
211
217
256
220
190
195
230
235
248
202
247
235
191
199
300
219
338
197
240
200
208
386
179
248
198
197
205
200
238
266
227
332
199
321
271
315
198
211
355
209
235
201
213
286
203
254
267
211
327
188
252
328
194
200
201
221
220
198
208
256
212
225
255
204
171
232
214
223
204
215
201
211
201
251
218
220
270
211
237
217
204
251
202
202
203
262
246
202
217
202
252
311
253
210
268
317
344
239
213
224
243
490
277
204
224
245
430
229
249
225
261
256
217
244
197
310
223
238
240
335
248
249
234
209
281
233
504
232
291
217
303
293
266
279
241
196
235
271
262
219
254
307
230
305
215
212
264
281
353
227
196
220
238
203
220
222
223
217
261
206
186
241
223
239
220
240
222
216
280
248
392
289
236
298
231
297
262
266
229
217
257
221
204
278
248
203
234
311
210
224
217
204
220
232
196
271
203
236
296
221
209
224
236
228
220
246
209
225
212
201
202
219
206
233
246
215
237
242
239
204
210
232
238
222
189
230
250
229
227
214
216
205
221
223
334
247
274
270
323
227
258
210
190
217
201
215
195
183
185
211
198
221
304
211
191
213
291
288
419
223
276
175
201
205
234
256
196
202
202
221
264
205
191
230
208
219
200
298
213
305
209
212
260
198
208
256
199
194
203
216
248
212
230
190
196
221
225
198
187
220
202
198
184
220
206
197
216
223
193
208
188
240
226
211
224
187
210
206
205
218
218
243
264
264
333
256
206
208
198
241
296
212
247
223
210
194
200
265
204
624
212
300
216
208
213
179
223
298
218
217
194
224
312
203
196
200
204
203
221
208
180
201
218
201
225
191
198
204
223
200
199
203
215
202
203
205
205
205
198
202
215
215
201
191
202
199
207
199
183
208
192
190
226
200
205
245
189
184
219
216
213
241
199
209
192
196
194
184
186
203
260
163
212
185
213
212
214
203
216
235
219
213
175
229
178
204
196
174
229
313
178
209
208
