50
82
82
53
44
58
41
80
48
78
63
40
39
70
82
69
57
99
84
40
39
76
41
50
57
71
76
67
59
45
55
64
43
91
45
38
40
91
39
39
39
83
45
76
41
65
60
56
41
88
43
62
62
56
149
75
105
46
55
78
76
52
39
88
51
48
78
48
55
77
81
94
87
98
135
121
63
74
116
89
106
85
73
78
81
49
65
51
41
60
66
72
77
63
77
44
53
65
65
46
101
63
65
63
62
43
43
66
82
45
85
40
82
48
80
56
85
41
78
56
72
48
109
61
44
62
125
39
45
92
46
44
73
80
40
52
72
82
41
50
82
53
78
40
82
81
47
38
77
57
103
88
42
47
38
72
71
42
41
90
44
46
65
73
44
45
52
74
51
46
72
75
41
46
66
75
57
39
80
85
52
38
85
92
40
39
46
39
79
42
50
73
73
47
42
42
44
42
81
84
76
46
40
60
55
45
71
63
73
40
40
88
40
39
49
50
71
40
54
73
46
75
46
41
60
48
50
40
42
42
46
39
40
41
71
40
39
48
89
39
38
55
55
39
43
42
76
48
42
43
63
73
40
41
83
40
49
86
78
43
48
47
76
43
46
47
49
78
63
78
54
50
71
52
48
49
76
45
46
54
80
67
45
58
49
62
82
41
41
79
79
39
78
73
71
53
58
58
79
90
50
80
92
47
75
65
61
68
87
82
49
67
71
51
44
99
163
69
42
74
37
88
41
66
85
82
77
42
74
46
82
41
79
41
73
73
64
40
54
50
63
41
47
46
75
62
38
40
47
77
39
71
46
95
49
61
83
45
45
83
70
61
47
42
39
39
78
50
79
96
82
45
70
59
68
40
39
56
59
42
89
59
81
39
46
48
67
65
64
45
73
39
40
54
67
57
71
52
71
73
79
57
95
52
38
76
74
39
40
68
73
40
50
40
44
48
70
68
41
49
78
73
39
42
84
51
46
39
66
70
38
42
52
41
40
76
39
69
48
74
42
40
38
72
41
48
38
78
40
42
41
67
39
38
69
70
39
40
74
80
46
42
62
38
43
39
42
53
61
46
84
45
39
45
68
40
40
40
61
39
56
85
39
39
86
42
61
38
40
39
75
76
39
46
53
66
45
82
43
71
46
43
77
39
61
73
76
55
53
49
41
94
46
67
51
68
51
39
49
52
73
41
77
76
46
42
40
62
49
59
39
85
53
50
48
61
43
40
72
74
58
42
74
45
39
51
62
41
40
42
44
50
75
43
54
74
96
73
91
91
62
72
72
52
67
90
85
83
50
46
39
63
51
59
124
86
42
88
61
73
41
42
40
44
42
48
59
60
41
52
71
42
49
52
74
72
47
50
49
61
66
87
57
42
66
66
40
40
79
77
57
74
77
56
43
82
42
45
60
108
74
75
80
72
73
71
90
66
45
42
66
42
49
43
49
56
57
58
65
40
45
61
89
74
60
87
63
79
99
40
42
79
60
44
74
68
51
68
76
66
53
62
96
49
52
48
69
101
46
56
63
52
50
43
44
45
49
53
44
44
77
53
75
66
56
42
60
80
53
94
45
65
70
44
48
51
46
59
44
44
48
43
73
55
43
51
50
63
70
50
42
43
97
44
78
62
43
88
43
44
105
44
52
73
53
44
45
56
43
84
44
44
46
82
83
47
44
79
43
45
62
51
44
52
66
52
52
44
45
43
80
72
70
93
75
62
50
45
89
87
64
49
76
43
50
88
79
68
50
51
44
46
53
46
48
53
84
76
54
53
61
74
52
47
56
53
52
50
74
66
53
69
55
79
42
91
93
42
52
52
76
71
53
54
93
44
52
44
60
66
42
56
53
41
49
70
43
44
41
51
53
90
42
72
42
43
49
70
41
78
44
81
50
80
43
49
42
43
42
79
79
67
54
48
43
48
42
58
66
44
41
71
81
52
81
43
45
78
52
60
43
52
59
60
62
73
49
93
41
52
55
85
44
74
50
52
76
47
50
52
86
68
42
45
70
43
50
84
68
41
40
46
75
42
42
58
86
50
41
42
50
46
91
34
42
82
36
89
44
45
48
50
48
54
46
86
48
98
83
75
45
43
68
77
68
60
56
84
75
44
56
45
47
104
75
44
45
81
78
37
55
60
86
101
87
95
101
114
136
72
61
84
85
75
82
93
47
82
81
54
72
80
47
49
82
81
82
46
41
71
85
41
42
40
57
56
50
89
60
76
71
63
76
74
72
40
65
69
91
56
83
66
83
85
71
70
77
68
68
39
