41
61
43
60
84
65
64
74
74
49
65
49
47
48
49
64
44
65
85
77
55
75
62
42
69
104
47
59
85
41
101
49
39
91
78
77
40
46
39
82
66
53
47
58
71
48
45
78
67
44
40
54
74
54
49
40
46
52
64
110
103
92
74
56
39
89
86
54
70
45
72
47
95
64
50
72
46
71
76
38
74
58
48
57
46
53
66
39
46
45
77
41
45
76
63
40
50
79
54
73
218
105
43
95
81
38
43
70
51
43
71
90
41
57
57
74
59
49
77
49
38
41
40
49
81
82
80
56
41
70
47
89
40
40
48
78
76
47
86
39
54
67
76
88
72
41
39
45
81
46
76
76
51
47
48
49
38
77
50
39
45
46
75
40
76
54
43
42
51
89
48
76
39
45
85
45
61
45
83
46
52
74
80
39
86
40
81
43
74
38
56
45
71
50
52
47
78
52
85
48
92
46
53
39
47
71
40
51
60
48
78
49
42
40
58
55
67
65
44
41
53
49
83
40
87
48
47
50
71
48
86
84
48
47
50
67
40
90
70
47
83
38
54
53
88
43
62
72
41
40
134
50
43
52
85
41
88
71
80
34
34
77
75
40
44
44
51
43
89
43
80
80
80
42
43
42
67
43
88
48
43
42
97
65
43
65
46
44
46
51
53
84
62
88
50
43
49
50
62
68
43
42
52
81
45
72
93
60
77
41
52
66
50
72
87
77
70
60
52
60
80
75
53
41
50
78
66
51
55
53
56
45
66
43
50
41
54
55
77
42
52
63
80
49
50
67
59
55
41
73
46
43
41
52
58
47
77
56
60
77
48
49
48
82
54
47
73
47
57
43
74
45
57
93
42
41
42
41
73
56
65
65
78
74
77
71
89
52
50
48
54
77
46
43
43
66
44
86
50
44
42
89
74
73
43
43
45
87
44
43
84
44
43
45
47
74
49
43
36
43
44
74
47
49
82
51
99
43
57
52
43
80
46
44
62
80
50
88
62
43
93
46
70
82
42
43
51
44
45
44
54
89
44
71
74
74
68
83
60
50
83
43
86
49
93
44
51
69
50
43
51
53
90
43
47
68
59
51
92
56
58
63
56
45
82
55
95
53
56
74
51
46
44
44
84
50
65
55
76
60
44
45
118
87
83
96
87
45
98
121
121
56
69
96
74
72
58
91
66
109
56
53
95
43
65
74
97
42
42
42
53
53
74
50
69
41
78
44
43
44
55
55
48
99
45
89
43
44
44
43
53
43
81
67
44
43
43
51
45
82
55
50
54
81
47
43
66
69
52
43
57
54
74
44
46
47
75
100
44
50
53
57
70
64
45
75
46
46
77
81
43
43
98
80
78
54
109
76
109
78
72
89
85
55
112
61
84
43
55
58
72
43
71
74
73
48
42
49
40
44
69
73
40
41
78
41
42
51
84
47
43
75
53
44
56
52
41
42
48
44
53
48
47
54
58
43
77
46
55
87
53
50
44
57
42
42
55
41
48
47
50
48
87
102
54
79
53
83
43
68
53
41
49
68
44
41
57
47
57
59
74
49
43
76
49
53
41
72
51
50
92
41
43
50
60
40
50
47
66
50
55
82
43
40
51
55
39
48
51
52
51
69
47
78
42
50
55
40
101
147
89
35
36
41
36
43
36
35
44
44
52
48
77
43
51
43
70
89
78
46
45
49
45
51
72
75
43
93
52
45
53
86
51
83
43
44
43
42
71
56
55
90
46
45
63
61
51
68
58
52
70
78
44
73
49
59
54
72
51
53
88
52
50
52
72
50
44
64
42
51
73
78
50
44
52
50
79
52
44
43
43
42
80
84
51
89
50
44
43
73
65
50
64
42
42
75
40
42
71
59
43
50
60
65
66
69
42
55
43
54
71
74
88
70
60
49
41
41
43
40
76
54
50
41
74
43
43
65
61
46
47
80
55
48
51
76
45
61
74
56
42
70
45
45
80
70
45
54
44
41
42
41
52
39
68
46
55
40
44
63
62
77
48
56
46
79
48
62
72
41
41
41
41
48
80
60
39
83
39
33
32
69
41
48
59
69
80
42
84
41
40
52
71
69
85
44
71
47
44
203
41
46
50
73
42
53
69
46
44
86
52
49
86
41
42
40
42
41
39
81
56
84
58
54
50
50
48
40
40
58
72
41
45
49
49
71
47
47
54
59
49
87
53
60
50
67
41
53
88
46
77
61
61
40
45
35
75
51
51
66
43
46
32
61
79
43
40
46
71
41
48
77
46
63
41
47
79
39
72
46
