174
212
231
309
383
243
217
189
168
184
169
198
199
174
206
176
207
207
190
172
208
168
213
253
199
173
188
240
275
177
213
204
240
189
219
205
180
205
205
206
188
195
189
178
165
219
256
172
222
223
222
171
194
175
170
214
198
170
178
207
182
202
194
212
179
196
210
235
170
188
166
199
172
229
214
198
212
185
342
204
199
211
158
186
196
215
191
197
181
178
239
180
191
318
229
207
175
230
210
187
183
205
185
216
186
189
180
216
214
205
184
226
196
204
204
194
173
178
204
213
280
201
200
182
174
209
203
211
218
194
173
198
201
217
178
221
195
200
203
196
175
208
199
175
200
203
214
193
181
181
205
185
246
219
201
213
204
227
241
226
265
220
203
196
234
208
172
209
185
218
190
201
197
185
179
193
200
195
191
177
205
153
195
210
174
242
178
189
172
235
290
189
185
179
206
219
229
185
203
222
235
277
203
222
192
219
356
204
217
197
235
344
231
191
207
192
198
201
242
257
188
335
234
188
209
172
216
176
313
199
223
206
174
198
206
235
199
215
220
193
207
235
216
242
265
260
237
252
237
210
204
224
238
202
194
209
283
232
205
203
190
192
266
210
200
271
214
203
222
331
186
343
294
236
208
207
215
216
186
188
234
206
367
212
236
217
230
210
213
208
266
224
208
257
209
203
259
256
220
228
214
187
248
246
254
195
221
203
222
241
198
206
201
203
236
198
281
237
204
321
238
322
238
271
238
259
221
187
239
204
199
354
226
267
223
269
278
195
192
294
205
199
240
195
192
229
234
194
200
265
200
227
256
188
211
246
232
199
224
263
186
266
348
239
249
263
224
247
256
192
187
395
256
352
242
215
204
234
234
262
324
418
281
288
267
279
237
208
190
190
192
214
254
245
212
201
210
262
199
334
230
325
268
292
231
271
234
308
245
287
292
271
412
195
189
265
230
213
213
280
242
280
252
216
220
191
191
210
192
194
264
192
232
214
266
205
237
196
243
329
185
228
206
195
194
229
214
262
345
329
258
222
275
242
190
202
254
195
218
188
223
195
224
228
236
222
178
251
191
235
282
220
196
199
197
188
203
224
251
182
190
247
216
190
177
179
196
241
200
193
248
199
202
275
215
218
262
349
199
192
193
254
187
205
196
210
249
253
222
209
262
187
311
189
181
269
186
195
243
196
312
194
230
185
304
183
220
198
237
181
203
212
227
168
196
240
205
256
192
200
245
202
184
258
192
195
242
186
209
191
186
232
199
198
228
216
197
298
211
184
228
234
215
234
189
253
195
243
219
177
231
216
209
189
176
230
197
195
184
195
223
186
240
187
186
217
188
217
203
192
195
190
189
232
189
184
240
181
240
209
174
179
193
241
184
245
226
197
234
182
178
189
222
228
189
181
184
189
206
219
215
232
220
185
176
187
222
192
218
196
177
233
180
185
249
180
183
183
175
178
181
177
181
224
214
173
189
180
179
226
184
174
251
181
166
223
182
257
188
226
179
182
208
184
171
230
237
217
167
172
187
180
178
235
224
183
235
186
190
214
222
186
181
176
168
179
216
209
180
179
185
174
182
214
228
170
181
203
182
181
237
217
179
179
174
247
182
236
237
179
170
182
188
182
207
217
218
174
173
188
181
166
189
175
185
228
179
174
177
180
184
173
232
225
188
220
249
207
187
262
220
171
186
179
176
183
212
238
230
176
183
222
180
171
216
170
185
175
275
181
171
224
235
176
177
179
166
222
205
173
180
187
207
176
174
173
173
177
230
215
181
175
171
217
178
186
197
189
183
191
192
214
211
180
221
187
182
195
178
200
182
217
201
209
203
212
181
186
182
183
196
212
207
192
199
209
194
194
173
196
209
190
202
191
187
188
196
168
177
217
183
176
191
201
192
188
170
195
184
197
180
220
171
202
184
172
192
212
198
198
192
174
196
185
179
227
181
193
191
176
179
175
181
178
210
178
190
187
214
216
181
192
220
187
180
194
200
191
177
181
201
196
185
196
187
196
180
184
161
233
171
206
168
215
183
184
198
204
215
178
184
186
197
179
192
226
187
208
180
206
165
206
203
185
179
183
183
200
208
206
187
179
186
164
173
197
205
193
943
185
178
190
185
179
196
191
197
202
163
162
186
200
175
222
182
197
207
185
176
180
185
190
197
188
213
195
228
172
178
204
216
184
188
171
173
181
210
202
203
191
182
212
196
187
222
204
191
173
199
180
199
191
214
190
330
178
182
185
206
218
186
186
222
182
211
192
196
180
198
210
