180
187
361
236
186
245
205
274
202
236
222
171
187
200
216
220
233
238
212
187
226
207
226
241
173
209
244
196
236
197
219
195
192
224
168
235
196
190
238
223
238
176
243
214
179
160
188
288
243
234
226
279
212
224
196
196
181
229
222
209
192
172
246
247
309
314
324
275
208
228
194
211
202
222
190
198
199
199
169
192
183
195
199
192
227
206
267
256
302
193
274
212
220
239
221
194
188
272
181
211
173
221
184
210
223
195
226
176
189
190
205
218
197
193
541
189
234
190
218
218
236
284
251
235
207
194
187
194
178
210
252
197
190
178
190
196
182
207
197
201
195
199
179
210
196
198
197
225
215
190
178
617
182
168
239
199
196
198
236
200
199
188
168
200
185
182
225
187
172
181
257
167
186
204
167
188
216
292
177
235
196
219
247
196
195
179
170
242
171
210
194
203
230
225
250
226
247
195
184
236
280
240
187
222
220
227
214
212
233
191
245
245
188
182
214
225
191
251
465
226
200
242
191
240
227
205
190
217
201
249
217
203
236
201
345
194
244
224
237
190
206
326
237
241
244
204
244
192
218
203
176
214
240
204
192
206
231
208
192
220
232
201
210
214
193
215
191
179
204
211
189
187
383
223
200
198
247
205
195
218
196
178
281
212
214
219
266
211
219
258
199
205
195
184
220
228
242
227
256
233
275
209
218
256
185
198
205
248
274
310
200
301
241
204
362
266
230
272
242
237
319
251
227
220
224
265
215
240
250
251
221
221
241
302
269
231
310
224
194
216
223
209
249
202
296
225
244
319
222
208
225
227
187
230
248
226
257
235
280
209
217
227
201
200
250
303
211
1462
206
243
346
225
253
199
264
260
381
341
321
239
218
221
218
210
210
220
211
213
343
216
191
204
186
214
213
218
225
221
295
199
221
281
266
328
283
197
282
217
260
218
202
192
195
207
199
189
311
193
215
463
209
232
221
199
257
219
375
199
258
211
222
212
290
197
312
286
233
214
237
207
242
201
209
201
198
171
223
225
197
217
219
199
226
193
240
199
209
199
216
191
200
211
240
218
227
236
219
201
210
188
189
229
204
181
185
213
202
225
219
190
206
195
218
172
180
259
318
193
184
299
194
202
171
215
198
199
183
249
247
183
222
193
178
180
197
238
185
183
189
183
255
194
196
177
200
192
207
178
199
194
194
192
249
266
344
197
172
206
173
195
189
174
208
200
239
210
207
206
202
195
192
185
182
186
213
194
194
199
187
219
193
194
206
193
211
199
177
191
210
186
230
207
185
188
188
219
225
193
197
198
198
172
191
184
182
225
217
199
196
196
184
189
203
207
203
202
202
191
202
201
190
211
200
210
182
230
210
188
205
243
204
197
220
204
182
202
192
195
199
186
215
200
200
193
186
203
206
205
207
205
184
223
225
192
199
204
220
191
200
198
185
206
247
202
226
209
215
206
209
230
213
201
185
189
208
193
180
219
187
233
224
193
203
197
222
200
190
192
205
221
195
213
186
263
204
196
194
208
172
210
196
185
202
186
213
229
202
201
194
190
200
188
211
186
204
219
200
181
215
192
209
193
191
197
208
199
197
195
204
232
200
202
235
193
191
201
201
198
245
227
197
214
274
189
209
195
220
195
215
285
292
241
216
240
210
209
187
178
228
207
218
203
212
236
194
221
188
195
217
207
172
198
169
229
167
173
211
165
187
186
236
307
270
169
163
245
178
179
193
210
215
275
196
221
214
171
190
180
206
163
203
185
188
184
166
229
211
165
220
170
192
171
176
204
176
196
178
180
176
165
168
223
172
178
195
187
201
208
166
164
190
183
189
194
171
171
169
186
204
200
199
177
201
180
173
205
170
170
178
179
207
200
168
260
291
278
272
205
211
179
178
166
165
220
214
170
210
228
233
167
189
203
182
221
172
199
171
191
214
190
174
207
189
165
163
232
203
166
165
185
197
221
188
224
166
216
168
183
215
197
170
168
168
204
211
165
218
175
179
203
208
190
171
220
165
183
202
185
234
184
190
197
167
203
204
174
170
178
206
210
186
183
173
171
178
236
180
177
201
208
179
177
175
221
198
172
211
184
187
185
201
207
198
179
169
213
184
165
171
179
238
194
216
178
162
166
187
165
168
199
185
189
178
233
199
211
205
198
184
234
206
185
165
186
186
209
183
163
176
196
229
186
214
203
190
210
203
201
179
212
208
189
225
192
226
187
256
193
196
187
163
200
224
176
218
195
191
167
181
175
224
189
191
173
181
204
186
181
187
229
