143
170
130
160
90
149
140
60
63
73
52
93
78
73
85
56
57
81
49
64
65
42
50
70
76
79
96
89
90
86
73
59
55
46
40
88
50
43
42
70
40
39
39
80
43
77
42
49
33
41
39
83
67
43
86
71
49
46
39
41
102
363
77
79
67
69
47
41
60
74
34
83
46
41
32
39
43
72
39
70
63
41
39
39
50
77
41
43
73
89
96
70
79
39
42
84
40
57
61
49
66
77
84
55
43
74
82
45
122
49
69
40
75
62
48
62
76
79
70
68
48
62
71
68
59
81
43
81
46
46
76
111
44
55
88
105
51
90
60
70
72
39
86
43
43
69
43
50
44
64
62
43
60
42
42
77
70
43
96
43
40
63
41
82
72
39
64
42
55
42
42
43
73
42
77
79
47
79
50
40
92
71
50
64
81
84
42
39
73
97
70
57
78
93
43
44
76
44
84
94
39
100
81
42
43
39
44
61
50
78
73
60
45
91
76
60
73
42
68
56
44
45
76
74
84
41
83
90
42
68
43
98
44
41
39
61
48
40
85
75
81
34
77
40
40
45
83
44
65
46
64
73
42
41
42
49
72
83
42
91
66
103
179
75
46
78
43
71
77
83
77
85
39
82
41
94
69
81
59
72
40
78
39
73
68
68
47
85
71
45
53
103
79
40
46
83
39
91
42
49
67
91
40
77
79
68
79
69
57
34
40
43
76
40
57
43
70
48
41
98
31
70
42
44
72
78
85
52
62
73
86
88
102
119
87
87
161
84
117
144
159
154
123
125
87
90
94
99
73
108
58
134
78
284
161
120
200
199
143
153
179
112
86
174
146
122
72
91
137
235
211
135
156
95
113
72
63
77
103
75
54
51
83
78
42
84
83
42
44
45
41
88
70
38
82
83
70
70
73
72
69
87
92
45
82
69
43
95
54
55
128
73
120
127
69
84
120
90
114
140
98
115
94
64
91
43
52
108
68
53
42
44
84
77
69
75
68
41
75
79
39
125
111
70
39
43
41
76
82
79
72
73
40
42
40
76
84
68
68
64
41
39
40
68
41
85
46
60
67
68
63
40
95
66
46
64
74
80
64
42
64
85
40
75
85
73
72
39
76
66
40
66
66
67
64
38
74
68
41
60
61
103
65
39
85
80
40
62
73
39
69
38
34
38
79
66
66
58
68
63
40
38
81
75
70
91
79
72
90
35
67
40
72
72
43
76
42
75
77
42
69
67
65
91
69
72
45
81
78
42
94
42
79
89
43
42
106
44
68
43
96
71
79
77
50
89
42
78
67
72
77
44
66
84
40
68
35
77
66
43
43
55
40
73
53
43
92
42
71
76
90
49
71
70
53
47
55
102
52
97
72
68
75
45
79
85
74
69
37
77
41
70
159
79
73
61
71
66
40
78
50
76
89
61
70
71
86
114
52
76
71
102
92
63
97
52
67
63
65
74
39
43
38
84
90
79
87
39
40
66
40
76
39
92
70
76
42
74
38
39
94
33
41
44
75
74
38
77
39
74
41
40
83
81
39
48
70
95
37
75
45
46
38
41
74
64
85
32
76
46
68
72
43
93
67
70
83
40
68
38
44
40
41
86
40
40
71
41
39
86
42
61
39
77
94
78
38
67
39
39
83
82
69
74
94
46
40
74
91
81
44
82
88
41
38
97
35
82
39
40
88
37
39
41
42
74
70
62
61
39
42
39
74
41
73
41
92
71
87
32
32
38
86
39
88
94
48
39
69
79
40
74
90
81
39
44
86
39
38
63
82
75
39
41
82
38
41
83
41
105
42
40
77
40
39
44
76
73
80
41
102
39
34
75
75
95
74
39
83
38
69
46
68
43
77
99
40
41
39
43
86
87
32
78
97
35
41
47
76
82
82
67
99
57
95
41
73
40
47
73
73
44
93
38
78
40
39
89
78
78
68
43
34
42
40
79
45
82
42
41
107
79
43
34
47
43
77
83
35
48
99
42
77
76
78
78
91
41
94
42
44
73
41
79
101
85
42
85
39
43
41
75
91
78
35
92
69
43
38
46
51
96
49
85
79
42
72
62
95
40
42
43
49
46
69
79
94
77
40
75
34
39
44
70
47
71
73
50
52
44
107
60
111
40
87
88
46
58
67
84
73
72
89
91
39
72
76
42
49
49
79
42
77
39
46
54
43
53
34
43
87
85
47
53
81
74
53
79
76
40
173
42
48
80
62
47
84
75
73
40
69
93
66
72
77
85
44
39
46
65
62
44
89
74
62
75
39
39
66
65
