184
148
149
136
204
149
150
272
262
234
317
344
224
203
210
280
227
204
130
254
208
140
186
189
176
140
212
178
134
214
147
148
160
142
155
201
179
189
210
150
313
159
135
149
187
183
189
134
138
147
191
176
145
154
193
156
133
218
206
194
139
183
143
132
192
205
183
161
174
189
143
182
166
198
147
176
201
186
150
185
189
176
189
168
236
280
252
231
286
333
296
253
180
143
169
138
181
241
158
139
150
165
191
134
134
181
156
167
199
148
186
187
153
148
218
139
148
205
146
164
188
185
162
135
147
143
195
158
171
169
151
191
151
184
197
163
136
136
132
211
179
135
129
136
134
149
164
190
132
160
192
152
136
145
134
185
138
186
191
192
199
140
163
166
136
169
137
148
186
200
137
161
336
144
159
173
215
217
230
133
136
133
157
180
149
161
136
190
135
176
134
146
146
135
202
134
206
154
211
162
147
150
190
200
208
196
139
147
182
140
163
190
209
190
186
141
186
187
153
158
299
144
163
165
132
196
210
210
152
137
157
224
194
147
190
168
196
200
224
259
216
174
137
210
196
138
191
183
171
147
148
144
183
200
150
138
158
291
183
183
137
203
193
137
167
184
207
236
190
240
233
235
212
235
227
290
175
182
175
185
186
191
181
279
298
187
181
161
240
205
177
175
212
232
160
189
191
173
230
214
205
259
411
209
193
218
245
240
222
210
350
193
186
184
162
185
216
232
211
207
171
170
169
245
246
345
285
220
237
166
221
193
155
229
228
179
183
215
198
198
203
197
188
202
231
182
211
361
211
198
199
178
265
195
193
226
178
225
237
190
193
179
192
199
237
202
182
231
174
169
176
188
194
357
218
194
208
172
176
220
190
182
192
266
248
248
290
227
216
181
175
215
217
202
195
175
242
184
171
177
181
225
284
193
205
208
215
194
176
184
218
181
183
169
185
202
185
198
185
222
257
178
175
250
185
160
195
184
193
186
181
214
232
202
176
228
184
210
189
188
210
189
165
166
216
203
185
229
181
186
159
178
178
189
207
210
186
178
223
208
199
183
222
351
255
313
370
394
307
203
205
198
243
209
241
186
209
202
212
171
179
204
235
181
202
183
169
184
214
213
213
211
225
180
187
195
171
197
180
243
180
235
211
170
202
206
191
246
214
238
165
187
168
208
156
214
217
178
214
182
214
219
222
254
232
149
179
200
169
237
203
267
174
214
194
176
186
200
231
157
189
222
174
189
183
189
199
278
191
240
237
180
219
205
214
182
172
211
193
226
198
222
172
178
220
177
220
331
254
234
269
238
184
197
177
213
181
176
217
190
224
221
236
168
187
275
197
184
178
199
186
275
298
365
344
340
311
374
301
294
303
337
263
209
205
161
188
157
210
206
239
169
246
304
193
187
215
214
207
204
198
228
187
209
196
171
164
198
197
199
311
156
174
188
174
204
301
175
162
164
197
151
991
179
168
203
183
198
174
158
166
171
167
187
182
205
181
177
195
190
185
176
174
229
173
191
161
208
392
169
200
210
153
168
329
329
184
187
160
183
168
155
161
170
168
196
212
172
176
220
193
190
187
225
204
190
171
163
201
167
163
164
179
167
251
246
243
257
195
171
225
212
162
175
201
203
142
160
199
203
206
161
193
171
180
205
149
195
166
154
167
168
192
172
157
181
171
160
149
163
192
262
177
204
163
204
171
189
157
175
169
163
166
205
239
174
195
209
185
163
193
215
159
191
204
165
199
162
162
195
211
166
163
165
215
142
199
173
210
178
192
157
157
165
197
217
185
189
191
194
161
162
186
200
189
161
176
189
202
179
166
178
162
208
204
206
203
194
215
153
179
184
158
179
183
197
173
172
228
164
190
157
153
212
196
165
196
166
203
200
187
220
163
186
184
216
179
172
201
229
170
181
172
164
174
230
174
192
160
189
192
182
162
160
161
157
155
180
181
206
206
161
205
164
159
178
170
199
172
161
158
173
169
161
221
167
200
208
163
152
159
185
148
203
172
198
195
179
167
153
211
167
168
165
167
214
200
158
157
167
171
170
195
148
155
155
193
166
185
179
194
202
175
171
197
214
148
163
190
141
193
166
161
203
174
159
213
196
193
204
169
178
164
198
166
203
184
189
185
161
155
179
161
169
187
170
201
168
175
190
156
190
169
174
145
153
172
158
165
188
190
165
168
157
191
141
162
172
172
196
172
166
197
158
152
154
170
169
187
175
172
172
172
194
198
178
162
171
165
157
147
186
198
176
176
170
165
203
162
175
