197
202
214
199
207
180
262
291
195
202
208
189
193
198
203
202
195
200
197
206
198
197
186
253
195
222
218
247
192
209
190
211
189
179
178
212
188
183
233
237
213
226
229
201
236
209
206
256
220
187
192
176
272
194
206
250
212
223
259
204
242
235
203
226
294
208
245
216
226
318
248
432
198
617
226
226
227
226
221
211
217
211
212
225
229
311
296
337
545
279
255
260
232
214
266
238
244
237
248
279
311
297
289
245
233
240
241
246
302
228
256
221
234
238
227
339
223
274
230
240
224
216
207
214
231
235
253
233
233
225
294
268
208
239
215
205
218
213
218
257
283
311
240
213
221
225
268
227
206
198
234
217
234
224
279
216
258
207
230
214
228
205
229
238
242
243
266
207
222
208
208
217
357
216
207
203
196
242
205
197
234
195
202
216
213
216
202
225
245
205
200
264
225
216
226
231
233
274
231
230
228
224
231
228
222
234
262
226
356
217
253
216
185
256
243
219
196
221
213
261
219
207
250
239
215
288
225
221
212
257
250
207
221
199
172
242
217
207
219
247
209
220
297
206
213
219
226
216
280
260
209
219
224
207
218
221
224
218
225
212
278
208
211
212
225
225
214
222
225
226
221
258
225
210
236
217
233
222
1237
266
229
231
278
230
369
230
218
238
233
223
223
220
242
234
214
230
216
218
226
210
221
216
200
220
228
224
229
213
222
257
221
217
278
209
213
211
204
218
194
194
204
193
201
198
180
188
202
210
183
190
219
196
191
190
202
209
187
196
216
190
190
212
195
194
209
237
210
183
223
185
204
196
187
204
174
190
197
186
200
227
190
199
187
200
184
182
186
199
203
208
206
228
181
177
212
192
222
261
260
210
215
207
203
203
195
210
212
191
228
177
190
198
212
196
197
211
214
196
186
207
193
180
211
204
211
200
202
203
188
207
189
202
222
230
178
198
208
189
184
209
195
218
205
179
206
192
222
186
191
211
256
204
188
194
191
197
229
193
221
312
210
187
193
196
236
212
198
190
233
196
200
243
190
181
201
198
238
256
179
196
211
182
201
224
229
186
241
192
184
183
208
197
200
256
203
193
187
162
201
241
199
210
207
192
230
188
190
203
187
238
208
193
191
206
232
182
202
200
194
248
231
191
211
191
191
219
194
192
256
197
203
208
190
180
221
184
179
224
197
205
185
214
197
195
268
252
175
179
202
267
184
192
198
252
192
221
195
3766
189
188
199
218
176
273
205
197
166
176
196
198
188
208
184
214
177
178
183
194
221
191
170
166
183
166
163
180
156
169
158
169
176
214
178
178
163
184
173
205
160
164
154
182
168
216
157
155
162
176
176
163
166
164
198
173
167
198
164
176
153
292
170
178
160
207
180
186
163
166
215
169
164
201
158
163
163
180
157
161
159
161
157
197
173
156
211
165
166
163
166
160
161
164
214
154
167
151
165
180
167
167
165
162
168
161
155
159
150
151
226
165
166
249
218
190
176
166
167
168
163
165
187
206
163
164
200
167
158
171
175
223
169
167
167
170
164
165
157
164
179
176
166
215
172
214
202
181
244
185
217
193
216
248
178
191
167
175
216
191
188
180
258
190
179
182
181
175
179
178
231
190
198
176
181
254
204
178
178
249
190
195
201
170
194
192
180
209
183
178
238
172
173
177
167
163
210
186
182
231
189
181
188
179
196
192
181
232
182
194
184
185
239
188
198
180
178
205
255
181
182
195
200
190
176
186
185
171
204
248
195
189
172
174
176
182
234
190
248
173
191
220
180
189
184
233
185
201
175
194
203
176
184
200
179
180
214
187
188
193
176
206
247
201
174
199
178
231
170
195
186
187
222
208
194
225
229
224
225
214
219
239
214
220
224
202
208
226
223
216
226
206
251
214
221
215
225
213
220
221
209
207
218
215
224
202
210
219
212
218
217
239
205
233
223
210
223
227
216
211
217
213
219
214
217
208
217
209
220
208
208
224
225
210
218
208
228
192
203
224
235
218
211
228
229
204
245
222
209
215
199
210
229
216
219
222
204
220
213
257
208
221
221
201
206
210
208
224
236
216
214
229
224
224
230
221
222
215
212
226
207
217
218
225
208
232
212
207
221
208
209
207
206
242
214
210
205
216
165
192
237
172
170
180
169
171
227
165
182
167
184
166
208
171
177
181
168
211
168
165
217
172
186
216
165
183
167
182
236
159
166
165
156
169
163
255
170
159
255
175
226
166
158
245
161
169
224
178
159
175
203
167
227
157
156
157
165
154
204
165
170
162
