217
151
216
199
172
186
214
196
196
210
206
183
189
173
191
167
174
189
185
183
197
167
163
180
189
215
198
207
197
213
211
166
274
183
246
150
194
216
211
214
170
209
173
190
197
169
205
179
213
200
179
194
175
187
201
171
183
161
196
191
170
209
201
219
211
168
181
203
200
186
164
175
193
194
187
173
206
163
209
197
172
196
173
180
180
172
235
166
195
208
170
214
174
208
214
177
186
169
191
176
159
194
168
180
186
175
215
196
212
198
174
321
206
146
212
176
186
200
191
163
199
187
185
213
171
172
173
228
235
231
385
189
221
169
195
220
202
174
167
211
181
152
168
197
169
204
183
156
168
173
170
230
153
167
185
205
327
156
179
213
207
212
197
171
179
190
182
177
169
207
166
170
188
183
273
157
183
179
182
313
161
203
162
202
206
143
178
165
256
209
172
166
175
200
170
179
187
172
197
367
210
177
204
180
224
239
169
173
189
172
219
160
187
188
166
195
181
251
183
449
193
213
223
197
256
183
173
250
174
314
210
229
200
160
180
197
296
188
230
190
192
158
166
174
180
157
214
173
227
208
188
160
190
148
221
229
161
202
166
158
203
173
186
173
154
205
211
204
187
222
201
163
158
194
153
197
172
193
310
170
194
187
190
202
198
158
181
185
160
212
191
199
168
163
162
161
179
187
297
188
193
157
187
193
183
177
211
183
199
183
199
213
156
165
184
165
186
210
187
187
205
182
159
170
175
177
167
176
199
187
182
173
172
179
194
187
214
188
196
248
166
160
169
169
204
184
181
193
194
201
170
168
178
182
168
204
172
190
186
193
188
182
180
185
180
220
174
166
177
159
195
203
169
168
216
170
175
159
192
344
214
192
216
163
183
171
160
266
186
219
158
179
212
177
178
204
189
208
178
183
168
230
186
172
175
222
187
177
186
179
196
199
159
219
173
219
180
163
192
188
216
297
213
199
200
220
167
141
168
176
182
169
199
170
185
205
195
197
159
184
186
181
187
157
182
196
199
188
162
197
193
220
209
170
168
197
183
191
183
183
196
215
191
189
184
229
173
194
163
174
189
161
229
234
188
185
160
188
157
171
194
176
350
168
183
154
170
184
208
204
198
156
190
171
211
241
198
174
171
182
161
211
299
155
210
169
202
187
187
189
206
224
153
223
171
180
175
167
201
187
213
214
172
186
155
207
184
199
180
177
180
199
166
194
179
186
194
162
174
182
179
171
171
186
169
194
188
216
192
175
210
183
212
186
167
175
170
178
196
161
156
188
246
163
189
184
179
181
168
203
181
186
196
182
174
295
166
149
202
182
166
170
198
233
194
415
197
203
186
188
302
171
177
216
197
175
188
157
188
155
188
179
163
236
176
190
179
178
187
186
219
246
178
190
191
188
179
195
192
179
160
169
192
176
169
209
189
173
211
169
289
195
191
199
178
200
182
201
179
161
206
183
205
198
260
288
175
175
159
164
186
198
197
175
168
189
173
186
219
163
186
181
186
153
188
219
206
199
173
205
186
156
212
177
174
160
180
200
198
158
183
194
206
215
187
256
252
191
186
219
379
186
190
198
191
169
192
237
183
210
222
273
351
260
220
180
187
207
217
174
168
202
178
177
166
213
171
203
169
197
188
193
171
200
199
157
189
194
155
167
177
180
170
189
188
194
158
179
176
193
189
175
347
172
191
200
177
195
181
183
207
243
352
283
282
361
260
278
396
226
261
162
149
303
190
189
179
174
187
203
178
168
182
214
193
256
299
395
292
356
369
338
341
398
311
276
333
253
233
226
206
179
206
176
172
213
294
311
231
173
176
189
199
173
196
246
269
386
403
295
216
188
187
196
178
206
191
180
174
168
172
174
211
302
172
213
177
173
182
174
195
180
189
175
198
183
192
186
190
163
202
168
167
187
170
199
170
178
184
175
202
168
204
187
202
189
175
173
187
186
168
197
166
198
203
214
193
179
178
246
430
286
340
378
359
275
285
380
371
419
236
207
205
186
299
193
190
190
172
189
250
276
260
309
330
260
293
392
342
349
302
271
199
196
177
171
206
182
188
172
170
170
193
188
201
178
178
165
182
166
190
174
195
173
210
189
165
181
185
200
205
174
172
167
166
187
172
168
183
1023
191
189
190
195
190
171
166
170
182
172
165
190
163
184
202
172
177
177
172
158
210
164
185
168
217
204
184
195
161
207
191
177
158
175
222
195
171
217
173
193
213
177
191
179
181
172
176
199
169
192
197
195
212
193
171
228
275
284
290
205
