124
129
135
152
131
116
133
145
131
109
131
142
110
119
122
126
126
133
94
142
122
126
148
133
142
150
147
173
134
157
143
136
165
156
118
156
108
142
137
133
153
120
149
148
131
112
134
121
151
131
141
135
131
144
163
173
224
140
135
163
139
206
161
149
115
107
146
126
136
129
134
138
141
130
152
145
141
110
143
165
126
159
120
178
126
175
170
139
133
128
147
136
135
135
129
115
132
117
126
130
138
140
130
133
149
152
133
122
125
142
112
130
138
131
108
156
111
144
117
130
133
123
141
142
131
133
140
145
150
151
125
149
148
126
134
128
138
120
143
135
127
117
132
128
131
146
145
133
132
127
122
127
115
145
157
136
128
132
131
140
150
131
114
146
131
135
152
148
141
145
141
123
119
129
113
144
148
179
139
162
119
155
275
206
194
119
141
138
126
213
114
157
122
100
132
139
150
135
112
113
134
129
129
149
165
139
129
109
128
137
164
123
125
132
127
139
123
117
123
132
152
143
134
144
132
104
128
124
133
128
121
139
127
118
148
135
138
119
127
106
116
137
136
121
129
148
142
145
132
143
153
135
134
116
140
147
138
134
151
129
118
134
134
126
119
118
138
155
153
140
122
138
136
131
145
132
143
135
136
132
144
129
102
139
136
131
157
142
117
136
132
148
120
128
144
103
141
135
130
113
130
126
141
142
103
137
127
133
142
113
115
128
130
139
129
127
137
131
142
118
143
142
145
139
121
114
130
128
128
114
161
121
128
128
136
126
118
116
138
138
134
139
144
148
135
135
117
119
136
137
161
134
132
147
135
158
143
138
135
151
120
148
139
144
123
137
132
152
152
135
136
120
132
135
137
111
144
160
136
137
146
138
163
148
144
121
120
136
149
158
137
134
138
129
140
136
151
143
121
134
125
146
159
132
141
146
139
134
134
135
132
124
132
112
126
133
138
129
135
120
108
132
134
131
146
129
133
122
128
145
148
132
104
135
136
132
127
141
133
147
123
130
129
127
136
130
161
121
121
124
143
148
132
135
132
141
654
132
148
131
129
131
122
132
151
143
138
138
118
170
141
155
128
127
132
152
152
134
157
138
202
141
144
150
155
137
137
136
131
120
140
117
131
139
141
129
132
122
155
128
129
145
135
131
154
111
142
121
155
141
136
158
137
127
144
128
134
130
113
157
130
140
137
135
128
140
142
120
137
116
139
104
128
140
128
138
146
137
123
147
119
161
148
167
119
123
116
131
137
112
118
112
110
133
125
131
143
114
151
156
134
132
139
125
131
119
130
104
111
127
130
143
123
130
119
112
138
110
126
150
136
142
158
142
153
150
139
152
135
152
130
160
147
130
144
127
124
137
110
150
122
129
127
142
139
139
141
151
140
146
151
133
126
132
160
129
133
127
163
134
141
128
147
113
142
149
149
130
143
144
132
131
127
137
134
138
140
117
125
132
126
114
145
107
377
139
160
145
135
130
132
107
141
128
146
117
157
113
148
136
137
143
137
130
139
119
141
143
132
144
112
123
114
128
119
137
130
149
108
124
132
134
105
126
164
163
216
123
148
127
133
129
127
124
112
120
156
140
121
135
145
99
142
148
147
161
157
124
125
132
139
115
145
134
130
126
111
145
148
131
148
113
142
147
166
158
177
154
147
122
115
149
128
140
151
135
114
143
151
116
121
139
127
154
109
141
136
144
119
137
160
147
149
136
147
174
121
127
159
125
143
140
151
143
147
134
115
153
148
145
147
132
119
118
140
141
128
103
146
143
141
145
133
131
143
130
129
135
133
135
147
128
146
117
144
119
146
146
141
112
144
137
148
148
154
128
130
133
136
135
129
140
137
150
117
117
144
190
130
118
132
156
131
128
129
147
139
138
116
139
104
151
135
128
131
140
120
145
125
137
125
145
141
107
170
151
156
123
181
184
159
184
164
165
184
166
167
156
127
127
136
144
132
118
142
106
128
105
143
110
134
140
135
142
128
135
141
118
114
134
119
135
137
152
141
123
138
108
149
117
142
148
135
155
114
157
130
172
157
142
155
140
154
187
163
153
145
97
147
115
150
145
122
161
125
130
126
132
109
128
138
125
127
137
131
134
108
135
127
130
126
126
113
153
116
123
142
137
128
121
157
120
128
114
217
117
149
134
132
126
142
110
126
140
134
111
119
122
143
119
129
103
127
139
133
112
139
132
121
151
174
116
145
130
117
126
135
138
134
120
127
137
130
126
107
134
119
163
121
140
141
133
139
132
156
129
151
125
114
144
