170
213
178
242
211
183
302
165
220
204
208
185
233
216
154
164
239
159
200
217
157
212
213
194
231
204
156
227
249
242
186
154
227
206
201
207
201
188
220
221
144
212
209
198
205
199
169
207
218
151
221
193
177
226
159
153
162
156
207
289
260
157
208
175
190
171
147
204
167
211
186
187
208
187
153
167
224
192
230
155
180
190
238
222
231
234
207
154
211
211
182
156
161
144
251
220
174
225
216
174
269
210
228
209
244
187
238
213
210
253
197
247
236
231
250
175
195
182
304
185
182
198
207
213
219
184
181
253
188
244
185
179
203
193
187
196
205
197
192
211
196
216
184
180
251
200
204
224
191
204
249
218
190
224
328
229
210
157
193
206
229
208
189
211
183
179
160
231
233
213
195
195
201
211
221
218
214
196
224
198
209
194
162
184
225
207
231
181
206
207
199
193
187
184
202
218
189
196
245
472
315
244
286
200
265
226
274
231
222
224
224
286
226
214
224
228
211
246
371
219
239
228
227
212
235
213
236
248
260
243
230
213
225
236
216
284
261
192
232
253
226
218
224
222
287
263
237
245
363
371
247
226
219
249
214
239
181
220
235
196
206
226
242
406
215
204
214
198
209
233
206
217
229
226
212
231
211
203
219
196
199
212
229
234
191
253
402
198
196
249
202
227
227
214
205
209
205
249
197
225
200
212
233
225
201
212
246
202
209
288
210
237
188
391
187
221
186
219
234
188
202
184
249
167
306
226
167
203
277
184
213
164
180
163
171
169
197
203
186
168
166
165
257
180
188
157
189
174
171
172
159
203
216
520
188
169
176
208
159
210
279
194
174
205
167
171
254
166
143
217
164
190
196
146
216
217
179
163
171
316
288
283
200
179
276
162
162
201
153
165
171
177
198
249
173
197
257
162
153
178
249
167
168
166
180
187
166
218
155
162
195
207
167
141
144
222
232
174
241
170
150
191
198
165
189
178
165
170
175
174
167
184
227
184
191
161
164
203
165
234
157
208
161
163
166
595
166
295
303
264
180
198
188
218
190
241
189
176
167
164
238
247
171
163
196
172
162
162
221
633
197
199
160
179
192
191
158
181
181
162
379
210
251
221
219
209
145
173
191
171
281
177
138
199
161
172
160
164
171
182
147
178
184
178
146
174
168
154
189
191
175
187
198
196
164
162
183
165
201
201
172
169
148
197
156
309
250
204
208
153
169
175
148
151
206
190
171
185
170
182
149
208
195
207
224
240
214
210
327
250
209
261
220
252
194
247
242
221
232
196
212
197
238
257
230
187
204
198
310
205
233
202
358
187
263
238
192
219
198
189
227
187
191
252
209
193
248
191
196
241
191
247
225
208
274
199
190
242
248
218
196
258
194
252
244
189
278
205
247
250
201
194
257
290
407
253
325
261
363
267
260
244
240
243
227
226
244
222
183
258
238
247
243
228
230
183
190
266
279
333
296
310
264
258
263
248
194
204
235
240
193
223
294
435
242
311
217
227
285
243
275
255
312
184
182
244
198
229
236
236
243
211
240
238
185
177
200
286
254
179
190
177
197
258
292
389
296
233
254
228
239
318
238
277
267
255
182
238
188
189
249
183
203
183
195
182
241
171
190
249
198
237
188
197
174
225
236
249
244
188
177
232
180
180
194
242
183
246
238
197
239
344
190
198
238
181
197
256
194
238
225
192
252
243
200
189
236
190
262
249
254
294
243
281
280
431
181
245
367
257
197
246
235
185
242
240
190
192
199
187
231
177
209
239
182
179
228
152
167
221
163
200
282
177
242
229
217
217
163
196
169
197
215
158
188
240
157
161
231
158
193
210
305
184
200
155
160
173
159
151
197
161
163
192
154
155
163
164
159
161
155
208
157
162
156
154
161
174
165
189
180
162
170
157
154
190
195
166
213
226
156
198
166
169
161
173
167
205
171
162
189
156
201
181
182
195
192
162
209
210
155
194
201
216
192
154
162
161
210
160
212
191
162
194
161
168
183
204
164
155
273
162
192
172
163
219
155
211
196
164
173
205
168
201
165
169
160
165
166
204
163
205
211
194
163
167
155
150
235
186
161
192
182
161
296
232
161
205
171
201
202
225
229
214
201
161
230
161
161
187
190
162
156
197
162
211
174
158
198
197
161
200
225
158
206
199
159
160
222
153
204
158
164
159
153
159
193
170
156
163
163
207
211
157
178
228
166
327
208
260
228
164
193
212
157
334
163
209
161
153
176
191
160
192
175
161
243
188
162
165
186
152
222
156
213
213
163
163
159
158
