65
73
44
40
73
90
39
42
50
90
62
65
78
51
77
71
77
71
42
95
69
101
50
55
72
84
78
76
43
76
35
85
82
51
46
79
85
51
42
35
68
42
43
69
50
50
55
71
65
77
41
96
70
73
68
76
41
82
41
65
66
46
64
52
57
77
49
40
43
40
87
76
44
77
47
70
68
40
57
91
82
63
62
85
83
71
70
54
70
49
54
48
71
41
78
87
84
47
52
70
43
62
80
47
59
71
91
65
77
79
42
43
42
65
83
59
54
66
51
93
46
66
41
42
71
68
84
80
70
71
70
50
80
56
41
79
66
61
67
74
83
42
42
66
56
64
69
76
69
49
71
85
64
43
86
43
44
42
78
82
44
44
66
100
79
51
28
85
79
82
76
67
75
81
85
76
81
50
49
53
72
49
72
78
66
81
42
82
42
42
28
86
43
85
73
86
82
56
81
41
75
43
66
42
84
77
91
75
70
76
45
72
50
58
57
69
66
72
41
35
74
43
43
43
41
77
42
65
60
66
50
54
53
68
42
75
72
78
69
78
64
42
42
75
76
43
49
50
56
49
42
87
86
57
66
80
57
83
42
43
42
74
82
71
42
44
65
87
52
42
42
42
73
68
66
64
50
67
76
65
68
43
71
43
71
64
76
61
77
40
69
73
35
40
43
76
82
75
42
82
80
70
64
70
55
59
53
53
95
34
71
43
45
66
89
52
95
90
55
104
72
143
87
144
85
49
100
71
67
66
72
64
42
31
89
79
42
60
71
74
62
73
68
78
33
78
66
42
42
79
71
74
61
73
66
42
91
67
42
40
65
73
74
44
68
63
67
63
72
42
42
38
89
73
43
62
61
74
51
67
43
40
42
70
42
43
39
77
61
46
67
63
49
46
47
74
63
47
45
46
41
45
74
81
45
65
71
60
70
74
32
39
92
40
69
79
79
92
76
84
55
36
44
43
72
75
70
84
76
91
101
72
89
86
42
101
42
83
45
78
73
73
94
81
86
66
54
75
62
99
57
61
66
75
67
43
41
39
44
68
50
42
77
53
79
78
41
78
41
66
73
49
82
44
111
48
77
50
50
70
79
71
41
46
97
74
45
67
58
41
81
42
47
39
42
77
58
66
74
75
76
42
33
97
39
61
72
69
48
58
69
60
359
81
39
78
42
43
94
90
49
156
65
45
94
76
51
49
48
42
72
50
53
72
64
80
35
84
44
46
43
42
69
88
65
67
62
43
73
74
82
52
50
44
76
64
68
40
40
78
75
41
39
45
80
40
40
80
74
79
40
74
62
46
47
73
62
72
49
75
63
47
76
40
76
43
68
64
82
77
79
72
44
46
74
75
33
72
83
74
72
80
40
80
69
68
66
34
68
81
40
70
55
44
41
85
100
46
91
50
46
81
83
83
74
57
67
42
79
76
49
79
43
69
109
105
97
83
100
92
78
44
72
52
117
53
71
94
81
51
56
92
71
85
44
66
47
42
78
72
39
72
74
72
70
71
40
70
68
42
49
77
68
71
74
41
41
63
58
76
46
65
67
72
71
88
71
42
73
68
69
68
81
91
44
80
97
43
88
62
87
40
86
58
93
110
64
90
57
100
121
75
64
84
112
69
114
62
136
76
57
50
119
128
67
69
157
72
74
76
155
107
85
68
64
33
42
83
41
84
93
68
53
47
59
80
37
43
41
82
68
77
73
32
65
60
80
58
42
41
68
76
49
61
79
86
48
91
65
43
78
43
62
66
50
63
72
56
88
57
42
65
41
92
37
42
82
76
82
50
64
42
81
34
68
61
59
73
96
66
64
58
72
39
73
71
48
57
71
40
86
44
71
50
63
35
68
62
75
67
43
43
64
70
48
45
66
176
39
73
63
41
68
39
75
91
58
46
45
81
85
65
88
56
78
47
64
42
68
41
81
76
43
63
72
44
78
79
69
61
83
68
76
42
78
71
39
64
44
89
54
90
43
43
42
53
74
35
79
41
69
79
56
50
68
75
74
54
71
49
88
74
71
42
76
73
72
58
68
89
50
43
83
63
67
70
69
76
63
67
84
84
57
79
91
71
64
66
73
86
63
71
35
57
68
44
77
48
45
99
85
41
63
72
78
34
42
49
78
68
76
75
50
79
65
77
42
42
76
77
63
47
84
66
79
67
40
50
45
63
72
73
40
76
38
67
67
84
51
49
61
81
77
65
66
44
43
72
71
70
45
48
70
62
70
74
52
50
61
70
70
78
41
87
85
69
60
62
69
68
