57
57
73
87
102
125
66
80
51
71
82
78
92
63
50
42
75
75
74
43
42
77
64
50
43
53
67
77
173
54
61
79
52
69
79
46
72
94
43
43
120
47
44
58
54
41
77
89
91
41
95
76
49
82
78
49
40
77
73
70
40
44
73
74
48
94
71
51
41
44
79
74
53
52
44
77
43
42
44
41
78
46
47
51
57
48
53
62
80
71
43
49
42
50
54
81
80
44
49
42
65
46
40
42
49
41
81
62
49
44
68
50
46
41
68
67
43
75
42
44
51
43
84
63
42
49
42
42
41
53
48
62
45
84
62
41
88
45
45
81
63
43
44
51
49
44
44
80
72
41
42
50
71
81
66
55
42
46
50
54
83
52
46
45
81
55
78
53
44
57
42
91
44
69
48
67
82
44
36
53
59
44
51
83
44
78
45
41
48
49
44
52
48
43
83
48
79
59
77
50
47
46
43
59
93
78
43
72
45
98
76
71
44
42
80
45
43
43
50
42
54
52
46
83
48
53
43
73
43
51
74
81
44
46
52
76
46
80
42
87
44
41
48
76
49
75
82
73
48
65
55
51
57
77
49
44
49
85
43
53
102
44
61
71
51
71
55
85
39
42
93
41
57
43
43
43
44
84
42
43
42
75
42
41
42
50
52
83
49
74
43
70
49
52
49
52
47
80
78
48
80
43
69
48
78
47
54
41
41
51
1015
74
42
79
51
44
72
43
71
45
90
43
66
49
76
41
106
71
49
45
47
47
41
70
73
61
40
44
41
47
43
45
76
80
44
63
68
83
41
41
83
72
65
47
44
70
51
76
43
50
42
52
78
43
48
54
43
43
47
51
44
79
66
157
55
41
64
110
43
86
83
41
81
68
60
55
51
76
59
42
42
42
90
83
57
68
66
42
51
42
77
44
43
54
45
44
83
43
82
45
92
44
74
94
46
80
46
51
46
65
42
44
50
44
75
59
54
72
75
60
53
49
75
50
65
50
46
51
75
51
69
52
75
52
49
58
55
52
78
44
69
47
54
42
42
58
87
78
51
70
52
52
44
43
43
80
75
56
43
43
43
43
86
71
48
45
73
87
44
44
83
49
55
45
85
82
76
44
79
72
42
45
47
77
72
60
50
63
48
44
51
42
72
83
77
41
43
69
78
42
40
52
41
68
44
92
49
69
78
42
67
83
43
83
75
65
46
40
42
42
42
44
75
65
90
41
52
46
50
72
73
88
47
74
52
42
47
41
52
41
72
41
73
48
42
48
41
93
42
42
77
72
76
74
75
44
42
35
52
75
41
69
44
71
80
42
43
68
76
87
74
92
58
51
42
99
41
43
68
42
71
78
81
65
80
92
48
44
43
68
49
47
51
71
52
54
72
74
58
95
72
66
71
52
44
82
70
44
66
51
45
41
45
44
82
42
83
44
54
56
71
44
64
43
88
49
87
71
43
36
57
52
54
46
88
71
72
44
82
46
86
43
88
68
49
43
97
70
87
45
80
49
50
46
80
75
122
45
56
92
51
86
44
87
63
44
44
46
75
92
44
66
51
42
43
56
44
90
49
107
46
46
45
45
73
45
44
52
80
60
43
44
89
44
44
48
40
36
45
45
54
134
109
46
50
117
45
44
110
69
56
55
76
54
61
74
46
46
53
56
74
81
112
90
79
56
44
74
76
45
58
49
82
45
78
45
67
45
44
45
45
46
92
45
84
44
79
57
45
36
45
46
64
80
84
47
82
64
56
54
45
72
57
54
51
72
52
44
47
86
55
55
47
83
46
56
77
45
56
43
76
43
43
43
52
51
45
86
48
82
50
89
58
46
43
44
73
65
53
44
160
55
55
108
73
69
114
78
68
61
70
64
47
80
49
58
77
76
45
64
68
84
51
64
102
69
79
51
67
53
80
56
56
60
71
44
43
78
47
50
45
79
73
77
46
77
79
42
43
79
43
44
43
44
84
44
89
51
73
44
43
42
44
72
84
57
44
84
49
85
43
61
67
87
88
44
88
104
77
62
91
52
54
75
86
80
50
74
69
79
49
60
55
83
51
68
43
52
79
41
44
96
72
83
79
45
84
71
80
53
100
92
49
50
49
50
94
42
44
42
81
49
46
48
91
108
70
97
95
58
97
99
72
102
139
92
121
93
59
65
55
54
61
73
77
60
48
108
72
42
78
81
68
58
79
77
108
67
102
54
67
90
77
76
78
47
60
92
125
136
135
81
118
80
72
39
66
84
70
49
80
75
45
65
44
47
46
54
58
55
