193
155
207
199
192
164
198
197
186
190
209
218
153
178
188
220
199
186
208
195
187
186
195
198
168
281
216
157
461
235
212
217
321
306
206
179
225
191
188
152
207
206
158
214
210
200
179
202
195
206
187
211
189
198
196
204
200
209
182
199
199
204
191
214
188
207
207
181
193
192
194
205
190
176
195
209
220
208
200
196
197
199
194
220
203
211
202
203
198
210
177
208
187
235
217
177
263
263
238
254
228
245
217
244
234
222
208
190
193
210
188
204
193
183
183
210
190
198
182
215
200
219
199
201
196
171
143
193
199
202
198
200
185
209
183
194
203
177
185
199
250
190
187
179
210
215
189
198
174
190
208
186
194
180
192
185
147
216
179
198
186
181
156
159
215
216
200
190
199
209
203
199
208
196
204
204
213
188
189
208
202
173
216
169
179
201
167
174
138
186
199
204
170
196
210
145
197
209
154
177
166
191
199
158
196
184
224
181
192
195
145
174
200
206
202
212
222
189
198
204
188
198
190
199
171
169
199
216
191
207
179
188
189
204
251
211
181
187
157
188
203
194
199
204
194
198
157
205
207
198
166
224
206
232
145
215
197
216
195
200
177
195
176
211
194
218
209
199
208
198
195
192
184
204
182
200
206
177
190
177
186
197
185
202
210
195
169
174
209
202
183
209
183
166
189
194
178
184
206
200
161
199
201
183
179
188
191
195
155
201
247
237
232
234
252
218
179
181
199
189
197
196
194
185
172
191
204
197
188
184
182
200
195
198
201
185
241
223
196
196
173
182
191
187
214
194
217
195
174
194
211
199
240
208
204
215
184
176
192
204
227
198
246
214
195
191
191
212
200
169
187
173
192
186
191
202
170
197
211
230
189
186
181
148
201
206
215
208
188
164
209
177
184
193
232
218
273
234
226
299
230
219
284
302
304
258
230
270
234
201
188
207
213
193
189
185
211
209
203
167
179
172
186
169
194
176
185
203
211
189
208
202
194
185
159
182
189
169
192
161
187
204
185
184
193
165
153
186
191
189
200
193
181
221
208
208
201
162
164
188
180
189
162
190
182
187
193
171
179
202
177
188
170
163
180
178
166
174
178
235
206
180
215
173
180
184
190
217
189
160
173
187
169
176
201
201
188
245
206
199
207
175
165
150
161
161
192
192
186
193
186
213
238
221
209
188
182
185
201
190
211
177
148
200
209
246
205
209
178
214
188
202
181
161
204
198
181
216
218
188
204
148
214
179
163
176
159
218
195
184
218
169
191
179
189
177
194
177
165
185
195
190
136
139
186
196
180
194
179
165
170
163
189
182
184
182
188
185
182
191
165
187
176
176
162
172
200
200
220
214
210
224
237
203
215
252
112192
234
158
253
266
224
248
238
272
285
241
279
284
282
316
307
302
335
358
290
325
303
357
324
321
176
163
240
191
221
200
201
229
215
243
145
237
174
188
162
162
199
204
178
196
218
187
175
157
189
168
198
166
204
167
189
187
182
204
185
201
145
191
187
185
172
198
209
169
226
189
200
176
195
175
188
202
183
196
186
162
211
183
178
172
195
171
181
143
163
203
184
192
192
179
186
190
199
183
196
200
210
163
189
169
198
187
188
185
181
173
175
203
205
195
173
196
187
199
209
177
200
200
198
185
163
193
168
178
202
192
108
220
204
181
197
191
172
158
177
196
194
164
179
197
180
200
196
190
150
162
196
181
187
187
191
181
182
193
191
175
200
184
203
196
185
190
187
168
201
203
175
181
180
180
176
171
207
188
186
204
198
197
150
178
138
179
178
171
204
196
172
204
179
200
181
215
181
184
200
182
140
202
199
189
188
192
201
191
171
162
192
166
202
190
176
192
195
173
191
206
178
155
191
177
192
152
149
202
230
210
153
193
179
210
167
188
185
202
199
192
191
184
183
171
192
207
142
212
211
209
194
227
180
202
195
199
180
179
188
191
192
183
207
167
159
210
164
189
195
199
199
178
192
174
177
187
188
192
211
201
230
202
187
175
182
148
196
212
210
180
203
200
151
219
226
180
203
161
145
199
179
180
191
193
210
148
181
174
163
180
195
204
214
198
206
209
197
193
141
187
193
156
194
194
157
185
184
222
181
199
183
151
216
182
191
166
189
177
180
183
196
165
167
151
173
193
187
178
156
180
174
166
161
206
187
194
191
193
164
200
195
206
176
194
204
195
168
164
162
220
184
205
179
200
222
191
183
152
187
200
215
161
164
181
214
198
187
181
215
178
198
209
184
178
188
159
222
175
171
172
155
195
186
