48
48
42
46
47
47
49
43
74
51
75
57
55
74
58
51
62
79
43
43
41
40
48
46
53
141
45
53
49
46
48
50
51
52
337
84
58
61
55
43
85
52
41
45
47
77
55
80
90
48
49
43
59
48
54
69
41
93
64
42
77
49
76
54
47
74
52
76
53
55
78
87
49
40
40
47
40
85
52
46
67
50
75
43
39
42
72
68
51
69
46
46
82
42
42
46
41
75
52
49
54
52
50
47
43
54
48
51
45
46
54
43
85
47
49
42
49
42
87
43
66
54
51
52
42
68
88
51
58
43
42
62
64
72
79
42
44
49
50
83
52
44
92
53
78
80
43
51
85
42
47
83
42
54
41
98
43
58
77
89
58
44
50
42
48
40
50
43
43
82
40
50
43
49
73
51
61
41
77
44
55
43
54
48
46
53
45
52
39
58
94
53
44
45
93
52
51
61
45
45
69
46
46
51
50
47
45
47
50
45
49
45
53
69
135
104
60
183
47
46
53
91
45
46
47
59
65
78
46
49
49
80
48
57
47
61
89
86
59
46
54
51
91
45
60
58
48
83
47
54
54
54
45
53
47
55
69
55
59
46
51
53
82
56
48
105
59
50
88
88
45
66
54
46
89
87
54
44
57
50
82
43
52
50
45
43
76
44
63
73
53
92
76
53
86
43
52
41
41
55
42
49
49
54
43
49
160
85
58
46
44
40
83
41
49
40
82
42
47
52
68
73
41
74
44
42
68
43
42
66
42
87
47
40
42
43
44
61
53
78
48
43
40
39
45
40
40
46
41
49
32
52
73
43
54
48
52
57
72
42
44
49
93
80
48
59
54
62
47
48
44
46
48
81
47
42
41
52
55
90
46
50
52
48
47
42
78
72
45
76
142
46
55
99
79
47
43
48
56
77
47
72
43
41
92
59
84
45
49
48
49
81
45
40
71
71
53
92
43
59
44
41
53
43
61
43
83
50
44
41
57
57
43
74
47
55
73
40
85
54
46
80
53
54
41
52
75
51
49
45
40
47
52
49
42
72
47
44
53
71
50
74
73
61
49
53
68
47
43
40
48
48
58
46
40
40
42
41
45
40
39
64
42
50
49
47
41
67
131
42
44
44
42
44
58
52
51
45
42
53
46
64
55
59
52
52
49
59
52
81
44
51
45
63
44
43
43
74
81
50
52
46
80
45
44
50
47
85
55
53
56
56
58
51
46
54
52
61
43
54
45
46
48
71
53
56
71
44
79
45
47
45
51
49
82
42
44
51
50
53
52
59
45
53
43
42
54
42
42
43
52
48
50
54
43
51
46
50
58
85
43
43
48
42
86
46
42
53
48
74
50
42
41
44
93
63
48
42
49
77
44
47
43
45
85
57
45
42
35
60
59
53
51
72
41
42
50
57
53
50
72
51
44
48
76
53
42
45
100
94
40
55
45
84
45
51
51
63
42
42
47
51
43
47
43
52
43
40
63
71
49
43
41
48
51
62
42
52
72
51
43
78
70
41
75
82
53
49
43
49
52
72
74
51
44
80
55
42
42
61
77
38
46
41
39
79
40
59
43
52
43
41
76
42
55
47
43
47
46
41
54
50
47
47
84
43
47
43
53
61
51
39
47
76
41
47
39
38
41
46
40
41
72
72
60
47
73
69
51
48
42
49
46
56
54
44
51
41
81
40
48
49
46
53
41
49
40
79
82
55
48
73
63
45
43
59
74
78
39
41
42
42
46
43
48
46
77
52
51
55
41
58
46
50
42
50
53
49
52
61
51
73
44
60
43
51
63
53
51
41
42
82
41
82
44
48
77
50
52
41
67
47
41
51
85
49
50
48
43
81
55
54
43
42
40
49
42
71
40
50
59
48
72
44
50
40
51
72
41
42
42
41
66
82
51
40
68
68
57
40
43
43
66
51
58
40
48
44
49
82
80
46
48
41
68
43
47
45
81
41
49
47
41
46
60
49
91
60
44
40
48
46
81
42
47
41
40
48
41
63
72
42
52
40
56
47
43
87
49
44
41
47
46
39
40
49
89
84
48
42
45
73
49
84
41
48
40
54
61
68
39
55
65
41
50
52
47
41
59
66
79
44
44
72
82
49
52
49
52
49
56
40
49
49
50
43
52
50
83
56
46
44
44
47
40
42
40
43
81
52
57
70
49
42
69
59
43
42
41
72
49
52
50
49
50
56
41
43
44
44
41
49
43
50
49
40
44
41
59
85
44
52
76
53
82
42
71
42
42
42
44
86
42
48
54
53
83
42
42
47
