40
45
66
62
55
41
46
39
74
40
76
46
55
53
81
63
86
49
73
67
69
48
70
48
74
47
79
60
60
41
57
49
48
41
39
49
42
51
48
54
45
41
46
52
42
76
40
101
39
43
39
47
46
69
63
56
66
49
41
52
66
43
41
66
49
87
41
52
50
49
85
49
41
50
41
40
49
47
52
52
86
48
42
40
48
47
42
98
64
45
66
49
49
45
99
50
57
47
59
59
91
140
50
40
60
57
46
39
68
51
68
41
51
87
59
48
49
46
50
41
52
40
55
63
40
65
59
82
47
85
55
87
39
39
41
48
160
117
79
49
73
60
68
52
66
77
48
49
49
67
99
71
44
42
78
52
75
50
47
84
45
43
46
57
42
44
42
57
44
77
50
60
54
75
50
84
48
69
57
43
52
43
44
48
42
49
75
42
55
49
52
70
42
56
55
69
54
78
49
61
79
58
70
61
77
48
81
54
76
42
101
58
42
65
41
84
41
88
48
82
41
41
86
42
73
41
90
52
70
44
83
40
44
61
76
40
63
54
51
42
50
51
49
51
75
51
45
49
51
43
59
41
54
50
43
45
52
44
54
47
54
53
62
76
52
43
43
56
55
85
45
42
44
45
43
86
60
105
44
46
64
45
45
56
58
55
53
55
64
44
61
48
54
43
63
53
58
45
80
82
220
45
45
53
45
46
46
45
47
54
48
61
66
46
72
47
54
72
45
53
55
86
81
70
69
88
84
47
46
70
46
91
55
80
52
85
47
47
56
108
46
45
44
47
46
75
47
79
53
79
102
52
46
46
47
71
44
62
47
46
47
75
53
49
46
87
48
56
52
81
56
45
48
55
53
54
59
46
52
44
51
45
68
45
44
59
59
54
52
44
53
80
50
44
60
51
61
45
43
1484
78
49
76
70
43
55
62
43
88
46
76
47
51
51
83
74
80
48
83
50
66
56
52
43
43
45
41
52
50
41
79
41
47
42
43
43
51
74
43
49
47
66
48
44
51
44
42
48
41
53
90
55
56
47
66
55
92
86
83
42
46
81
47
40
46
69
41
46
81
46
49
43
53
65
47
81
39
43
42
58
64
49
49
55
45
52
65
41
56
51
66
48
52
69
47
49
49
53
48
46
50
75
39
68
50
42
44
41
53
39
76
42
40
41
75
49
76
46
49
42
68
49
66
42
75
50
42
46
78
39
42
48
41
84
40
44
42
47
42
41
43
44
50
48
80
40
52
50
93
42
86
38
52
43
78
50
80
50
41
47
74
48
68
41
54
41
81
53
67
55
79
59
75
50
69
39
64
43
54
73
62
81
48
39
41
56
61
58
43
41
49
54
46
64
67
39
64
51
53
49
45
50
44
52
40
70
42
97
44
40
38
41
54
49
76
41
61
42
77
48
50
50
77
46
73
44
78
52
42
49
44
49
40
46
43
63
41
55
46
61
40
54
62
43
81
73
55
59
61
60
52
40
66
41
40
40
53
58
44
77
41
50
48
73
42
54
59
51
58
57
45
56
44
56
40
48
85
69
56
55
68
41
72
40
50
47
42
83
41
82
39
39
50
48
51
57
60
56
57
46
56
49
49
50
62
50
55
53
49
52
62
61
52
41
52
59
53
47
78
49
76
41
59
40
52
41
60
70
42
49
41
73
58
55
85
67
41
54
50
42
40
48
47
40
41
69
43
76
63
43
50
60
66
43
52
62
71
44
50
44
52
41
88
49
73
45
71
74
50
68
50
45
46
77
41
61
39
54
45
46
56
49
48
41
71
40
42
51
53
48
58
56
78
58
42
53
42
43
47
54
41
58
48
65
52
56
47
56
42
44
41
40
56
40
76
64
78
49
47
39
40
68
43
67
40
75
45
43
40
59
42
43
40
54
48
71
50
72
56
45
81
43
56
48
83
50
42
52
40
46
54
57
51
44
52
60
72
70
49
42
69
93
42
78
45
55
44
57
90
53
46
52
53
66
51
60
50
52
72
44
43
51
73
44
61
62
50
49
44
42
74
43
55
44
80
46
51
43
51
44
53
42
54
84
42
78
52
67
46
46
42
64
49
83
42
43
51
72
47
88
47
42
41
54
66
48
69
60
54
40
76
43
52
43
53
60
68
44
42
59
44
50
44
49
54
43
76
40
42
41
40
50
50
79
41
85
58
51
61
47
63
74
73
51
49
51
52
82
42
57
41
42
51
60
39
52
40
52
43
75
41
89
52
44
63
53
50
94
50
89
46
76
50
50
49
41
66
41
47
51
