286
348
212
233
262
237
203
178
236
307
335
340
301
304
226
197
177
165
161
191
153
173
169
171
202
201
171
153
173
159
167
202
188
195
178
226
176
170
190
149
199
168
174
206
175
162
158
170
194
150
206
192
163
163
164
217
230
150
172
174
162
185
204
168
198
168
204
180
151
178
182
176
153
164
163
166
213
200
210
183
162
164
187
180
193
174
211
202
186
160
200
198
223
175
168
165
188
187
187
218
162
197
179
175
158
183
165
199
205
212
167
188
206
185
191
196
164
217
199
223
202
220
180
205
180
209
205
167
194
212
203
155
181
172
198
170
288
192
182
196
164
173
189
218
204
167
170
171
218
291
244
407
289
200
260
231
148
211
200
213
164
163
210
206
222
192
211
213
187
411
205
163
162
197
184
162
174
185
198
170
160
225
169
182
209
189
155
241
208
201
160
179
171
192
183
213
191
174
271
212
203
190
191
197
217
203
198
198
217
170
189
180
193
176
189
201
204
184
206
168
193
192
168
180
250
203
235
222
234
247
212
185
203
174
201
188
209
191
170
184
185
176
181
171
275
290
432
539
296
428
226
314
171
263
172
320
197
181
244
196
202
168
223
176
205
171
162
172
204
212
198
203
166
195
190
204
173
204
213
190
171
170
198
221
202
195
215
191
236
273
178
204
181
198
182
198
177
206
193
218
179
228
248
232
207
158
188
200
159
221
179
222
213
215
198
180
240
187
226
229
191
192
225
226
182
202
214
241
253
204
188
191
195
187
228
189
235
211
197
182
212
208
203
326
219
215
204
220
230
216
189
238
211
222
214
182
210
192
177
207
209
255
280
187
188
231
196
181
178
267
209
215
217
247
219
255
243
256
221
262
203
249
225
224
226
197
242
205
221
208
249
220
217
205
225
221
199
213
213
226
214
238
209
201
325
215
203
217
195
226
209
219
274
231
205
244
244
225
231
201
237
217
209
222
207
205
213
263
201
227
209
222
258
191
223
231
255
219
202
240
224
239
206
218
250
212
209
198
246
226
275
207
208
216
236
248
210
209
210
209
210
242
509
219
251
225
224
208
217
218
208
219
226
225
255
232
262
229
217
254
217
214
267
207
209
210
284
252
217
248
232
207
211
247
242
226
217
248
214
217
215
234
304
221
219
301
280
357
386
326
366
320
358
291
298
221
237
241
205
215
228
244
227
255
206
220
222
247
246
205
220
213
197
220
217
238
258
241
235
211
210
215
208
214
243
237
342
193
250
265
221
236
242
209
224
258
235
208
258
214
272
387
244
238
250
206
225
229
231
225
309
224
259
273
217
271
242
209
206
203
212
245
287
250
219
259
219
201
213
210
281
200
252
208
242
217
222
224
263
366
203
217
221
224
224
292
207
225
207
226
225
200
251
235
201
210
208
290
217
257
221
245
251
222
206
238
237
203
262
271
223
233
207
296
201
249
278
333
403
424
241
299
362
295
327
264
242
269
324
198
232
220
204
270
244
176
180
247
332
176
167
173
240
173
204
161
177
204
189
207
184
215
273
185
186
159
220
167
440
212
226
179
182
234
247
198
182
240
192
182
171
190
169
193
226
237
191
221
208
222
188
178
531
161
193
184
231
185
193
170
197
184
235
187
176
233
230
191
220
248
192
190
185
318
203
189
239
184
181
180
218
161
180
234
223
227
182
184
213
185
217
190
241
171
218
217
182
180
223
174
191
174
232
227
175
182
231
156
159
175
174
195
157
169
226
183
201
178
185
169
239
237
300
273
312
169
219
218
167
193
176
147
218
202
174
180
178
175
171
200
170
162
170
173
174
169
177
215
156
174
163
199
215
166
235
172
202
177
174
181
168
162
220
221
173
175
200
173
172
180
178
201
172
195
178
173
197
178
313
297
288
350
285
338
225
215
205
171
223
146
216
170
217
158
188
177
223
178
206
180
172
178
206
170
201
170
157
159
170
163
153
208
206
164
168
162
145
219
161
224
154
164
185
201
162
153
162
208
205
181
168
212
169
171
154
165
155
178
161
210
168
173
157
171
170
183
178
218
176
175
155
178
167
216
169
175
172
234
212
163
175
170
209
172
225
213
169
167
214
171
173
175
208
169
218
171
235
160
185
176
167
171
165
236
216
210
167
179
154
227
164
213
174
200
170
170
164
223
152
228
159
174
153
217
176
217
168
169
173
180
169
180
179
202
167
156
215
224
167
172
169
160
170
165
197
168
157
175
199
177
181
152
186
164
172
176
211
189
160
174
160
166
175
153
204
170
205
170
175
159
