195
217
186
254
204
234
207
241
202
223
203
199
217
231
202
209
206
199
194
233
197
241
201
218
197
203
209
209
222
261
197
214
205
205
210
210
204
195
206
186
199
179
160
168
163
170
165
165
169
158
191
172
169
169
177
179
167
165
173
227
176
179
372
217
177
188
175
245
188
171
179
313
209
184
186
184
167
188
180
185
185
184
251
189
181
226
210
247
247
239
204
234
185
180
226
204
184
174
173
190
218
187
184
246
226
244
182
184
175
181
205
211
189
215
172
214
183
226
182
253
183
166
254
269
174
193
190
181
173
202
207
178
204
184
192
217
211
171
162
179
205
398
197
194
318
205
179
243
260
185
200
191
202
283
224
184
239
231
261
190
259
205
206
198
197
240
179
431
182
193
197
194
213
188
322
234
270
248
185
184
190
210
172
249
184
186
175
232
203
172
209
179
205
175
197
195
174
171
209
218
193
189
176
190
166
163
180
178
230
168
187
276
199
306
299
225
194
288
239
311
246
181
198
179
197
187
188
184
232
180
172
258
184
194
280
170
272
179
192
180
186
186
174
188
303
178
202
205
187
166
202
186
172
197
200
197
225
168
190
165
183
201
176
199
166
197
190
179
184
190
166
175
182
194
179
206
322
187
243
189
197
193
198
226
181
226
204
183
312
188
226
181
198
183
179
174
192
186
179
203
196
181
177
252
171
274
187
179
199
171
189
182
183
177
194
180
195
165
181
198
364
180
188
184
170
316
189
173
204
209
296
179
187
258
250
184
227
251
198
188
255
167
160
166
169
171
169
203
193
177
161
203
185
204
170
175
172
173
167
175
182
189
166
180
280
209
208
179
194
167
163
169
193
180
236
244
179
237
166
162
156
162
172
270
163
166
189
158
174
159
161
168
159
160
160
178
151
162
177
174
182
177
158
157
172
170
162
183
156
165
181
166
161
180
175
184
159
160
159
182
217
164
153
157
162
182
182
164
168
159
185
158
182
156
164
162
166
164
177
179
166
169
164
155
164
158
173
182
191
213
224
159
153
193
190
159
197
154
161
160
201
183
153
160
175
154
187
167
180
189
208
160
163
168
165
152
158
174
149
160
156
181
158
157
166
160
182
165
153
181
168
167
174
162
205
171
170
198
176
197
169
236
167
170
172
235
220
162
164
232
161
166
162
205
173
223
199
159
178
191
174
162
189
214
166
228
172
223
210
199
161
159
197
227
168
160
190
171
178
159
225
156
211
185
166
168
224
160
243
169
232
161
220
174
161
161
213
161
161
171
198
180
160
168
229
168
157
191
206
220
156
201
202
166
201
170
194
233
172
184
169
160
191
160
163
168
161
160
203
160
175
175
214
161
162
244
186
231
175
164
182
159
194
167
218
187
189
161
252
159
198
165
190
157
155
181
242
160
166
171
170
155
166
160
156
161
163
155
165
158
207
167
166
180
187
160
187
161
193
188
163
233
161
201
170
215
156
170
159
269
190
166
175
162
180
199
209
213
177
174
182
191
173
179
185
221
205
229
256
271
227
184
182
195
218
188
182
190
222
175
188
165
156
192
201
205
182
169
178
205
185
180
166
166
173
200
198
177
180
181
216
164
193
180
196
210
193
210
216
178
209
200
159
188
173
178
214
334
194
184
194
208
230
180
194
188
167
191
184
176
201
242
261
170
236
201
179
205
163
271
262
173
198
237
186
189
176
165
207
192
178
215
210
197
181
190
161
173
174
170
181
179
163
165
179
218
202
192
190
194
166
201
211
228
172
203
197
168
196
161
166
198
220
203
200
177
224
186
164
194
207
212
188
186
221
204
171
179
228
222
191
201
190
170
181
217
222
228
176
173
218
180
178
166
190
177
206
240
188
207
212
222
210
191
219
208
226
189
230
183
215
188
237
217
204
193
224
186
175
218
189
200
227
209
224
200
202
233
242
252
1237
203
222
218
206
214
225
216
220
193
204
189
204
204
204
189
189
188
193
218
213
180
216
206
206
214
221
194
216
205
223
194
203
184
209
201
196
196
213
590
204
200
201
214
196
237
215
211
198
218
203
186
200
220
180
206
209
196
208
200
233
203
208
212
220
188
217
182
202
216
184
189
213
189
211
202
225
196
203
205
218
203
221
208
200
213
188
202
211
215
217
205
207
207
195
195
213
213
229
207
214
188
214
218
197
202
187
209
230
182
215
214
204
206
199
203
184
212
213
206
191
210
889
199
225
184
207
208
200
220
241
190
253
205
196
191
228
176
180
165
221
192
176
198
229
189
205
185
223
186
