168
174
175
209
179
223
236
225
194
225
180
178
210
194
174
167
233
169
176
178
206
181
177
167
171
173
168
172
160
183
169
249
207
188
174
215
223
179
170
180
177
227
177
172
187
166
215
168
189
183
162
171
183
239
166
182
171
211
176
222
169
183
205
186
185
170
218
217
202
161
178
221
194
175
172
222
227
173
198
169
182
172
218
176
175
176
153
258
177
170
168
248
155
299
189
179
194
217
175
203
193
184
229
215
169
182
223
171
321
197
192
190
214
227
238
187
191
188
217
182
202
357
233
180
205
197
163
221
190
192
207
182
205
182
208
203
345
201
173
209
250
234
201
228
359
219
229
245
215
264
281
289
208
234
230
271
220
270
237
271
313
344
223
259
326
204
218
217
233
408
226
231
227
278
225
231
284
250
236
230
250
911
227
236
223
229
246
243
234
234
261
223
394
235
226
223
221
231
215
239
215
247
208
243
207
208
199
224
234
223
221
215
207
217
220
198
220
231
219
277
216
225
438
206
221
249
210
224
216
221
254
225
243
246
205
208
241
227
191
251
208
202
235
231
204
294
234
252
221
231
227
221
367
208
227
233
217
267
222
394
231
214
235
268
287
247
217
226
210
289
232
222
282
223
248
248
222
212
244
252
232
219
197
201
253
188
354
229
271
179
183
195
186
248
173
268
177
204
208
173
175
185
243
208
184
194
183
175
176
189
195
182
261
247
180
188
432
190
181
194
181
243
186
187
193
193
239
180
173
200
189
242
192
326
200
338
197
248
178
170
177
199
171
189
232
177
193
200
201
202
189
251
196
190
184
254
206
213
206
200
180
279
199
195
174
181
229
190
269
216
229
181
222
182
234
220
182
167
177
263
192
178
305
185
206
183
190
157
172
236
217
177
186
180
225
166
234
177
250
173
184
170
228
187
239
167
173
163
217
172
229
186
166
168
239
172
235
172
249
166
185
197
218
261
190
162
276
164
161
167
209
241
170
184
206
169
219
180
179
162
166
291
201
157
203
194
220
166
194
219
222
195
187
250
193
171
171
182
181
181
160
201
205
208
208
172
229
159
208
171
218
190
223
177
183
223
208
232
221
158
225
226
198
178
231
234
221
222
202
236
209
206
178
253
179
184
224
195
165
173
168
166
256
171
227
164
236
216
220
171
186
187
224
183
239
172
220
168
167
165
229
165
176
165
193
199
188
174
169
216
215
202
190
205
196
168
204
165
180
212
198
215
204
173
202
225
224
213
199
169
182
167
180
165
172
163
176
166
170
193
183
209
170
208
193
210
178
213
168
164
228
204
161
203
174
167
176
190
179
222
195
182
168
221
171
203
205
168
163
201
209
208
205
197
202
194
204
184
190
211
187
200
236
240
244
231
205
222
207
216
202
248
246
222
207
217
236
210
221
220
192
204
203
210
211
252
229
235
232
247
227
224
227
195
187
203
237
233
214
208
215
207
221
205
232
196
205
239
293
223
189
205
239
217
183
205
242
200
202
188
204
204
206
210
182
223
212
181
197
200
195
189
189
199
203
206
201
193
211
195
214
231
185
223
260
203
205
216
209
252
208
219
235
196
227
216
235
187
174
182
190
230
239
252
225
232
195
243
195
193
213
202
213
203
234
198
235
198
232
194
214
201
191
194
220
207
203
205
205
193
197
207
197
182
206
232
193
187
209
212
215
227
202
206
178
237
211
210
235
197
212
191
203
196
251
166
173
177
182
180
225
193
179
208
203
215
196
169
175
198
168
190
196
209
188
201
189
195
161
207
187
193
170
196
180
169
164
231
176
201
186
177
190
179
206
165
179
199
175
166
180
165
154
181
181
174
206
182
186
171
213
190
183
168
211
189
167
177
194
226
167
184
194
188
203
193
177
209
171
184
171
178
193
170
182
170
177
199
208
176
178
178
169
183
203
172
194
201
180
167
176
178
189
194
193
174
192
186
180
186
191
178
175
321
204
170
186
187
184
191
191
184
190
177
171
205
192
168
175
180
206
189
177
210
196
216
178
181
178
180
257
193
184
224
186
202
230
183
173
180
213
189
218
171
182
186
211
189
180
223
183
176
167
199
196
213
211
203
214
205
227
222
212
221
229
213
257
214
201
230
241
219
216
222
224
224
244
200
197
214
225
220
214
208
236
249
230
207
231
215
218
226
213
220
208
210
224
201
203
200
215
208
210
199
209
216
225
206
199
210
224
235
213
211
216
201
220
206
226
229
208
206
220
216
216
204
220
213
217
221
221
218
200
223
233
229
200
215
226
209
