193
168
183
200
215
144
155
156
158
158
153
150
223
213
151
152
217
229
173
146
152
211
153
159
216
170
168
159
154
165
179
195
156
150
152
143
349
145
141
161
159
146
141
155
157
152
142
158
561
157
135
146
148
156
160
158
168
218
176
163
163
155
168
159
174
165
153
177
169
162
153
163
167
168
163
168
171
167
158
397
165
162
175
223
169
162
238
165
166
164
222
160
170
213
184
156
163
166
165
156
170
191
163
164
163
163
172
165
163
166
173
166
180
272
175
155
167
172
165
185
170
167
163
177
181
165
172
313
156
165
188
167
191
254
181
177
171
184
158
249
217
339
185
160
234
181
171
179
167
247
189
270
186
165
222
158
158
168
224
251
250
172
166
183
168
217
215
150
151
151
156
212
145
158
167
145
157
153
147
146
150
157
150
162
160
143
218
232
216
148
142
213
153
141
179
212
152
143
219
235
152
134
143
149
157
153
160
139
219
152
155
198
158
142
146
138
147
146
161
222
143
158
144
172
218
142
140
174
139
161
198
145
146
147
208
147
148
145
151
145
142
151
164
170
213
149
164
162
148
148
142
142
161
153
158
145
211
137
146
152
202
146
144
204
155
146
142
149
163
165
148
166
194
151
146
145
146
140
145
143
148
212
176
160
160
161
171
169
226
156
166
161
153
361
151
164
177
227
150
171
161
221
150
158
224
224
150
154
238
213
153
160
237
165
154
152
225
168
153
224
153
159
164
157
155
148
158
168
167
165
174
192
158
154
157
161
160
174
170
216
154
154
176
150
172
148
177
160
143
145
170
225
183
153
162
155
251
141
156
191
152
156
175
164
159
159
151
166
159
224
157
156
154
150
154
166
172
159
150
162
173
158
154
160
162
167
159
177
158
191
165
154
152
158
157
221
158
157
237
155
157
170
147
158
152
227
155
168
170
149
159
153
171
181
176
167
159
163
165
158
165
156
174
154
156
221
167
157
159
179
159
163
174
159
175
148
148
159
168
158
165
190
171
164
180
169
171
158
160
154
216
163
168
171
168
172
168
158
177
178
192
160
202
229
163
176
170
171
160
169
213
163
154
177
210
155
172
229
174
180
242
236
161
153
158
166
154
172
168
158
175
158
241
169
149
178
172
173
164
188
164
163
162
180
155
159
186
235
169
161
171
169
173
184
225
183
173
163
157
181
160
161
176
188
168
167
243
232
172
168
163
168
244
232
192
162
173
183
184
173
228
166
160
164
182
168
176
179
165
151
240
159
163
164
181
169
171
225
163
171
245
227
168
185
248
163
165
162
162
161
181
161
163
159
174
175
174
171
175
193
165
170
173
163
232
160
165
164
185
166
238
167
165
164
233
166
207
175
166
172
254
539
170
185
200
180
234
198
178
182
169
167
171
187
179
256
184
174
187
180
174
170
393
177
170
223
171
169
160
178
181
463
170
175
176
172
175
165
182
169
187
164
164
166
185
169
197
176
175
188
220
163
164
179
175
162
175
214
169
201
191
190
163
180
176
176
172
195
207
184
170
176
160
164
168
170
159
168
166
162
158
160
198
170
165
183
155
155
173
220
166
168
161
189
203
169
154
169
155
172
161
149
164
156
155
152
225
154
153
149
143
158
219
158
157
150
152
155
167
147
155
156
168
153
162
147
169
218
154
154
147
165
154
159
156
149
147
166
183
147
136
200
148
158
150
199
141
139
170
206
152
141
143
145
152
164
164
160
163
151
150
148
159
150
142
143
143
184
150
146
196
206
144
202
141
160
215
147
137
145
156
153
140
168
142
145
202
193
143
143
198
143
143
151
149
146
142
149
159
140
147
158
186
145
138
139
159
155
142
187
156
154
156
143
157
155
146
166
168
140
149
166
188
162
145
152
151
149
144
141
142
194
153
161
150
175
147
149
157
191
178
137
150
232
162
144
149
182
138
141
141
139
192
146
138
129
189
139
153
130
139
138
135
139
153
138
145
146
141
132
231
155
135
138
161
136
142
137
131
153
169
158
198
146
136
212
162
135
144
134
171
133
135
135
137
124
132
133
135
136
149
252
194
141
142
205
138
151
145
135
142
151
154
147
147
145
143
151
137
146
149
139
144
164
142
157
146
158
213
139
123
163
154
145
142
141
138
147
160
162
139
214
142
153
156
150
150
155
173
156
212
155
163
141
203
166
141
147
153
163
164
223
171
164
152
188
159
149
143
146
179
147
158
174
142
149
146
146
144
149
162
146
144
144
193
153
143
148
147
142
162
158
139
197
190
151
174
191
189
174
