208
205
140
147
216
187
220
227
141
139
218
152
203
142
207
205
162
225
918
135
236
190
202
139
144
203
215
144
230
205
134
211
194
155
139
229
205
147
186
166
258
172
252
160
152
226
154
139
149
161
162
304
152
132
218
134
185
208
191
131
199
204
219
198
157
149
228
160
151
273
197
224
200
139
203
136
158
208
201
140
206
199
204
206
133
137
149
151
200
207
150
136
211
146
219
154
189
219
285
234
137
215
212
140
211
206
262
195
151
137
204
139
139
196
138
149
140
145
130
149
131
132
126
179
137
151
215
153
145
158
167
139
139
137
147
139
151
134
139
154
140
141
166
205
137
148
149
161
258
311
196
307
220
147
155
156
153
148
207
135
152
139
137
147
214
135
138
213
163
156
262
192
329
195
272
161
188
163
215
149
139
153
143
146
212
159
142
198
148
143
156
180
245
226
200
142
178
171
154
138
208
152
187
154
137
214
159
143
205
160
140
158
158
145
222
133
141
189
148
151
211
145
141
263
173
194
157
179
190
165
158
191
166
189
148
149
193
209
197
197
135
155
152
159
204
155
146
207
150
139
160
153
155
140
146
200
183
140
185
155
158
158
192
149
151
149
152
153
187
165
163
145
149
159
202
155
160
185
143
144
153
153
167
197
175
152
194
154
163
155
143
161
175
146
147
207
160
163
144
165
192
209
244
161
242
177
2064
215
240
204
251
204
205
134
156
206
143
168
200
144
143
202
138
135
151
152
136
209
146
141
157
149
161
209
167
152
147
141
169
220
149
132
209
152
135
140
154
138
204
140
169
193
148
146
212
155
157
196
151
146
216
143
173
196
145
142
157
135
144
169
162
146
215
252
219
155
157
151
144
139
141
141
137
142
155
147
144
161
139
139
151
153
146
212
187
245
150
127
138
148
206
194
153
208
137
166
192
137
160
152
139
135
198
147
145
176
146
139
213
146
164
139
140
158
215
143
160
216
145
143
145
146
146
213
144
140
142
164
147
218
149
143
209
143
236
143
142
196
156
145
214
147
146
204
199
153
225
162
153
153
213
190
135
146
211
210
214
146
165
144
162
201
187
146
151
141
142
149
211
142
157
156
142
153
143
154
156
148
146
137
133
158
153
148
227
143
146
154
148
160
205
139
145
158
150
164
156
161
144
163
152
159
137
148
152
144
172
143
142
162
197
159
201
162
207
227
191
141
170
139
210
208
146
145
157
152
209
163
153
148
159
173
203
152
164
155
148
162
197
180
217
209
162
151
150
192
147
214
150
146
148
220
200
177
154
165
198
142
217
215
159
158
142
165
180
204
149
136
206
164
149
145
148
171
219
152
219
198
142
147
165
139
210
206
155
143
142
142
168
145
151
173
150
147
144
157
152
147
139
147
161
141
149
151
183
214
155
143
216
203
147
164
144
164
144
202
141
215
169
141
158
143
149
196
149
141
220
163
152
146
165
166
204
156
187
214
158
147
154
161
135
224
152
158
147
161
203
200
145
154
154
156
158
212
146
142
213
161
152
153
161
149
211
139
144
145
230
203
132
159
252
147
211
144
143
155
151
159
143
145
146
137
144
145
166
161
180
177
219
146
230
145
204
143
137
196
156
158
162
146
145
197
151
143
151
145
208
208
158
143
155
143
186
172
147
149
208
158
158
145
144
231
144
149
166
147
159
217
147
154
220
139
159
218
167
209
156
144
147
148
215
157
146
167
152
152
161
144
234
169
159
246
178
150
144
217
141
158
161
149
208
138
145
164
170
141
149
215
161
141
214
198
144
148
140
159
146
140
146
136
208
160
152
162
145
151
208
162
253
186
199
197
207
164
143
159
160
151
157
219
177
153
128
139
151
205
160
159
166
143
140
143
146
211
137
142
156
219
134
154
213
139
146
158
153
143
219
263
150
147
148
147
146
143
141
155
151
148
143
160
218
164
141
217
145
145
201
155
158
160
163
152
208
150
147
140
139
145
146
144
206
206
148
171
213
147
142
146
213
161
227
164
154
152
224
210
210
155
160
244
179
192
148
142
158
152
150
179
158
152
178
144
150
196
137
203
136
163
143
146
145
195
190
145
138
162
159
194
137
144
137
147
143
211
149
155
144
144
156
184
158
203
200
149
191
194
142
289
151
201
131
142
157
204
167
181
152
147
146
198
143
185
152
141
147
146
151
198
184
156
182
165
184
200
152
145
155
157
148
155
184
144
152
208
161
188
187
189
232
186
240
182
229
138
230
230
151
148
162
136
148
200
135
139
203
192
155
151
144
150
