141
151
150
155
135
170
152
127
158
128
142
144
138
123
131
163
185
170
211
182
183
154
177
179
137
192
164
151
221
153
173
190
169
169
176
178
155
156
152
130
156
128
153
114
144
147
153
105
137
99
139
127
173
158
153
123
174
135
147
130
115
141
155
191
164
157
117
139
168
155
147
122
107
138
145
136
147
171
158
161
180
165
141
107
122
175
126
139
138
118
129
155
154
149
135
118
145
121
151
144
135
111
127
124
148
127
105
157
145
168
148
171
156
115
147
154
154
115
123
119
135
143
123
176
141
160
135
145
139
144
158
141
141
148
115
151
153
129
122
145
159
130
160
145
136
119
129
148
120
151
137
153
116
142
118
94
142
138
139
111
135
145
139
175
161
128
194
173
173
181
154
154
219
201
187
194
222
219
192
196
152
206
140
209
191
159
180
190
183
167
163
131
154
169
152
131
161
127
112
185
202
198
238
242
263
194
236
243
204
167
158
239
162
242
257
202
246
208
236
149
150
189
177
177
162
173
124
209
182
153
175
169
163
154
117
158
175
148
130
161
160
131
214
133
186
199
161
150
179
129
162
161
150
171
146
155
155
149
130
145
158
150
127
133
147
138
136
109
149
140
121
110
155
150
149
149
140
141
158
156
148
119
186
124
129
152
210
184
158
156
134
151
181
152
148
155
106
123
169
106
161
150
103
163
163
129
168
115
142
116
147
145
134
127
127
122
149
139
124
146
132
140
122
148
157
151
154
136
150
152
136
121
149
126
160
142
144
146
138
137
111
154
153
112
143
139
143
141
138
146
146
147
158
117
199
172
176
158
179
212
215
202
173
165
169
151
131
129
133
148
154
115
130
188
190
191
186
154
205
161
134
157
159
153
116
121
122
122
123
117
116
166
163
156
135
147
119
139
140
142
150
141
140
203
154
121
172
128
150
163
146
180
166
147
157
149
141
138
136
156
149
148
146
139
121
135
137
167
146
163
171
147
149
147
128
180
165
145
138
146
154
123
163
133
145
157
141
153
140
151
139
156
162
143
171
146
144
151
114
166
119
125
144
152
153
165
141
135
160
142
135
144
145
137
149
137
145
139
128
122
148
158
162
147
144
149
147
171
147
150
152
156
142
149
129
139
145
146
146
118
131
157
153
159
116
127
118
120
145
141
158
144
164
154
140
173
101
156
118
163
149
153
112
155
143
141
152
150
175
160
124
144
110
110
98
133
124
191
160
119
146
159
172
147
141
155
142
132
114
113
166
154
102
115
114
154
146
139
142
143
160
167
142
146
143
149
145
142
146
145
108
158
122
115
184
123
142
153
128
114
159
130
189
171
130
198
218
171
160
143
158
144
178
178
156
148
147
181
116
145
145
136
117
126
146
146
145
144
148
129
138
122
161
169
155
164
160
121
168
145
111
121
149
156
140
131
156
150
155
400
304
197
185
178
175
177
173
157
157
139
164
151
138
221
172
226
169
146
136
156
156
189
135
147
124
132
145
173
148
193
156
150
152
173
166
171
159
168
174
165
157
163
129
118
155
113
158
130
164
155
160
130
155
116
134
145
113
144
147
117
159
131
111
153
154
172
159
162
155
147
156
117
125
158
151
147
134
142
169
163
149
165
152
146
125
150
134
172
135
136
131
132
128
149
148
109
125
146
142
152
129
139
120
109
145
133
147
153
104
169
155
114
105
143
137
133
142
134
116
183
147
146
138
128
155
158
105
137
124
137
163
135
128
143
145
142
133
144
140
140
144
165
122
118
160
140
143
110
122
127
150
161
122
159
184
118
147
125
132
151
143
144
129
127
128
132
152
146
147
123
143
133
129
148
158
119
151
128
155
118
133
143
122
180
156
128
161
153
122
125
126
142
141
164
143
128
140
139
145
130
134
136
124
144
152
123
134
122
154
141
149
169
161
125
119
129
144
157
124
128
144
147
136
143
132
142
156
145
143
141
129
138
137
142
146
143
126
149
127
149
103
132
112
127
140
126
128
140
135
134
106
151
116
155
145
169
125
141
127
155
140
143
161
127
142
120
122
131
125
123
156
173
125
159
111
152
142
142
137
158
128
141
139
141
119
144
184
140
165
128
112
119
166
158
140
142
139
142
155
124
138
152
138
103
164
120
150
124
136
118
128
136
119
113
118
154
137
127
143
132
144
146
157
127
130
162
142
144
144
152
141
135
137
101
160
127
118
118
139
108
167
129
121
156
131
133
162
153
147
132
129
129
155
148
119
153
117
121
124
152
149
160
121
120
140
126
145
159
161
144
