214
262
219
220
195
231
199
241
225
219
210
202
278
189
197
187
209
211
227
234
225
222
191
197
220
209
208
217
185
194
224
225
196
203
203
215
257
212
218
234
206
213
216
187
204
229
248
213
190
210
207
190
193
214
208
210
215
205
213
201
207
203
297
214
226
212
261
197
203
233
208
178
268
211
224
214
243
238
609
234
193
196
243
285
259
205
218
227
217
229
197
212
301
213
356
281
202
241
212
207
234
228
214
227
224
230
209
227
233
228
237
228
218
207
216
250
269
216
253
230
226
222
210
205
200
218
347
210
227
213
279
222
270
222
220
208
235
369
230
198
4468
206
192
269
195
204
195
208
220
222
213
267
234
259
232
203
226
233
1218
238
227
194
230
223
313
233
262
266
223
274
246
249
250
229
197
248
290
215
269
267
344
228
328
277
234
211
235
217
244
218
266
214
241
252
217
261
229
214
248
219
218
308
240
253
308
242
203
215
216
200
235
224
203
208
374
205
283
186
213
243
233
212
209
207
255
194
204
196
203
229
233
241
284
260
209
265
209
269
192
210
244
192
248
312
211
216
209
279
286
213
278
268
235
242
267
230
248
258
282
244
193
269
280
292
230
213
267
257
258
241
264
186
213
223
218
222
230
209
268
259
198
247
204
193
231
228
191
210
247
195
190
193
266
196
194
194
188
197
247
215
202
253
195
223
237
262
194
228
187
278
197
230
200
212
207
214
215
178
258
192
197
201
187
192
244
185
211
236
215
236
178
201
192
188
192
226
195
188
201
250
243
268
183
180
188
248
235
249
193
219
174
224
185
223
197
194
206
202
208
226
208
190
234
199
230
222
251
337
191
207
244
168
178
186
252
168
203
214
212
229
244
175
193
182
179
241
206
204
190
252
223
194
219
240
236
221
172
183
237
216
257
218
513
265
239
250
189
202
185
251
340
199
213
207
182
178
249
268
198
175
215
189
191
172
163
203
185
183
182
193
179
192
207
188
223
194
191
235
313
188
203
225
237
185
203
192
212
174
197
186
186
213
188
186
189
199
197
198
180
188
201
226
168
191
192
230
196
201
177
193
199
226
265
198
193
258
301
282
287
178
258
215
181
202
205
175
232
218
198
250
242
190
221
189
223
200
159
196
222
191
213
207
204
206
203
196
208
218
208
206
207
223
374
193
343
211
199
189
213
266
346
221
203
206
236
207
206
210
192
212
1056
224
209
212
225
203
259
194
254
199
238
193
226
191
270
197
217
232
222
203
184
189
215
203
202
253
193
212
187
210
201
189
197
180
177
246
195
181
193
236
202
185
175
219
182
231
192
204
205
203
217
199
205
201
201
199
192
195
206
183
179
198
236
202
242
192
227
182
200
223
229
212
214
208
210
242
270
196
206
189
203
210
221
194
207
222
233
204
248
182
195
206
196
194
224
197
214
204
194
208
224
207
214
308
247
223
203
174
186
210
193
191
207
220
202
202
212
214
208
217
215
209
234
217
203
259
325
182
432
185
206
197
197
218
207
203
192
249
235
198
200
214
206
223
238
188
216
193
199
193
211
319
232
240
258
284
186
226
214
279
270
242
194
379
214
233
199
292
314
200
207
212
189
199
211
201
210
220
211
250
236
197
192
189
290
220
189
315
216
193
200
220
217
207
216
215
362
263
336
323
292
240
234
207
301
210
228
205
267
198
229
218
301
285
217
190
269
245
195
216
217
275
190
191
210
230
233
191
229
211
311
229
266
223
242
228
225
226
240
223
246
208
231
227
222
305
243
226
211
205
279
228
207
228
197
213
227
216
323
260
198
246
211
287
215
246
222
226
219
234
215
237
211
249
192
216
218
196
223
214
225
219
212
226
206
206
224
223
257
216
271
242
240
219
216
173
230
205
207
208
218
220
231
206
210
215
224
200
205
202
213
263
191
229
211
198
202
210
199
209
207
244
212
196
225
186
207
194
180
212
226
212
199
206
209
213
300
213
206
214
208
292
208
236
220
172
228
215
196
200
206
200
214
195
368
236
212
220
204
256
241
180
192
220
182
200
198
199
188
206
204
207
202
268
194
189
206
208
233
201
306
187
231
280
182
208
207
178
232
187
204
165
245
211
244
189
231
209
219
204
221
238
252
216
228
248
208
166
243
176
341
182
260
211
219
229
221
223
269
230
253
300
227
211
234
203
215
220
212
224
215
227
165
219
255
208
320
302
244
226
330
210
207
294
233
359
211
195
241
239
236
225
221
217
210
223
230
217
219
228
204
240
237
217
254
234
304
234
305
206
