160
215
134
154
217
123
141
205
131
133
149
134
141
219
136
131
157
139
192
186
129
132
133
149
193
200
161
122
149
127
208
216
195
161
143
198
175
214
148
135
154
137
140
128
133
144
131
141
139
125
161
205
213
130
201
202
155
187
350
315
165
260
133
292
253
178
192
175
204
143
201
136
133
141
132
150
202
149
131
136
138
139
140
131
152
131
158
161
140
135
217
131
187
134
149
135
187
143
150
142
149
210
142
150
212
140
143
210
212
135
140
129
142
131
214
144
210
135
133
149
159
202
137
139
147
213
195
140
219
143
153
208
145
167
173
215
205
148
121
154
137
133
133
155
141
140
135
168
134
146
154
131
129
142
156
129
137
151
139
133
133
143
182
132
140
136
148
191
137
132
138
171
133
208
143
133
168
161
136
214
153
135
161
148
135
133
139
148
209
153
139
132
135
164
204
135
137
134
132
188
144
135
128
218
133
216
136
142
140
200
138
206
132
137
130
203
137
137
130
211
136
201
158
153
215
141
136
252
261
214
153
200
131
144
215
156
203
208
137
178
214
135
137
157
144
137
131
127
143
142
129
130
128
127
137
140
126
135
141
138
125
135
125
143
129
176
130
147
148
136
134
132
191
135
132
139
134
141
191
142
129
127
146
129
177
125
135
130
114
124
178
143
144
143
131
122
123
136
132
142
137
125
142
184
190
127
195
140
124
190
200
119
120
125
125
199
192
166
132
147
124
156
174
120
126
140
183
119
131
202
147
133
175
124
124
179
135
133
140
128
125
195
151
168
125
127
151
131
149
205
141
153
180
139
157
198
127
136
200
139
125
123
130
125
185
146
128
183
176
133
133
132
176
139
123
181
136
136
139
132
137
131
186
189
130
128
140
126
185
189
138
147
142
129
128
196
173
129
197
175
131
119
179
127
139
166
206
165
192
177
143
181
174
130
131
170
181
114
136
151
147
132
176
142
143
227
223
216
173
197
169
219
198
256
144
133
134
177
242
289
237
233
311
181
308
172
202
127
183
145
176
131
133
189
128
134
125
132
144
191
124
148
140
143
129
184
201
138
172
130
160
121
147
127
183
143
129
131
140
146
188
125
125
193
118
130
123
126
139
200
151
134
201
139
136
130
133
208
185
131
141
143
135
186
154
136
188
139
151
124
140
130
195
134
125
130
140
133
140
178
134
134
137
125
131
197
129
131
190
132
138
193
183
209
133
131
136
129
130
178
177
129
127
144
134
195
192
132
133
142
143
185
176
168
145
128
123
184
130
183
131
137
153
196
143
180
185
139
211
202
131
143
152
183
184
131
198
196
128
126
137
126
193
148
140
137
134
125
191
153
129
192
134
191
154
159
135
139
158
263
199
140
185
129
133
118
125
147
194
127
151
187
141
135
908
127
136
200
156
199
151
148
176
165
127
149
143
122
139
202
128
201
141
138
144
192
130
189
190
139
129
126
140
182
135
143
182
148
133
187
140
132
206
131
158
134
144
133
171
134
177
170
183
145
136
183
199
135
196
141
138
205
196
144
187
197
130
221
180
160
186
121
214
196
202
126
132
210
133
136
138
144
146
217
131
161
223
184
201
127
138
144
139
143
190
129
125
190
143
134
183
150
230
278
253
132
200
154
156
137
128
174
142
130
147
143
131
142
139
118
132
127
142
128
145
129
124
137
185
128
146
206
131
134
136
129
130
217
140
152
150
128
125
194
127
136
132
120
152
211
132
133
172
139
135
206
134
149
202
146
136
262
167
271
185
185
194
139
147
195
131
129
236
161
194
275
131
305
275
252
198
333
157
214
141
188
148
137
138
213
206
151
130
196
136
140
211
199
192
284
205
139
204
201
131
136
130
133
195
128
203
140
124
140
138
145
134
133
210
131
136
127
145
131
443
145
143
197
133
203
129
192
133
151
133
142
133
131
163
143
132
135
139
144
150
146
158
149
131
144
466
199
153
135
127
226
140
206
134
136
146
131
146
188
141
136
137
144
198
201
140
155
201
133
147
139
146
136
197
134
193
153
131
141
137
146
130
203
165
232
200
202
151
144
143
144
132
131
145
148
133
146
170
161
199
134
132
204
147
146
131
202
136
143
130
139
136
147
136
132
230
208
137
207
150
142
211
146
202
133
197
177
199
139
283
145
213
161
133
141
135
150
210
312
245
220
156
184
143
149
140
129
202
199
133
135
146
135
153
185
145
144
136
145
131
161
212
187
226
160
214
210
216
154
251
207
144
182
193
185
143
138
135
134
133
139
205
130
137
139
