73
40
93
66
42
41
43
76
41
42
66
77
41
76
47
50
47
80
41
76
46
57
69
48
87
48
76
41
41
47
76
43
54
45
52
47
71
47
47
78
46
47
40
81
50
46
48
41
41
79
47
40
67
71
57
59
39
69
40
40
75
47
73
39
48
41
102
41
49
49
40
40
48
52
49
72
82
50
45
64
70
89
77
56
47
90
88
74
40
46
41
43
44
40
39
44
79
40
46
80
76
56
47
42
80
72
47
41
67
88
73
46
41
69
66
83
48
86
40
68
96
43
58
58
41
80
41
75
47
44
49
61
59
56
46
49
67
60
63
47
49
41
128
43
104
40
41
48
84
55
49
41
52
49
47
41
35
52
54
39
48
102
56
50
42
43
41
42
51
83
42
44
45
50
68
47
50
43
48
76
81
62
49
42
52
61
45
43
41
49
49
60
46
48
52
42
49
60
44
50
68
48
55
43
50
49
41
82
80
71
41
89
41
50
51
91
74
51
43
43
43
42
63
42
115
43
87
46
59
44
102
52
61
42
50
67
45
42
85
79
43
53
51
46
54
43
43
46
45
44
46
44
36
52
55
79
53
46
52
67
47
72
46
53
46
61
151
60
56
48
48
45
46
56
44
80
64
45
87
45
53
45
45
48
52
50
48
45
65
52
48
56
53
69
91
46
45
50
63
52
53
46
47
56
52
46
50
82
96
53
55
49
44
76
53
48
63
55
46
55
53
53
53
46
84
47
46
50
46
47
47
51
51
49
55
45
63
96
57
85
60
56
93
51
56
63
74
50
83
48
52
42
54
75
44
52
46
84
42
53
43
59
43
46
63
45
44
45
42
56
43
49
42
45
52
44
42
79
44
50
44
43
79
51
46
50
51
73
61
43
78
74
73
59
41
51
71
47
42
40
44
82
43
70
45
80
42
41
52
71
46
48
48
41
81
42
76
45
73
43
83
43
50
44
42
75
71
40
60
79
46
69
47
41
75
42
92
39
63
39
47
44
43
77
47
52
39
72
49
70
40
40
41
48
48
42
40
58
68
40
48
50
70
43
41
50
41
50
41
56
42
43
49
45
55
52
42
49
77
42
41
43
72
85
74
42
43
74
42
42
50
78
68
48
68
61
42
41
66
44
39
77
48
50
39
42
41
43
42
260
40
47
44
48
52
87
42
44
40
46
50
43
51
41
42
42
58
44
44
50
52
49
51
44
50
53
51
42
45
42
50
49
68
51
51
43
89
49
53
52
41
59
43
52
44
44
60
48
42
54
41
52
49
43
99
41
53
42
51
44
43
42
45
44
42
41
42
45
45
42
44
52
50
43
44
48
43
46
76
42
48
45
89
50
51
51
67
48
51
51
87
52
86
42
71
83
44
47
80
43
69
44
55
46
43
45
52
49
55
41
44
72
53
55
69
42
53
51
51
40
42
42
53
60
50
53
55
52
40
43
40
43
43
50
55
63
42
43
50
50
50
50
42
79
62
83
46
44
45
77
42
42
42
53
50
50
50
50
42
43
44
41
44
42
72
39
60
43
50
45
42
48
90
42
41
41
44
69
48
42
54
61
47
49
49
42
90
44
63
41
63
44
53
49
48
86
60
49
40
74
42
54
48
73
46
43
44
51
42
50
41
42
45
41
44
42
56
46
51
50
43
40
61
43
59
40
42
41
42
49
54
42
42
52
51
50
50
49
42
55
41
65
46
42
44
73
50
44
58
50
47
53
49
49
40
53
68
46
41
61
43
59
43
50
56
57
44
60
42
63
41
56
43
58
43
45
78
52
50
48
55
73
51
52
58
43
51
50
62
50
51
45
44
44
56
49
45
63
42
43
41
52
43
43
43
53
42
44
44
41
49
45
43
45
44
49
43
52
49
44
53
42
50
54
99
43
50
45
80
49
44
79
42
84
69
47
73
45
82
61
42
45
52
45
50
45
48
53
53
46
44
43
43
59
48
49
44
48
57
53
61
42
52
50
69
66
44
40
69
53
54
56
73
52
54
52
50
42
41
69
76
44
51
51
58
44
49
50
85
85
89
79
61
42
75
40
57
76
84
46
47
50
83
74
86
41
45
39
68
53
60
47
44
49
41
41
44
42
40
60
44
50
43
41
49
58
42
60
41
41
41
48
41
62
45
54
50
53
44
58
40
49
41
52
42
49
42
49
44
62
41
50
46
51
42
44
43
49
50
41
60
42
49
41
49
53
52
42
43
44
67
90
93
53
44
49
88
85
52
56
60
40
43
76
83
60
49
89
43
42
