203
131
174
202
134
194
206
178
143
135
119
130
186
197
223
122
131
145
135
120
161
156
124
126
146
173
133
162
175
170
142
113
178
122
185
213
169
120
127
191
186
120
181
171
173
121
133
113
170
196
156
133
120
186
144
109
186
169
128
167
181
126
142
126
118
183
118
217
175
136
141
127
171
120
129
175
184
105
177
170
175
132
188
147
167
167
124
126
128
171
165
184
119
156
127
126
170
124
127
178
135
183
129
120
138
106
128
188
189
164
171
134
129
118
148
299
143
190
173
137
118
185
182
173
119
132
128
161
135
149
170
113
174
177
137
141
127
181
130
155
161
183
170
165
115
180
134
189
188
160
110
135
159
186
179
125
175
183
133
165
180
166
128
165
276
139
126
182
178
132
171
192
133
113
147
189
165
168
166
124
173
156
113
182
165
179
143
181
172
110
125
157
176
114
189
126
216
135
175
207
168
134
124
213
179
177
133
195
134
190
145
160
119
158
170
211
129
133
160
162
171
176
176
158
174
172
131
135
129
178
166
188
134
145
127
257
127
132
175
111
132
139
225
183
127
154
125
108
133
177
172
134
186
111
105
184
135
168
155
154
174
132
131
125
192
178
121
175
119
164
161
123
178
176
134
186
156
202
152
205
220
265
172
150
182
192
168
158
110
176
138
173
179
187
125
124
172
184
126
197
146
145
195
144
192
170
139
168
177
120
134
179
183
129
125
176
169
142
137
194
184
121
174
191
161
136
136
165
133
119
175
181
175
145
174
168
117
196
174
182
146
117
121
112
136
130
175
172
197
155
134
118
162
124
150
177
172
115
130
129
171
167
174
158
198
130
110
179
178
194
120
171
180
161
138
136
126
111
197
182
181
117
189
128
174
182
120
170
161
174
139
118
162
172
175
173
122
165
131
153
183
172
180
110
119
129
127
186
179
169
146
200
191
216
167
179
207
138
215
188
170
258
165
274
173
165
182
192
204
120
166
199
171
148
169
178
133
128
132
127
195
156
167
183
204
169
194
138
166
164
174
118
126
148
191
136
168
109
119
120
173
175
135
205
194
194
125
199
181
121
165
194
159
183
121
173
134
135
164
172
129
177
118
119
110
168
189
123
169
135
163
174
171
161
126
111
113
130
145
163
167
171
178
181
109
176
133
185
175
186
187
175
145
137
135
181
132
173
129
133
174
188
174
164
190
173
173
183
165
173
167
169
129
133
153
170
134
210
119
126
133
165
125
129
190
188
132
173
171
180
175
123
190
187
135
131
160
166
142
192
178
192
121
170
120
164
136
132
166
173
169
112
164
115
168
171
162
174
468
157
108
167
174
152
171
176
167
128
169
124
170
191
174
169
133
125
193
167
123
206
121
126
187
118
186
165
183
126
133
144
120
826
137
182
177
124
143
166
134
212
217
177
155
153
151
257
216
216
211
171
193
207
200
159
278
318
224
180
158
111
133
145
113
150
129
183
137
142
138
122
136
157
122
150
130
151
161
105
164
159
161
139
153
130
124
102
126
173
153
112
150
162
841
172
108
161
130
152
139
165
105
130
153
134
176
157
164
130
155
156
116
152
201
154
126
140
127
143
159
159
157
145
240
204
229
181
167
171
201
157
113
149
158
133
149
159
185
106
159
143
128
148
160
152
147
105
178
163
161
136
153
136
125
124
113
139
155
113
128
157
174
127
122
149
128
149
165
151
122
135
131
148
120
179
144
179
150
148
147
200
104
189
140
160
161
118
179
153
168
133
163
175
137
182
109
164
104
116
184
101
161
126
165
122
131
149
160
151
161
126
120
136
177
150
175
171
125
166
198
175
187
169
113
137
167
161
128
154
165
150
172
135
176
171
238
219
142
143
169
168
149
164
170
119
130
151
128
126
131
147
159
104
136
121
131
175
145
111
166
105
124
135
160
106
152
130
126
187
122
113
158
164
146
114
119
150
157
160
130
129
123
106
135
159
118
182
143
168
167
121
118
108
162
179
160
153
129
161
120
172
131
152
145
114
121
139
122
146
123
116
116
140
157
123
161
162
170
154
171
137
140
145
150
119
166
162
132
114
159
148
147
131
163
156
117
127
168
179
162
121
195
111
167
167
181
152
160
119
113
130
139
110
151
134
157
126
152
132
146
135
124
134
124
166
129
98
157
123
106
158
122
126
175
154
157
160
138
153
153
131
125
156
159
157
150
120
150
122
165
121
129
128
112
128
168
133
148
186
167
127
130
160
137
130
144
170
168
102
122
138
148
129
116
151
170
169
132
160
117
149
