182
194
193
221
172
208
210
228
246
212
205
229
193
205
175
196
231
187
181
194
205
205
179
196
233
213
184
199
205
168
211
194
214
225
177
206
222
228
212
192
185
240
213
213
189
203
176
194
181
227
214
197
167
167
187
157
185
189
244
176
176
188
187
209
183
185
187
238
174
180
194
205
171
158
193
167
180
214
213
225
223
176
175
224
185
189
153
207
210
162
169
221
222
183
165
219
205
212
186
240
233
196
232
230
212
287
222
227
215
199
162
205
225
221
194
170
204
226
173
180
223
157
209
192
189
183
203
178
215
195
224
164
232
215
222
200
146
180
191
177
191
235
195
167
191
179
211
201
209
159
193
192
186
185
232
198
191
227
230
221
194
222
238
174
201
215
282
144
202
231
214
239
172
219
240
161
221
186
193
226
203
188
193
192
181
223
202
195
249
212
193
240
179
210
223
204
211
214
177
156
186
235
212
174
200
202
160
197
180
202
749
183
214
173
178
201
206
174
215
227
201
203
199
211
238
236
196
178
225
287
255
225
224
208
226
210
308
273
284
218
205
223
213
201
234
228
195
199
187
202
191
181
223
185
210
197
311
247
187
218
224
208
199
248
206
185
278
295
231
197
174
241
208
199
218
280
192
182
181
241
236
198
187
181
213
220
190
203
239
204
208
219
230
245
221
180
182
283
217
220
265
218
195
211
201
205
222
216
219
211
219
258
241
221
222
175
244
217
203
265
359
240
215
210
189
239
214
224
239
195
269
218
243
218
186
262
223
187
205
224
219
212
206
230
213
185
255
198
256
213
194
242
218
323
212
177
234
189
180
211
218
227
184
157
165
194
176
225
191
161
203
178
206
213
208
243
179
172
172
218
196
184
177
174
164
197
173
169
178
218
184
176
194
203
215
224
175
195
204
158
186
182
232
215
173
170
212
146
174
218
163
221
173
222
175
256
199
160
179
263
176
200
179
208
165
253
205
200
166
182
223
195
176
214
210
200
169
181
201
174
181
201
280
208
244
313
184
188
182
179
186
268
151
288
198
253
168
175
163
201
211
218
181
205
222
246
232
186
174
174
171
207
173
173
194
223
176
170
190
177
186
173
218
184
178
199
173
160
194
265
230
185
201
214
159
170
201
221
229
221
150
234
175
175
180
316
183
175
195
249
205
180
173
175
225
244
326
235
300
239
223
684
315
284
333
290
276
764
255
281
291
244
228
274
280
272
371
355
371
293
404
256
252
150
210
165
175
231
166
217
222
153
182
165
176
156
154
187
205
169
171
182
233
188
191
206
166
209
176
187
194
182
180
163
206
300
170
209
340
263
228
201
186
207
164
180
171
206
182
215
246
202
172
201
159
200
185
167
150
207
185
170
177
202
197
167
183
202
202
160
205
201
223
169
176
200
197
176
168
196
213
197
178
187
236
174
167
190
208
173
183
207
209
178
298
217
204
231
203
257
174
222
209
220
173
223
195
235
161
169
287
173
167
220
175
212
240
188
198
150
178
250
215
206
169
178
154
156
190
217
228
194
205
190
207
227
211
237
204
176
187
207
192
214
166
205
206
199
189
180
194
206
190
186
186
376
199
191
192
212
208
180
221
220
210
192
226
196
188
215
205
241
184
209
222
172
195
205
224
210
190
190
183
210
196
203
186
179
196
175
189
220
207
213
171
233
190
210
195
245
225
170
225
191
201
219
196
180
195
173
182
197
200
202
198
201
226
171
198
203
215
204
171
196
244
197
183
235
190
205
178
156
189
193
197
194
217
199
170
186
212
224
185
182
183
194
199
161
175
165
194
190
197
169
195
177
186
195
178
174
197
196
185
183
226
189
179
179
184
185
185
178
185
218
171
191
168
185
175
186
186
193
163
165
187
181
167
180
212
169
184
211
187
179
163
203
187
221
291
253
285
380
333
205
217
243
288
409
323
403
390
270
179
185
198
170
210
172
199
180
189
173
179
174
167
165
180
222
163
159
192
170
168
197
197
188
172
184
171
185
188
175
169
189
169
180
157
186
170
162
149
183
189
172
191
217
203
180
174
153
168
163
165
162
192
195
185
184
153
201
174
206
163
162
163
201
159
178
192
164
178
197
190
187
155
191
216
163
191
173
205
191
159
197
211
192
181
187
161
175
175
164
188
194
178
154
198
197
196
165
194
166
259
223
231
188
171
228
171
168
187
206
217
190
295
178
270
210
213
297
334
224
222
198
223
212
257
198
188
156
195
199
176
191
163
228
211
214
203
197
182
192
204
191
220
203
232
201
217
203
