42
74
82
74
102
66
72
80
102
125
81
63
170
49
90
66
75
58
85
60
49
73
61
61
73
57
52
75
67
62
51
61
49
71
73
90
61
83
51
65
44
50
69
110
64
77
50
77
52
65
42
62
83
50
83
79
49
35
75
59
69
63
86
79
86
88
98
47
69
79
84
86
44
77
52
75
76
46
443
103
95
121
61
91
111
100
79
81
88
67
65
42
66
57
47
104
58
52
57
50
51
72
51
62
62
73
73
49
39
83
49
76
75
78
50
72
86
82
78
99
45
100
81
80
73
66
62
67
77
73
86
71
57
95
91
98
104
67
69
48
106
101
49
62
91
68
64
64
75
38
76
64
47
67
57
44
81
71
49
64
64
47
44
53
50
42
73
61
50
78
47
97
94
66
101
75
75
126
107
66
66
48
57
65
83
85
48
83
69
52
73
82
73
75
79
81
53
74
92
74
85
80
56
37
52
69
42
61
40
61
70
85
52
84
94
137
113
72
53
53
85
67
48
85
94
55
99
96
48
48
83
89
66
81
48
66
68
65
73
39
51
63
75
54
43
60
67
79
81
93
66
42
78
80
72
42
45
66
67
41
55
52
62
63
52
43
69
70
71
45
66
52
73
75
163
80
67
56
92
79
90
66
51
44
63
61
82
96
81
86
62
87
51
46
92
77
83
45
47
55
115
85
85
38
63
73
53
45
45
115
77
65
56
49
80
89
84
63
49
48
77
83
43
77
82
80
62
57
135
74
122
117
71
65
118
161
143
68
155
123
95
100
71
119
113
141
114
98
89
94
98
53
67
129
141
86
68
121
96
75
132
159
123
129
60
64
70
142
122
121
102
73
66
53
57
59
93
62
72
76
49
74
63
44
80
61
86
53
51
74
85
79
83
80
41
75
71
42
64
55
74
62
89
44
56
68
71
71
287
57
66
71
59
70
51
61
68
60
59
67
42
67
53
61
74
42
69
49
79
97
50
85
65
58
51
70
80
68
50
73
60
71
64
77
50
87
68
124
43
89
70
76
92
70
41
61
74
52
74
68
82
66
71
70
48
87
68
62
72
77
102
86
60
76
49
68
74
74
73
42
92
85
64
76
57
85
43
63
81
81
79
50
48
54
61
65
85
86
49
80
87
74
74
187
58
42
67
74
69
67
72
74
56
73
72
70
69
72
71
66
50
67
73
68
41
95
64
75
79
66
51
77
43
64
61
52
66
69
66
54
80
42
51
60
79
78
71
53
62
87
52
44
76
89
88
65
69
42
72
49
42
69
67
90
50
73
81
40
73
43
75
88
44
76
77
76
70
71
46
41
68
71
77
68
50
91
67
59
69
51
65
42
84
75
59
94
71
71
66
33
62
72
82
49
80
42
78
71
69
78
71
61
61
56
50
54
61
55
41
75
51
49
66
55
51
71
65
54
86
72
73
65
47
81
62
89
42
92
67
65
82
68
78
50
79
70
76
68
66
67
59
41
69
72
71
82
59
68
72
61
62
101
69
71
71
75
47
76
74
75
69
67
78
59
90
94
71
58
72
82
66
76
50
89
50
73
69
52
73
52
81
83
64
81
178
92
91
63
51
72
52
76
78
63
43
98
67
77
81
86
64
76
85
78
80
65
155
50
49
73
65
41
68
61
71
71
72
67
79
44
73
67
51
61
48
48
93
81
44
77
81
64
50
74
57
73
41
80
70
73
52
50
48
93
47
78
83
78
66
76
82
64
90
65
50
46
87
68
74
67
50
44
68
86
82
49
66
67
95
75
73
49
69
77
64
53
61
69
49
67
67
59
72
71
72
43
68
81
71
75
86
74
53
48
65
70
61
76
57
52
56
56
41
81
60
73
55
60
49
66
69
53
42
61
49
72
69
61
56
78
72
42
61
47
60
62
62
70
43
82
74
71
72
57
55
83
85
62
56
85
71
50
44
66
70
67
69
50
77
63
66
73
64
57
75
41
77
76
74
43
62
88
63
75
64
69
68
88
64
71
61
89
66
74
75
76
49
64
58
53
52
61
72
54
62
49
61
43
67
67
65
68
49
60
347
64
57
72
62
50
94
61
78
64
46103
77
59
66
68
35
53
50
42
94
70
55
95
83
110
62
61
116
107
54
93
48
60
79
76
44
74
64
61
72
72
53
60
66
65
64
69
63
60
74
77
64
83
73
67
67
69
62
61
60
60
49
71
64
43
87
64
48
76
80
72
69
62
68
40
83
79
76
98
86
67
52
82
62
50
35
73
49
74
73
50
42
92
83
36
77
