41
67
79
33
42
42
42
40
111
49
61
77
113
88
43
41
51
34
68
41
87
62
44
43
81
61
60
96
100
47
44
45
47
82
36
41
87
73
41
73
42
34
75
43
50
43
83
76
49
55
69
63
50
96
41
39
59
84
80
42
73
92
39
81
43
40
49
88
78
42
70
82
41
67
58
42
53
71
51
46
42
63
74
39
75
70
39
87
74
40
77
42
71
39
72
40
75
49
42
82
63
83
43
60
80
39
41
63
44
78
68
43
73
88
53
43
79
44
72
72
39
42
60
41
41
49
78
51
73
59
46
40
40
102
58
76
55
77
118
98
87
102
56
44
68
68
79
66
41
70
74
83
77
70
42
79
42
61
41
39
40
86
41
42
64
39
80
49
66
50
40
66
89
78
41
40
88
81
88
90
31
33
38
83
40
69
69
48
72
87
91
133
93
107
89
90
108
109
57
114
67
51
39
44
70
40
60
71
41
56
42
75
78
97
79
71
41
42
56
38
45
38
39
47
64
73
73
45
83
41
52
43
45
77
52
50
40
69
39
40
39
80
40
95
42
44
69
51
41
39
41
44
39
39
73
74
65
41
39
78
78
74
46
81
68
71
84
56
30
54
92
77
79
45
65
88
94
79
55
79
43
48
79
81
40
39
72
84
75
46
46
54
105
95
47
54
50
145
63
80
92
86
108
127
76
117
51
62
78
102
58
65
163
68
77
143
72
84
210
42
90
89
51
41
43
58
96
44
42
71
93
75
43
82
62
82
72
79
43
59
52
60
77
89
68
51
68
43
66
42
42
42
43
42
45
46
34
44
32
75
71
42
168
80
75
43
98
41
174
42
49
75
107
46
42
42
93
83
43
40
76
75
84
76
43
40
39
107
40
85
49
76
42
83
90
39
39
93
42
92
92
79
42
43
39
71
48
82
85
53
149
56
53
67
40
39
81
40
73
39
80
39
79
40
71
41
74
79
48
38
54
42
48
45
38
81
38
79
78
40
39
41
40
73
55
40
39
62
58
39
38
43
80
39
82
42
39
86
72
75
75
40
66
32
38
84
82
60
39
70
78
64
76
74
49
73
65
78
74
40
39
78
71
92
79
61
71
92
73
42
78
45
52
49
73
89
61
86
102
87
83
68
59
69
74
84
40
100
55
75
40
55
80
76
44
79
81
48
40
62
41
76
78
40
93
75
49
85
101
60
51
47
43
66
51
46
46
77
72
53
53
40
88
91
75
108
89
109
46
47
133
39
42
43
114
99
40
46
39
47
59
76
43
79
81
50
61
179
80
39
49
72
58
43
74
48
56
43
65
43
102
72
50
91
75
88
42
48
42
98
41
82
168
41
104
89
44
53
50
42
81
42
118
42
43
81
42
45
41
66
52
74
43
42
53
60
41
44
42
52
57
60
103
43
44
97
40
62
43
81
52
74
76
43
46
62
95
42
81
77
85
43
81
193
34
72
40
43
93
43
46
76
40
42
72
42
98
42
40
46
67
41
39
59
41
42
42
77
82
96
33
46
159
68
68
93
42
68
42
87
42
39
45
66
79
88
105
42
48
60
38
40
39
41
42
41
39
39
39
38
75
41
39
43
40
91
72
35
98
43
41
40
39
39
67
52
40
40
41
82
74
43
62
40
67
79
76
78
41
47
108
78
38
41
47
105
109
103
63
66
101
49
46
83
77
43
46
101
47
51
59
56
71
95
69
44
76
51
96
112
569
38
112
54
95
47
40
63
151
52
60
86
43
71
56
76
67
81
44
41
41
63
85
62
72
65
48
47
45
40
75
72
66
71
39
42
74
79
79
56
39
83
51
40
46
51
81
96
42
335
45
77
68
42
74
39
41
44
69
63
38
87
74
71
86
42
74
44
81
54
75
99
52
69
87
71
46
49
160
47
90
83
44
83
47
81
82
45
42
50
52
102
57
61
73
47
78
59
45
49
43
43
73
83
47
41
40
85
83
40
83
40
86
54
71
818
175
68
83
71
87
74
81
35
33
73
93
55
50
91
68
56
84
71
63
39
42
46
39
72
43
56
40
83
39
39
76
46
40
82
81
32
40
65
41
53
77
45
71
41
46
72
40
32
39
42
40
39
72
63
66
42
67
52
74
46
57
45
70
71
82
51
79
40
78
63
31
48
41
81
49
43
38
78
79
72
50
62
59
131
65
97
61
73
83
42
77
38
75
49
55
129
112
59
44
70
41
68
69
43
39
55
39
68
86
40
63
51
48
68
46
49
46
50
61
58
49
65
38
59
