190
132
154
206
144
134
141
168
197
137
153
199
197
194
147
154
134
137
199
134
200
214
133
191
135
139
144
151
197
203
142
159
157
208
211
144
149
165
186
141
211
142
139
202
163
146
148
151
145
217
192
136
155
153
220
199
131
146
145
147
158
164
139
208
142
141
150
154
197
149
158
160
160
194
146
140
164
179
211
147
146
154
154
196
143
138
162
145
205
141
146
151
175
189
158
143
144
154
209
147
141
155
156
211
151
142
150
147
144
187
173
164
147
156
154
148
162
145
168
165
148
197
146
223
150
150
203
152
143
199
164
154
176
150
173
237
216
157
152
165
215
228
168
165
167
170
182
166
212
209
169
168
188
160
190
186
180
214
209
158
231
213
198
163
147
209
158
149
162
153
137
190
148
146
206
149
143
147
162
231
138
146
208
138
160
222
144
170
151
148
214
138
138
159
179
150
137
151
204
157
156
138
142
184
141
153
147
156
213
156
153
143
157
273
194
137
134
210
135
209
137
141
201
133
200
143
131
202
165
137
210
135
223
134
137
206
147
137
218
153
134
145
150
152
192
212
130
148
139
151
230
210
216
139
141
140
197
217
135
163
153
153
223
133
136
202
142
153
128
215
206
136
135
212
149
148
131
160
206
149
166
143
150
134
139
174
132
194
201
136
141
135
146
143
152
196
137
149
136
152
220
204
154
157
198
210
142
142
149
141
185
150
151
148
137
189
138
153
159
147
156
200
152
156
149
148
213
156
150
171
159
149
139
148
144
157
222
159
161
159
144
196
150
142
145
145
199
147
147
141
179
195
147
155
157
138
204
148
151
142
213
145
140
138
149
204
143
163
145
173
162
147
141
149
146
215
203
161
151
143
206
145
147
143
142
187
158
160
146
157
214
140
151
204
154
162
248
147
194
164
152
212
146
141
143
133
209
144
153
213
139
134
148
143
185
163
152
196
142
142
160
155
146
147
158
162
149
149
145
155
204
149
147
165
136
206
147
144
143
137
213
147
135
150
141
199
148
141
141
160
218
143
135
144
157
194
158
142
156
141
209
248
184
188
144
135
251
159
132
143
154
152
179
146
161
202
141
146
214
222
158
144
219
147
161
164
210
152
143
142
164
220
209
159
150
145
167
167
146
160
211
143
144
158
144
139
137
142
141
199
171
197
144
221
146
161
141
144
209
155
153
149
147
166
153
160
147
158
165
202
143
143
159
255
218
161
148
145
141
199
197
163
141
144
202
143
160
158
148
232
141
147
148
150
144
157
173
209
160
156
162
155
146
201
157
143
145
161
206
161
150
171
180
221
149
153
165
183
209
159
216
159
154
166
175
181
184
171
157
217
153
158
170
209
180
274
155
238
157
158
172
224
150
169
150
202
225
154
175
169
153
210
169
183
168
163
159
172
166
182
163
170
220
175
173
164
156
155
218
157
148
167
205
158
169
153
159
167
160
222
161
169
162
158
176
154
170
153
165
215
152
160
171
215
162
163
166
190
243
152
204
143
176
157
156
161
166
165
179
159
171
169
264
166
165
167
171
211
163
163
179
166
214
173
163
220
167
156
166
164
177
155
167
158
154
167
146
148
157
161
169
147
155
166
165
156
154
148
162
144
154
222
201
152
156
180
203
184
172
196
223
204
155
159
150
176
213
159
152
156
159
162
155
156
161
153
174
152
175
166
167
205
151
165
158
161
161
215
189
146
204
144
168
151
216
163
150
147
167
165
196
153
154
137
164
156
145
150
147
153
148
154
165
156
140
158
154
162
212
160
161
217
178
164
150
196
148
149
161
152
162
156
168
230
158
221
146
141
144
168
162
158
187
156
160
178
149
152
149
166
150
215
169
148
158
211
210
144
151
148
148
160
149
158
164
156
159
154
177
176
161
157
155
211
149
151
163
203
156
159
179
136
123
125
131
182
131
140
127
200
175
128
129
128
126
187
134
140
141
134
195
141
182
124
143
135
173
122
134
127
154
128
119
179
184
128
198
123
125
177
126
141
114
177
138
123
171
126
124
135
122
133
127
135
134
121
141
176
134
121
170
122
119
164
124
125
131
132
172
128
148
127
141
131
118
170
125
131
144
122
124
121
137
127
140
120
128
136
124
135
137
187
130
127
126
133
181
128
123
139
127
184
119
176
122
157
129
139
127
115
132
180
131
138
123
164
122
122
154
124
125
127
124
183
140
134
138
124
137
132
120
124
172
129
131
130
161
172
159
268
217
159
156
155
156
221
155
153
148
226
213
161
155
154
166
157
158
202
226
194
