230
242
206
205
206
204
227
218
205
229
208
224
208
222
202
262
248
207
203
231
203
211
195
210
249
369
347
287
271
227
290
233
299
238
257
254
221
205
210
220
184
198
194
192
190
212
215
202
219
219
214
200
212
224
562
203
226
245
201
224
201
190
218
210
206
214
205
206
213
237
200
205
220
219
214
225
328
209
266
361
372
202
281
217
235
328
209
202
190
200
213
245
210
221
244
240
298
229
270
206
236
328
244
449
202
213
305
233
217
220
259
240
215
207
254
232
224
233
213
239
229
236
235
226
202
233
216
205
216
231
208
197
242
219
207
202
205
225
236
200
222
210
208
247
176
190
230
197
174
182
215
198
202
171
180
261
179
197
203
185
211
200
207
193
180
235
184
198
267
207
195
212
188
192
225
347
203
254
216
247
215
221
479
221
234
231
228
211
214
245
250
229
221
248
241
211
275
228
280
358
252
206
196
189
215
203
221
235
274
269
223
238
191
230
189
189
205
222
184
184
177
199
208
202
245
197
204
198
194
184
189
187
194
229
205
184
184
182
267
184
218
230
185
214
210
214
211
183
188
185
216
211
218
215
246
204
207
250
299
177
186
199
253
222
238
198
186
228
217
200
293
215
202
224
292
175
232
330
201
207
210
200
235
300
206
195
227
193
197
267
191
195
187
222
189
185
338
246
189
187
214
194
208
188
200
210
198
212
207
198
200
201
230
214
206
366
188
203
242
208
209
224
265
206
398
328
302
198
210
207
308
223
206
371
228
239
220
236
223
238
223
228
314
271
306
248
241
260
255
325
219
236
232
246
237
321
248
236
252
223
247
230
344
231
246
388
244
243
231
236
230
242
237
244
227
249
263
247
295
245
246
239
289
226
257
211
253
243
235
253
240
286
254
243
249
235
236
244
294
224
231
293
229
247
232
247
249
226
240
245
226
237
245
224
287
265
237
325
240
223
238
252
222
242
357
249
222
230
228
227
299
207
260
242
230
258
268
246
240
243
252
234
254
241
252
252
247
248
287
213
244
254
228
223
222
212
228
229
214
215
225
217
234
237
228
227
217
223
241
228
237
233
219
243
213
264
214
215
232
210
224
215
211
217
213
235
236
232
201
210
239
252
232
227
216
228
228
236
235
234
228
233
221
224
207
212
232
209
263
367
316
265
219
235
239
220
221
222
237
233
220
318
245
209
220
214
228
240
230
221
223
237
234
217
199
238
205
201
199
218
199
189
193
202
217
215
210
245
204
196
216
212
222
211
220
251
215
230
222
210
211
195
226
234
189
202
195
194
229
274
342
265
292
236
198
249
213
184
214
217
202
202
183
174
215
213
196
213
200
212
207
218
193
228
173
195
208
233
205
212
218
215
212
214
188
218
204
209
224
218
220
186
213
191
187
182
214
208
208
191
199
192
193
214
224
167
224
230
189
209
228
213
238
196
239
228
207
200
227
199
258
206
226
200
205
227
209
199
237
187
215
188
220
208
202
229
219
212
207
228
213
200
232
234
207
191
197
212
193
208
224
207
193
217
216
212
201
211
220
187
203
238
226
211
201
192
206
220
205
202
193
225
202
207
176
235
196
171
199
204
201
204
182
205
208
226
216
190
209
233
207
202
180
221
213
221
210
183
187
223
210
220
204
200
205
224
190
220
201
202
175
212
231
205
204
193
217
202
208
216
196
212
192
215
201
215
193
203
200
208
225
230
158
180
188
198
224
233
193
194
182
193
195
188
228
189
192
223
195
213
200
216
194
165
187
187
203
213
198
198
194
195
191
188
199
201
187
204
197
198
172
184
206
190
193
197
189
192
228
194
208
231
188
193
201
174
228
188
199
217
197
238
200
196
187
203
194
169
192
223
191
197
229
188
215
222
219
179
189
196
229
188
215
196
184
199
201
175
225
187
187
203
220
208
184
190
176
175
216
183
223
210
194
236
200
176
196
196
189
194
201
218
214
183
215
197
191
218
206
224
226
190
194
192
214
182
226
259
197
231
178
208
178
188
190
217
190
233
192
193
207
181
188
222
191
206
175
166
326
192
179
180
191
222
191
213
212
191
198
195
167
213
180
198
211
225
187
185
218
183
232
192
184
186
237
196
216
192
228
225
214
181
220
186
161
230
216
208
196
195
169
252
195
184
182
197
212
201
198
218
198
222
183
235
192
188
208
193
235
213
203
190
190
223
194
168
231
194
191
181
196
200
151
174
145
179
183
152
180
183
180
172
209
153
185
151
177
167
173
143
160
154
185
152
176
152
160
168
164
182
