69
72
43
74
67
83
63
42
90
41
79
66
66
99
35
84
77
39
71
77
69
43
107
81
84
42
58
73
41
44
45
72
42
97
71
88
54
57
58
132
130
60
118
61
95
91
43
74
107
48
100
43
51
111
103
79
50
50
51
76
41
65
78
47
83
47
39
81
43
93
85
54
90
55
39
60
83
76
79
46
68
78
70
40
81
90
79
54
83
106
80
45
79
97
47
78
71
63
46
93
91
42
40
84
88
71
52
80
63
50
57
44
93
40
74
83
42
40
77
69
81
50
40
88
70
46
77
80
56
78
44
95
92
38
41
92
47
79
68
67
65
84
42
79
44
40
40
63
70
40
58
46
71
41
35
40
35
73
42
47
79
62
75
39
34
91
26
38
67
42
41
70
39
74
41
63
41
44
42
83
43
77
42
45
227
44
56
44
40
74
77
62
83
39
83
48
39
90
39
35
68
102
98
47
78
75
48
58
51
44
55
98
93
2904
71
43
31
44
83
86
47
43
42
81
72
63
50
41
43
43
74
45
89
100
55
94
52
62
61
76
46
95
56
61
263
90
56
63
54
82
97
63
72
65
46
78
78
39
86
79
88
39
59
83
83
74
49
56
74
41
95
70
49
81
91
75
53
73
66
40
75
91
35
63
41
85
67
40
67
75
43
41
68
85
33
43
98
45
46
86
120
92
95
109
54
93
95
45
93
95
55
94
77
74
95
73
71
34
80
80
73
73
71
70
81
42
87
77
71
71
46
80
53
39
66
40
78
59
69
73
68
81
86
71
67
41
40
83
82
64
76
70
69
64
41
85
76
79
77
63
65
79
42
97
90
46
43
60
74
41
67
81
72
58
41
74
82
40
68
40
79
81
79
76
40
34
82
46
83
67
74
80
70
33
68
47
77
59
85
79
99
43
70
41
77
52
81
100
50
64
42
79
78
71
40
40
90
53
40
68
76
39
88
42
70
54
81
75
72
80
64
41
44
68
87
85
76
75
39
47
83
337
78
85
75
73
37
32
72
57
78
81
69
45
67
43
76
66
84
41
60
47
39
40
41
74
56
66
77
38
48
45
96
65
70
72
53
64
40
42
78
62
43
76
80
80
38
43
51
65
39
78
69
70
43
29
81
41
42
89
84
86
42
44
76
68
31
44
42
76
65
41
35
40
70
79
66
78
42
29
66
65
64
41
50
69
82
43
83
46
72
45
45
43
41
41
90
71
64
45
59
42
42
42
75
77
54
43
68
47
81
42
141
94
67
85
53
43
45
42
42
44
59
91
76
42
86
44
62
43
87
52
75
68
72
50
68
39
70
35
46
44
78
42
76
40
70
47
63
44
45
41
73
67
74
45
60
43
73
65
67
50
69
45
89
87
47
72
74
43
69
39
78
71
68
86
43
45
41
36
61
49
42
203
43
84
92
42
70
91
73
40
81
67
72
72
39
95
40
77
69
61
79
79
89
79
39
50
44
67
66
40
56
70
41
60
89
60
48
39
82
47
49
79
73
107
34
44
93
48
42
68
74
69
59
48
74
69
46
71
79
77
63
50
62
76
79
34
73
43
46
71
26
74
81
40
38
40
63
39
86
87
44
94
75
75
73
72
72
72
47
43
39
40
33
67
65
65
84
42
80
73
43
45
78
41
43
77
93
86
38
62
42
74
46
74
42
1511
63
73
80
75
94
76
71
66
61
40
38
37
79
61
76
108
71
44
66
39
39
67
65
41
93
49
111
38
40
38
79
83
80
43
39
42
82
80
44
79
41
46
42
40
72
32
80
43
86
83
45
87
83
40
41
81
66
78
43
43
66
40
83
40
84
76
43
74
86
42
43
43
68
100
43
35
88
41
42
43
43
49
35
74
68
63
35
65
38
83
70
38
77
94
41
62
42
41
90
43
77
73
39
77
32
44
41
42
67
82
66
69
40
45
40
40
42
44
64
63
74
78
31
39
72
63
66
49
42
76
76
46
77
87
87
74
87
70
43
83
73
75
105
79
62
43
83
79
74
39
49
55
40
69
80
72
38
127
42
35
30
64
75
76
61
82
39
49
89
63
32
64
84
88
79
80
69
60
39
34
41
41
64
46
41
73
81
68
42
42
49
44
42
30
41
71
59
39
64
43
100
42
42
74
67
40
75
50
70
49
45
82
26
42
70
43
58
67
85
74
53
62
51
119
64
90
90
115
82
89
86
120
129
73
103
185
192
184
78
75
96
87
40
72
74
78
44
44
79
69
93
77
42
35
43
42
43
44
50
54
71
42
