147
147
152
244
244
222
263
222
198
168
200
204
133
179
203
158
200
272
180
251
194
202
148
157
134
201
208
140
304
198
151
157
137
137
154
162
133
148
143
149
198
189
212
129
191
191
149
147
205
149
137
163
143
157
188
201
136
149
136
139
198
132
137
137
141
143
162
140
144
189
145
135
194
139
145
125
140
139
145
136
155
162
211
157
201
170
223
148
192
133
154
137
145
135
205
188
135
134
133
147
149
210
136
142
133
201
140
209
151
145
195
169
142
153
149
194
133
153
211
139
147
156
146
132
183
162
135
137
201
137
154
158
140
157
134
135
146
151
189
240
191
146
275
132
149
133
133
203
149
144
136
151
131
182
148
129
140
158
212
195
131
154
152
154
188
192
152
146
144
131
202
186
145
158
132
151
188
136
201
131
134
141
212
139
190
132
131
200
133
134
132
162
137
184
146
143
149
141
135
132
132
129
195
193
141
131
184
167
131
191
193
194
138
134
135
125
151
132
434
162
219
194
150
141
126
135
143
186
131
136
150
149
149
175
136
175
120
149
165
134
146
190
148
134
137
135
135
190
130
151
134
146
145
198
135
135
149
136
133
159
137
205
179
129
146
138
131
192
136
184
201
138
134
134
136
134
197
137
147
199
140
137
206
160
146
149
149
134
190
141
202
198
135
197
130
131
187
131
202
199
131
146
197
129
194
146
136
204
149
135
130
137
133
192
206
145
186
187
162
163
214
153
195
209
136
146
122
144
131
188
146
186
145
172
136
139
132
174
132
200
193
144
136
141
145
136
135
141
139
199
124
144
173
216
185
186
151
198
129
124
153
209
178
230
155
115
186
135
160
181
135
130
133
134
150
200
148
188
132
142
134
133
130
194
160
135
162
146
145
118
132
135
190
134
128
131
133
137
199
202
136
142
135
143
128
202
130
133
139
127
136
194
136
147
148
141
134
139
128
155
130
142
168
150
135
138
135
128
156
140
135
145
136
148
154
135
129
144
173
254
286
154
206
218
136
197
192
134
191
129
149
133
139
195
128
130
130
153
135
128
190
199
123
131
180
127
202
125
171
177
139
177
150
138
121
190
131
124
131
124
119
125
143
196
190
193
185
123
175
184
151
185
186
132
193
200
147
184
136
135
203
127
200
193
125
182
139
126
183
195
174
140
125
120
173
170
121
167
182
143
172
189
140
114
125
134
200
122
139
141
127
129
191
144
139
189
131
161
192
176
127
162
195
169
163
193
175
194
192
135
176
178
123
157
174
137
181
135
172
120
134
123
179
126
139
131
147
161
173
138
191
122
126
127
132
144
171
187
136
132
128
129
179
131
125
133
124
182
196
127
126
180
193
153
203
190
129
190
127
127
194
129
123
190
171
141
211
171
201
228
155
193
171
205
126
175
140
162
128
178
156
132
238
163
204
175
162
172
152
145
199
173
191
181
146
129
198
127
201
179
123
137
177
124
145
141
199
141
185
139
125
163
170
120
182
225
193
178
190
124
170
189
126
184
182
125
191
190
184
148
153
135
138
174
127
136
182
176
136
188
178
125
138
185
144
186
200
127
138
131
118
139
178
176
134
185
172
126
185
170
141
183
126
142
197
190
119
211
146
153
209
202
132
186
133
135
205
141
133
189
122
129
125
123
154
195
203
136
180
204
138
205
196
129
201
137
139
149
204
198
123
123
190
128
128
205
123
127
129
140
149
124
159
122
195
141
134
307
137
146
231
178
127
140
194
199
203
126
146
135
167
193
239
212
174
137
203
140
212
196
139
204
138
162
213
120
186
187
184
131
194
206
142
200
211
202
125
180
119
143
124
198
155
183
135
123
163
139
143
263
160
190
191
149
204
144
157
210
122
125
205
189
130
126
191
125
135
198
123
129
221
206
143
207
208
144
128
180
141
182
133
138
136
126
117
196
131
125
140
137
140
141
212
130
137
242
147
207
191
160
136
146
167
126
125
204
129
123
217
126
129
210
128
141
206
124
128
188
131
124
191
128
134
126
149
139
202
133
199
205
125
194
202
124
192
207
136
125
181
127
192
203
128
198
185
125
130
126
146
168
194
132
183
166
137
188
145
127
123
201
200
129
125
198
118
204
192
182
182
200
145
129
129
134
201
124
121
199
129
127
183
202
187
125
205
213
125
184
210
144
146
230
149
140
158
155
244
151
147
232
233
160
215
165
176
162
146
146
242
152
155
147
224
144
222
156
157
205
212
156
153
220
139
227
145
143
142
223
168
226
143
146
157
230
141
207
157
144
149
215
