145
113
153
207
73
69
67
78
67
107
74
70
87
54
61
61
60
35
52
84
77
41
53
58
87
45
57
53
48
59
55
75
55
34
49
52
43
66
49
50
42
73
71
86
50
44
79
57
50
55
49
50
91
97
50
50
49
81
79
59
57
42
50
71
65
71
70
62
42
73
70
78
72
41
93
67
83
73
73
126
63
74
60
50
50
71
51
47
58
72
71
41
66
71
52
66
43
49
88
70
68
58
46
42
72
53
61
76
87
74
72
65
81
80
53
50
86
70
73
72
42
44
63
62
59
67
63
73
52
80
88
67
65
139
80
88
71
49
44
77
69
65
74
63
61
83
53
63
73
61
83
66
69
64
68
52
77
58
54
65
105
45
66
65
76
43
61
56
67
63
42
83
68
69
77
60
55
67
73
69
71
76
74
43
73
65
52
67
76
62
53
42
58
77
65
48
57
69
74
57
41
42
72
62
68
41
65
72
59
71
62
73
50
40
43
81
75
52
75
68
63
60
39
62
65
63
71
69
34
65
51
63
43
55
75
68
67
67
48
50
78
68
57
69
47
60
63
72
63
51
77
87
78
57
90
57
66
81
38
74
88
69
71
79
61
82
73
79
71
71
86
74
52
55
67
74
79
95
74
73
64
94
62
78
99
78
53
97
89
80
98
79
83
125
52
49
83
74
35
75
65
66
57
67
68
87
76
66
80
38
53
54
48
40
80
61
60
64
47
79
57
62
40
41
51
58
84
67
45
76
81
62
66
40
44
60
69
65
68
73
68
60
72
62
55
139
33
58
46
80
71
64
45
86
80
62
71
71
51
45
41
79
60
50
43
41
55
54
61
43
72
78
75
74
65
74
50
82
79
63
50
91
66
71
74
93
76
62
74
87
62
67
71
82
89
103
69
42
60
50
70
73
57
77
51
55
65
84
83
70
50
60
61
77
73
47
92
187
64
63
83
67
65
74
79
110
86
59
43
77
84
50
79
64
68
66
88
78
51
41
43
77
78
66
47
48
75
51
97
64
83
61
42
55
72
78
73
44
57
77
58
67
64
52
43
83
69
69
57
43
79
71
97
75
41
77
75
78
69
69
79
65
65
71
51
78
68
56
66
69
48
163
82
47
72
61
41
42
45
91
86
96
92
48
86
71
49
69
88
44
226
62
84
75
50
73
72
50
43
81
62
87
64
73
42
84
53
66
67
58
55
61
170
89
79
43
49
83
43
113
120
108
103
128
79
43
46
69
50
80
42
78
63
70
71
69
100
84
77
43
74
73
49
41
67
58
61
42
63
68
71
74
75
83
79
84
220
74
63
75
42
70
72
85
82
71
66
65
67
58
61
72
70
64
50
92
42
59
61
66
42
84
71
70
78
74
74
55
43
42
67
64
79
46
56
72
55
76
82
77
78
40
69
81
75
71
54
75
69
54
59
60
66
71
63
77
62
70
43
41
107
54
70
43
44
81
71
62
73
69
71
69
92
66
51
58
42
86
67
67
47
42
69
60
62
42
64
88
73
75
55
46
42
81
49
61
64
76
51
43
70
82
53
83
88
67
58
42
49
55
72
42
64
55
61
43
71
57
68
43
73
68
82
70
87
77
64
64
73
43
70
68
77
72
44
76
53
72
62
58
62
42
78
68
60
85
417
50
87
44
73
74
77
71
67
70
65
42
84
65
65
42
70
61
41
42
67
41
41
71
80
72
61
71
79
85
64
66
73
48
43
87
70
47
78
72
64
56
98
66
42
42
80
69
68
43
42
74
58
42
71
61
77
72
65
49
94
43
64
65
66
66
54
70
84
65
73
68
68
44
67
74
74
42
90
83
76
72
70
81
43
84
54
65
73
73
61
67
75
78
63
69
42
73
75
60
70
65
69
71
61
66
43
89
55
75
72
40
65
83
51
68
68
64
72
62
64
58
57
97
96
105
47
82
77
97
108
111
109
53
98
48
85
98
84
59
59
57
94
106
87
98
107
63
103
77
63
121
106
63
107
84
56
98
76
78
76
68
77
60
94
47
83
84
93
63
69
51
85
68
59
46
80
74
78
61
68
85
50
88
92
94
85
83
95
72
50
94
47
83
134
50
75
80
86
90
58
57
87
83
71
44
42
74
52
42
61
68
88
76
60
54
69
61
57
50
82
70
67
41
74
61
42
42
93
59
42
41
75
58
72
60
63
61
64
71
64
51
74
62
78
49
74
55
61
61
48
67
63
63
79
59
70
46
70
70
55
72
72
69
49
64
86
77
81
76
72
73
50
73
