156
216
155
162
171
156
164
169
147
154
126
104
50
51
165
156
84
135
131
69
111
92
95
85
62
74
49
34
53
68
78
56
78
77
75
76
50
74
93
63
49
88
101
64
112
87
92
112
107
149
127
130
109
87
104
153
133
135
103
134
153
123
105
115
109
113
146
110
134
156
123
119
119
77
111
109
106
127
100
115
102
122
148
119
102
109
127
143
118
106
106
94
122
111
107
109
122
111
123
89
122
88
287
78
71
100
102
90
52
97
50
80
50
50
50
52
73
50
68
85
67
90
84
75
94
69
63
75
82
60
70
71
66
58
65
69
72
69
55
63
64
168
62
51
50
52
56
79
68
82
67
77
51
70
68
77
63
74
77
59
47
61
76
71
65
60
78
71
68
62
50
67
62
74
63
73
72
43
75
66
49
66
93
50
58
49
73
71
72
57
63
56
73
70
58
75
78
66
63
60
75
66
53
58
77
50
71
78
79
794
50
69
74
61
74
52
64
62
74
70
85
57
62
61
53
72
66
57
77
61
84
70
71
66
58
38
77
65
50
61
51
69
47
53
61
56
70
76
68
72
53
75
66
60
59
80
51
73
59
69
66
86
70
50
66
71
79
47
43
61
63
1977
63
50
66
57
66
85
61
63
66
65
54
60
65
46
64
68
55
71
67
68
76
75
61
52
69
142
63
76
50
52
81
54
54
84
60
66
52
62
51
70
71
75
75
71
50
63
58
68
57
65
64
60
78
51
70
74
84
65
49
67
64
71
79
50
72
78
64
80
50
69
55
90
85
57
69
66
58
63
62
79
66
64
54
71
68
56
74
48
72
56
50
64
74
58
71
50
68
65
48
66
76
54
59
64
55
58
61
51
82
42
79
58
81
63
50
73
67
68
49
53
68
69
62
72
45
74
62
53
57
50
64
60
77
73
66
63
66
65
62
47
75
86
62
52
68
54
72
64
72
68
49
59
60
66
67
67
50
77
63
59
68
86
80
61
79
77
78
70
73
51
68
64
71
77
52
71
70
78
65
77
78
75
72
74
96
76
43
69
92
107
81
97
66
67
65
63
79
67
51
57
50
82
69
83
75
79
49
84
113
80
88
50
70
75
75
71
76
78
64
71
63
69
68
66
76
70
51
68
79
74
68
73
61
56
54
53
53
78
58
71
52
52
82
52
76
79
66
87
76
63
80
63
92
81
69
57
67
75
78
73
65
60
70
69
67
77
49
73
50
78
62
79
72
49
68
65
51
72
73
63
72
69
66
65
80
57
78
77
68
69
80
81
64
63
66
61
65
57
71
47
70
98
49
62
49
74
60
47
66
63
70
68
76
75
67
56
62
75
65
58
56
69
68
58
56
58
58
61
55
66
51
58
49
66
60
70
64
66
70
86
49
66
71
67
70
62
73
66
74
71
70
73
60
51
91
62
63
65
87
49
94
65
81
49
90
55
78
66
59
74
61
75
72
76
60
70
70
63
51
72
60
61
53
61
66
59
78
80
68
66
65
56
71
52
69
56
58
75
63
69
81
69
59
68
86
54
61
69
74
71
79
70
70
84
83
60
76
71
74
59
54
71
60
89
50
63
69
70
75
49
64
57
69
71
68
67
68
52
67
46
52
52
65
79
62
63
80
50
70
59
59
86
71
63
65
68
82
49
82
43
86
74
85
68
82
64
80
73
84
82
66
853
90
69
71
51
69
57
67
50
82
73
67
71
50
79
80
44
70
57
64
67
75
77
50
67
49
73
60
70
64
73
67
60
70
65
87
87
69
75
73
70
73
67
69
70
69
88
62
67
86
53
65
82
70
73
67
79
67
81
61
68
78
86
73
71
88
73
80
62
97
65
85
94
101
93
109
86
54
75
98
99
100
110
105
102
79
84
84
92
51
79
54
92
79
68
76
86
52
80
80
74
68
68
75
79
49
71
97
77
55
52
70
68
58
52
66
47
73
62
65
61
73
72
60
61
44
34
81
80
80
66
63
77
72
67
68
63
61
67
67
76
85
74
67
50
51
81
74
46
63
67
66
60
52
69
62
65
65
50
56
60
67
73
47
61
78
77
70
63
73
46
69
56
61
72
73
66
65
58
65
49
50
78
70
54
62
54
58
55
53
89
66
56
75
84
79
75
81
77
75
74
34
58
84
99
93
84
76
61
69
62
73
70
52
71
69
53
69
72
71
63
66
74
51
69
50
55
64
68
66
43
63
58
68
57
59
70
91
82
79
51
72
52
50
78
71
65
1682
73
80
73
68
71
70
69
50
75
