213
214
177
222
219
189
193
178
248
178
195
226
246
184
187
187
177
223
231
181
207
168
230
194
177
211
233
231
189
207
182
209
190
197
180
206
178
188
166
177
186
210
180
177
235
175
185
179
183
246
221
195
181
187
213
189
180
212
201
195
196
201
210
198
202
200
217
206
182
218
233
243
187
236
209
191
249
192
213
235
236
197
205
203
212
176
247
212
203
226
185
215
229
259
296
210
202
299
243
193
237
219
251
178
211
250
203
195
194
208
233
219
230
209
186
198
187
251
223
223
217
207
210
237
225
264
184
213
260
193
208
236
200
227
196
218
202
218
259
198
201
213
208
240
212
203
251
208
209
256
214
218
223
201
246
249
195
244
202
288
193
195
186
268
193
198
240
201
198
261
198
199
211
260
202
212
248
248
201
193
247
179
184
213
203
218
241
191
199
216
189
208
186
219
176
180
193
191
215
182
183
173
168
264
190
192
188
172
159
217
176
200
185
223
352
203
185
186
222
185
194
191
184
224
192
179
169
183
243
179
177
204
200
186
201
187
174
187
192
299
172
192
171
205
1463
197
189
162
179
178
248
201
182
185
185
175
172
184
217
213
182
211
186
197
221
194
177
182
219
175
187
239
228
183
223
203
175
191
180
196
225
175
182
225
240
177
213
196
181
222
184
176
185
183
260
185
174
232
169
182
280
198
233
162
169
194
242
187
207
196
209
221
212
209
225
204
211
257
221
261
202
220
201
219
223
205
186
272
193
231
205
205
234
206
289
208
318
212
336
223
203
198
219
239
206
183
190
205
235
201
215
210
245
203
219
226
211
192
202
206
208
231
206
214
195
242
244
199
244
231
209
207
226
213
209
216
210
232
209
232
246
226
220
213
206
192
218
223
217
207
210
204
243
227
200
203
219
209
215
219
216
211
226
211
213
216
207
208
226
223
208
215
224
221
299
224
190
205
210
201
250
298
211
209
225
220
216
208
241
225
229
214
247
191
213
207
213
210
272
240
206
350
222
230
284
222
224
216
218
226
221
213
218
227
246
214
236
249
222
253
214
254
239
222
231
262
225
215
235
212
222
284
220
209
209
211
208
202
215
189
245
204
225
209
236
231
210
254
199
215
198
235
244
194
202
205
219
1418
231
206
216
220
202
257
279
219
210
216
216
239
220
200
213
208
220
260
219
218
222
212
220
213
203
249
213
206
193
206
227
423
237
228
263
219
190
209
208
221
205
220
247
217
327
207
202
214
207
208
231
224
227
232
206
227
233
208
293
218
206
208
245
231
237
191
225
224
199
231
240
235
196
223
236
225
239
218
232
207
283
224
212
234
215
217
230
232
232
209
217
233
237
234
225
234
230
232
237
200
223
228
197
354
211
228
205
218
219
192
224
303
181
229
203
217
220
318
244
222
218
218
237
227
206
232
217
369
214
216
234
312
221
230
221
248
224
238
219
238
230
242
215
197
206
190
217
233
259
227
221
221
223
216
216
228
229
209
206
215
215
210
252
230
226
224
219
228
228
223
192
208
218
233
227
214
231
203
232
224
227
221
209
218
198
192
185
233
223
194
196
181
247
196
234
200
197
184
208
565
187
176
196
193
208
286
187
200
196
193
185
211
178
190
187
202
188
198
191
202
198
205
188
206
197
341
236
188
194
186
228
210
188
182
204
191
188
190
190
187
188
227
190
193
193
201
195
190
193
179
188
193
187
197
187
263
191
181
198
247
196
194
181
208
174
188
181
196
203
177
194
196
190
207
194
195
219
191
175
196
179
182
195
180
184
193
213
188
194
189
183
190
212
185
195
199
197
256
186
202
179
180
211
279
245
295
246
184
221
224
255
185
210
243
243
210
205
178
215
210
182
205
199
221
197
221
225
221
220
204
257
206
215
220
217
205
214
227
207
214
222
207
241
241
235
204
283
203
234
202
218
215
248
203
214
212
208
197
214
192
221
282
206
219
216
257
269
234
201
243
233
201
210
205
216
281
224
203
211
221
218
238
205
213
238
221
264
220
224
242
222
236
240
196
215
202
220
223
274
239
200
211
259
228
210
215
223
202
224
217
216
204
308
223
237
217
281
206
229
235
236
219
226
443
264
201
198
197
345
204
209
232
257
255
188
217
192
191
189
198
277
189
233
190
251
192
195
188
181
185
173
196
219
203
178
183
191
183
219
175
182
185
187
225
174
210
182
190
179
193
191
196
215
205
230
184
194
183
178
192
191
177
191
196
218
186
185
199
192
197
180
212
185
183
236
269
188
186
229
186
206
193
