168
142
165
145
209
145
132
133
130
192
149
148
142
131
140
158
138
200
147
143
147
143
206
157
147
141
195
144
138
151
167
138
134
212
148
142
147
210
222
137
149
157
210
152
144
153
213
191
140
155
140
175
152
154
208
138
151
145
202
156
150
170
130
148
139
205
145
250
131
127
145
220
157
148
140
142
194
130
137
151
137
149
156
140
139
231
156
144
254
214
147
140
124
213
172
160
142
145
204
141
197
147
223
145
166
149
143
149
153
212
209
204
147
155
166
173
152
166
209
148
149
140
209
151
163
160
145
202
163
156
150
146
157
134
165
170
156
193
143
199
144
148
163
218
161
156
144
149
164
149
214
146
190
161
136
162
157
203
157
153
149
158
183
189
203
149
164
142
164
220
162
211
158
145
150
208
148
161
158
156
184
154
150
157
144
157
146
149
156
149
147
147
152
204
156
197
159
208
153
146
154
221
149
200
155
198
155
146
153
144
140
146
200
145
161
195
138
150
147
201
146
142
150
202
212
210
147
164
232
196
162
147
138
227
146
155
207
147
150
247
151
175
170
211
161
145
147
160
166
165
143
200
151
176
154
151
151
157
217
151
166
156
197
147
144
152
133
150
150
147
196
147
204
156
202
160
146
154
148
148
150
150
171
203
157
148
151
199
225
151
159
163
161
202
153
142
148
158
174
176
162
163
157
233
153
152
149
144
155
148
164
163
171
203
145
148
151
171
211
148
161
145
146
149
184
159
145
200
145
151
146
155
190
143
152
158
208
155
156
193
147
147
155
159
144
153
146
162
135
160
149
150
151
154
145
177
206
149
166
149
208
209
165
158
195
153
145
147
174
202
146
156
147
171
147
150
143
139
142
148
177
151
148
155
144
169
201
158
162
144
178
207
143
147
144
210
162
144
147
193
201
168
159
145
148
154
172
144
150
155
144
158
175
145
157
150
157
146
150
225
146
151
151
155
150
154
151
160
153
154
214
166
221
145
204
165
144
148
167
222
141
147
151
147
149
148
166
155
152
210
210
145
145
136
160
145
206
159
173
158
132
224
159
211
150
146
201
145
148
152
155
145
163
142
156
215
145
218
158
155
148
165
154
162
215
153
178
143
145
204
158
146
145
216
209
137
148
161
214
141
221
154
145
226
141
362
134
195
153
188
155
143
208
155
146
141
153
157
238
144
158
239
157
162
168
180
157
216
155
179
240
154
173
235
156
212
151
170
180
154
203
156
153
164
150
156
154
216
151
223
139
141
200
139
147
154
205
154
160
142
214
168
138
143
168
188
165
194
144
139
146
137
201
141
208
147
185
159
136
135
127
205
138
202
139
143
144
194
152
126
156
136
198
153
148
141
144
143
195
142
154
147
204
158
136
152
151
184
136
186
136
203
217
137
218
138
193
147
139
210
156
196
137
132
149
136
141
149
139
140
153
146
140
214
225
134
145
152
202
149
201
133
190
205
136
133
122
187
137
206
139
204
140
148
138
199
152
201
134
135
212
130
134
148
149
138
196
143
134
141
156
136
141
147
130
144
137
132
149
144
137
194
130
135
137
178
203
156
152
155
160
158
156
136
140
164
206
206
156
131
242
176
206
146
240
196
210
143
144
147
215
163
157
132
171
142
153
197
143
160
134
205
144
142
143
210
167
213
144
150
145
143
149
213
149
143
135
149
144
161
148
167
141
139
211
143
141
133
214
138
153
148
158
163
155
207
155
149
149
155
141
149
202
152
157
149
148
145
155
150
146
139
144
142
142
150
167
237
172
161
191
146
150
166
137
152
148
163
147
157
152
145
155
151
150
152
149
173
147
154
153
156
196
158
156
175
195
153
160
166
147
152
174
166
148
207
145
148
167
151
164
153
160
150
171
164
153
151
208
172
137
144
148
174
158
161
143
163
143
152
149
147
155
164
163
164
136
135
139
194
182
131
141
139
151
204
143
131
142
143
204
132
144
143
180
142
139
151
138
154
140
148
193
166
139
141
152
143
159
147
138
156
135
143
139
188
153
139
134
139
205
142
162
165
183
154
146
139
148
128
145
154
188
137
184
150
155
142
141
155
136
145
158
143
138
176
144
139
151
154
148
140
147
140
205
145
144
151
129
191
150
150
138
191
199
133
151
143
140
137
153
132
144
147
139
142
147
142
154
133
133
141
143
150
142
145
131
140
147
141
135
139
146
156
155
141
148
155
142
142
137
145
135
157
155
167
139
142
142
148
140
146
159
155
146
135
147
141
143
146
139
152
170
149
186
191
147
146
143
204
