216
177
167
167
158
157
159
167
154
114
141
149
133
161
160
155
727
171
106
109
155
110
115
164
171
149
161
154
162
107
154
149
119
162
149
161
203
157
164
155
103
131
118
117
108
151
146
174
182
149
110
154
119
151
120
155
164
157
161
135
126
180
149
163
129
153
159
123
157
154
119
149
151
154
123
126
120
175
161
154
159
140
157
151
120
158
169
212
265
203
176
154
154
124
119
161
166
102
125
153
174
167
180
127
148
113
154
125
108
157
186
149
139
147
109
115
119
162
140
159
155
145
120
179
109
157
97
159
129
127
151
181
112
144
102
135
142
170
142
109
137
150
156
150
115
152
147
163
101
150
154
119
157
157
124
96
145
137
128
162
107
126
163
175
154
125
172
170
176
109
145
150
121
173
162
148
122
131
119
144
147
134
108
163
168
140
161
113
120
122
165
141
175
129
182
144
118
150
150
168
132
154
163
169
137
167
195
128
139
169
107
165
133
164
111
136
129
185
168
119
118
163
155
126
172
123
168
129
168
159
112
118
99
158
141
168
157
160
161
135
163
146
110
175
162
117
185
173
110
120
161
150
121
184
152
159
161
111
163
120
101
174
141
129
153
136
146
125
113
142
120
115
165
108
119
153
161
161
146
166
159
127
159
118
186
172
206
225
242
179
192
222
173
198
202
164
192
176
153
188
146
123
181
164
172
146
179
159
159
126
117
159
179
100
170
153
159
122
126
105
123
164
144
161
104
127
141
127
118
111
151
137
170
173
179
192
145
179
183
128
182
156
169
205
184
144
151
140
166
151
101
167
125
160
154
152
169
116
163
168
101
138
178
155
124
185
103
125
138
111
151
101
127
125
160
160
126
169
152
118
149
117
119
104
159
148
113
118
167
116
121
112
102
171
128
136
150
163
111
163
152
126
101
119
126
165
154
145
109
149
114
112
156
127
112
187
157
157
148
150
117
119
114
187
140
156
190
99
157
153
113
161
108
163
120
164
157
152
164
169
140
133
183
110
197
223
186
167
165
139
113
167
125
232
229
240
224
173
178
266
162
248
178
250
193
210
195
198
248
238
190
194
218
166
214
199
225
328
159
199
169
166
167
186
178
134
163
146
140
191
190
178
129
172
176
162
143
138
200
162
132
168
165
105
180
179
172
115
105
162
167
159
164
127
179
129
136
152
199
167
121
181
131
210
187
111
199
160
172
174
158
166
147
174
126
104
146
179
203
214
200
199
230
159
226
315
272
219
144
186
199
150
174
283
251
261
256
158
181
164
167
173
158
158
165
114
109
160
102
119
162
157
173
160
170
122
122
121
151
207
165
134
332
159
122
156
157
116
170
168
118
135
133
115
169
132
135
165
163
128
115
160
145
155
154
146
102
162
127
133
127
108
129
116
175
166
143
114
122
172
119
149
151
199
189
173
110
158
128
169
118
177
172
126
173
150
124
179
126
142
109
157
165
117
137
174
171
173
102
159
123
120
179
116
147
167
109
161
121
164
188
111
171
178
121
118
109
123
114
167
104
101
177
162
125
152
123
163
103
181
222
158
183
105
128
167
157
159
165
154
114
165
127
175
132
164
153
168
126
142
124
204
166
105
167
123
131
111
163
123
119
184
209
175
226
190
143
147
194
124
176
171
127
122
135
174
127
152
161
177
158
159
141
137
169
162
135
243
181
199
127
206
142
135
181
123
174
154
141
161
160
101
103
151
178
154
155
151
140
145
152
165
178
164
155
161
157
156
125
174
154
190
171
110
173
161
159
160
160
187
164
158
126
168
151
164
174
119
128
167
105
170
112
177
164
161
166
117
117
156
168
160
140
137
157
152
180
165
105
159
161
136
119
122
112
114
172
195
118
150
163
158
98
155
144
165
197
109
129
183
204
108
154
153
149
160
179
154
123
155
163
112
111
173
145
123
126
153
128
179
148
148
164
138
162
124
132
187
109
147
166
158
167
164
154
162
128
131
129
186
129
183
184
129
183
172
155
127
115
173
146
185
121
174
155
132
177
105
127
123
120
178
158
163
162
121
161
166
110
113
154
155
175
153
181
119
118
165
113
118
167
216
180
169
158
152
172
168
163
137
134
164
179
164
117
165
125
154
154
129
136
177
162
135
117
149
164
171
164
168
125
172
120
125
127
180
149
148
123
165
169
164
132
207
143
131
226
169
120
138
167
157
180
165
178
190
158
116
137
131
169
158
175
156
130
175
161
172
155
173
130
122
183
164
158
176
182
109
164
168
169
125
194
165
102
168
129
114
154
177
