177
189
167
215
154
143
163
139
195
184
209
142
154
136
186
180
185
182
188
144
179
142
182
207
197
131
140
155
126
184
194
190
146
126
188
121
131
190
209
130
135
189
201
207
142
138
131
181
192
193
316
125
126
127
117
184
119
128
195
156
137
130
141
139
183
173
201
133
135
140
195
194
198
180
186
150
195
206
256
192
144
257
166
199
228
187
192
137
198
183
200
134
198
140
196
200
185
164
155
185
174
219
136
154
140
145
202
158
159
199
153
141
156
205
174
121
143
137
200
116
186
128
134
180
188
186
215
142
152
146
183
129
173
140
128
131
223
173
196
133
140
204
188
151
191
196
135
142
184
124
195
135
207
194
189
190
187
152
142
195
175
185
175
125
145
181
176
172
203
130
177
185
204
205
139
185
191
202
127
110
125
179
184
144
131
152
142
221
203
194
132
145
145
200
209
175
205
126
197
194
135
142
207
141
135
192
203
191
116
179
189
195
117
150
202
184
134
193
196
196
119
142
280
207
136
141
147
159
187
117
214
191
155
131
190
183
199
180
171
161
128
180
217
191
190
196
200
178
191
187
189
117
198
192
198
177
131
136
202
182
121
168
200
140
177
184
199
160
129
135
188
184
198
187
165
145
181
148
189
178
195
142
189
205
146
213
204
290
349
213
161
287
302
292
298
253
249
182
139
163
231
116
187
140
126
201
184
191
163
174
164
130
129
139
134
131
123
137
150
232
147
228
209
283
169
227
214
183
230
164
119
169
166
179
159
126
120
170
170
125
123
139
135
135
157
124
176
148
147
165
140
134
178
175
130
175
205
134
152
134
141
179
170
131
132
184
135
130
161
124
183
112
140
132
167
113
168
167
131
123
179
131
170
205
195
115
157
114
139
187
146
150
138
149
180
146
149
122
187
162
178
114
165
178
175
138
132
143
168
171
120
168
169
120
180
140
173
177
122
166
168
114
139
188
179
133
123
147
126
188
136
175
183
189
159
172
177
156
154
128
172
167
151
151
141
180
176
125
139
121
177
180
118
185
169
161
183
125
173
128
175
126
169
125
122
139
151
173
188
120
195
165
182
129
176
133
131
123
169
137
215
171
218
195
352
297
262
313
270
322
216
287
304
246
195
204
249
206
235
203
201
166
204
196
141
214
174
174
201
162
126
122
209
243
184
222
241
269
170
218
189
130
160
170
159
123
119
120
119
119
159
158
130
175
165
164
191
123
177
153
181
145
160
136
177
183
137
177
165
163
131
120
138
125
135
188
201
177
241
209
165
133
181
169
140
164
134
127
116
169
139
175
173
137
163
168
138
175
130
130
181
115
128
186
162
121
179
118
129
160
196
111
169
131
123
170
151
137
127
159
149
181
141
122
166
163
139
152
124
137
120
169
136
162
130
132
182
130
140
185
140
195
170
146
121
196
160
131
160
138
114
162
130
113
123
116
121
180
131
126
160
188
141
179
194
111
180
160
122
188
129
172
183
128
167
129
166
138
146
137
169
156
170
130
115
123
133
180
164
135
117
172
170
168
182
124
188
198
186
129
148
173
143
143
164
147
139
140
140
130
176
142
137
165
134
176
156
161
130
189
119
140
215
134
129
175
153
137
127
138
137
126
166
120
187
177
163
176
113
139
115
167
155
134
112
141
132
123
183
139
219
192
153
291
179
215
212
132
167
166
140
139
147
131
157
116
145
149
131
181
145
158
132
127
172
190
135
126
129
130
203
178
202
147
124
214
213
203
205
125
124
155
139
173
194
205
197
152
127
199
187
197
137
134
179
184
145
156
139
150
190
142
190
136
157
136
119
127
201
119
179
203
119
129
191
159
125
132
201
221
171
292
130
181
191
190
125
134
128
116
154
201
207
136
119
211
196
196
190
193
140
128
201
317
125
111
129
186
135
211
230
149
184
214
188
192
123
132
137
175
139
191
139
189
127
200
127
220
131
194
113
124
129
191
202
224
127
135
195
127
191
194
221
233
185
142
139
128
112
191
139
148
142
196
135
185
126
201
150
122
214
139
189
124
129
125
197
190
206
124
201
187
147
114
214
163
204
192
143
128
134
136
196
131
165
197
124
127
184
1110
240
185
134
207
129
115
178
140
131
133
196
128
189
197
137
167
133
152
214
126
183
113
129
136
203
120
166
306
235
356
271
264
243
260
186
255
181
205
139
151
243
133
227
276
183
187
190
217
219
135
190
201
202
193
114
131
159
149
188
187
123
185
145
486
212
207
142
199
185
110
183
167
136
167
131
138
178
189
130
202
