163
154
214
156
157
156
141
162
205
165
165
173
143
145
206
150
147
219
144
193
197
151
157
214
156
152
150
178
220
163
145
205
152
148
220
146
164
146
146
145
155
186
209
158
146
143
149
162
229
156
150
175
151
197
158
157
160
153
147
211
146
147
200
143
177
153
144
152
147
214
141
158
164
209
160
148
165
199
201
155
154
156
199
149
149
165
158
163
204
182
159
208
251
149
154
164
212
199
147
220
207
212
202
146
145
144
216
170
163
184
206
150
179
211
161
153
147
147
141
206
151
159
156
149
197
151
192
154
152
138
138
136
141
162
193
141
143
140
165
145
204
144
141
196
149
152
149
151
203
144
159
153
206
151
151
141
146
147
131
134
219
150
139
138
169
141
138
141
139
150
198
145
167
157
134
145
137
158
206
137
142
143
167
161
191
143
146
188
140
142
150
141
214
138
140
155
164
199
141
165
152
143
159
146
142
195
148
153
155
159
154
197
158
140
144
150
171
154
154
198
141
162
140
164
140
148
206
136
202
145
154
208
142
163
211
203
128
153
203
140
147
194
216
154
159
148
166
163
153
216
151
150
150
146
141
131
141
134
194
224
169
155
152
161
148
138
141
141
141
139
139
145
137
161
214
137
141
155
210
145
144
142
213
140
137
206
142
135
138
145
154
161
162
209
148
144
144
219
141
144
203
139
135
141
156
215
145
132
229
202
250
158
160
161
153
164
218
167
174
175
177
164
163
160
177
169
179
160
154
161
161
157
150
159
211
149
151
153
164
147
165
225
154
168
224
157
164
150
150
215
162
161
150
167
151
147
211
146
147
144
155
156
150
203
149
151
156
139
150
220
137
144
145
151
208
161
146
218
224
160
184
179
146
170
153
217
145
141
222
146
140
216
159
160
143
154
241
160
144
201
151
148
214
142
142
132
202
157
143
138
196
147
198
150
142
192
138
145
225
145
145
153
234
141
146
141
152
223
138
152
174
142
149
209
139
210
220
135
141
209
137
140
152
143
220
157
151
216
147
150
204
148
210
151
148
191
212
135
139
151
135
144
137
208
214
144
211
119
145
135
138
139
135
217
130
138
202
156
152
148
143
205
153
138
224
152
157
221
145
146
200
145
148
157
161
159
143
206
127
143
139
132
143
134
154
282
143
157
138
141
171
143
214
146
143
149
169
144
143
145
181
203
141
149
191
168
189
148
202
150
143
152
142
211
142
146
214
171
143
158
142
169
162
142
155
214
143
203
220
142
152
147
140
198
150
148
303
143
158
139
137
208
163
156
145
147
148
212
152
149
147
138
149
145
142
155
142
135
146
143
152
143
139
142
152
162
160
192
144
138
156
250
144
150
203
155
147
208
160
127
162
136
194
162
155
149
143
142
136
137
160
203
149
156
206
147
192
143
147
141
158
193
166
164
157
146
148
152
137
227
152
154
165
143
165
141
144
141
220
147
156
165
225
152
152
217
153
146
147
155
150
155
171
221
161
152
144
148
226
162
224
145
172
158
149
165
223
149
164
157
253
163
163
146
155
144
230
158
148
218
158
157
154
143
170
158
150
226
148
155
218
151
151
237
156
152
149
152
149
153
166
222
205
153
153
164
163
165
163
167
188
149
168
149
198
219
151
231
221
146
146
146
156
188
150
234
156
155
149
165
328
145
156
152
241
169
145
154
146
164
161
162
161
234
162
158
150
150
147
146
143
209
148
146
233
147
160
265
162
213
157
145
229
161
163
147
150
151
133
141
143
145
150
178
132
150
137
137
137
151
150
146
190
142
135
183
133
127
135
154
135
154
148
193
140
149
167
192
140
141
195
133
139
199
133
132
139
195
141
137
149
187
147
168
213
152
133
136
138
144
137
214
199
205
136
132
138
162
135
137
149
143
136
146
143
203
141
143
200
124
145
138
138
202
138
140
145
135
191
131
139
144
131
137
142
149
212
135
142
135
160
141
155
144
143
203
209
145
140
142
216
137
157
130
144
134
206
133
153
193
135
138
194
153
142
212
211
141
142
142
135
153
137
143
148
198
224
143
140
145
168
221
156
164
216
146
161
145
160
142
158
165
148
192
154
174
141
162
141
139
205
141
139
206
206
147
142
222
169
144
141
144
192
226
159
146
149
150
149
233
203
144
167
159
142
222
140
170
199
149
174
148
144
145
203
144
146
141
159
134
161
205
199
151
211
203
135
143
224
143
143
211
141
145
152
168
147
143
148
175
145
140
157
202
153
143
141
193
144
150
145
208
164
152
171
158
183
143
156
223
