231
219
212
228
186
246
179
186
197
221
180
238
355
217
220
200
210
190
194
212
200
198
193
203
232
184
205
225
183
200
200
194
226
192
260
183
236
226
237
190
198
202
213
202
183
180
325
195
246
180
220
215
203
180
231
194
199
235
189
233
188
187
185
201
185
233
187
184
192
187
254
187
205
187
210
314
205
324
215
251
212
194
202
200
256
199
221
202
222
232
192
210
207
188
199
249
223
397
193
206
203
189
222
242
198
200
204
197
197
263
202
220
200
196
188
200
240
213
201
261
194
208
199
240
217
192
197
196
218
214
230
209
185
252
234
206
208
225
201
225
206
233
231
204
211
210
243
236
218
235
219
190
229
237
257
232
179
179
192
228
188
232
187
183
216
192
196
178
201
224
177
196
174
194
225
189
173
204
189
187
173
219
188
190
198
198
166
210
218
207
192
180
190
198
174
194
177
175
209
188
176
177
172
204
187
168
185
204
160
167
196
184
197
205
186
183
170
224
179
177
176
195
174
187
291
185
177
167
194
211
180
168
176
165
179
180
172
185
214
173
170
184
189
181
186
174
183
180
178
173
199
184
243
164
182
208
184
272
171
167
178
173
194
176
176
170
177
168
180
212
178
188
172
198
176
182
175
172
237
170
181
166
188
187
174
241
166
167
209
200
186
151
193
395
175
224
211
218
185
212
251
180
254
184
243
193
196
184
182
194
222
181
202
220
244
230
242
200
187
204
219
208
204
198
201
201
182
202
195
213
195
194
202
174
256
196
180
205
187
198
196
187
204
222
249
233
195
235
190
256
237
188
200
211
252
258
184
202
187
192
191
172
202
259
170
194
193
195
240
285
196
185
171
196
179
204
192
191
201
206
241
216
227
240
243
174
216
191
221
214
271
212
186
204
178
197
191
213
183
288
212
218
192
197
206
203
263
209
201
206
226
207
186
212
196
208
203
196
192
207
211
197
197
192
243
191
190
202
260
185
200
179
201
213
218
184
244
198
211
165
185
209
202
194
183
208
188
193
187
182
202
188
196
206
184
184
184
150
193
231
333
199
193
196
190
197
185
181
186
197
242
186
175
243
188
186
179
195
183
206
200
204
178
205
204
175
200
175
190
181
179
190
207
191
184
189
186
201
186
179
187
153
178
188
188
198
188
189
198
192
186
181
187
176
191
198
197
154
192
193
187
185
190
192
253
249
194
198
221
191
173
211
187
198
185
200
196
168
203
187
189
204
233
190
192
169
197
200
186
186
191
187
196
157
190
189
181
182
195
187
203
191
260
216
190
179
187
155
230
195
194
184
200
185
174
209
182
182
179
221
184
160
173
180
179
177
226
179
179
176
166
203
220
191
185
215
180
213
177
174
186
210
185
170
187
227
184
177
194
182
165
184
173
171
179
179
178
199
172
178
178
195
250
166
202
193
176
167
172
173
176
178
198
171
184
193
179
186
183
189
216
175
162
327
256
158
210
176
185
185
174
178
185
180
163
169
179
175
188
173
179
209
191
183
200
175
174
249
171
241
216
176
160
240
218
174
176
171
171
176
222
196
200
176
162
212
174
221
183
224
186
161
181
173
177
210
174
204
192
170
187
197
201
176
169
164
179
205
176
214
178
148
169
229
215
178
188
169
201
170
185
229
183
184
182
175
172
171
171
177
160
165
174
165
175
214
197
194
190
182
217
177
219
199
188
195
168
208
185
235
177
190
201
180
194
197
179
184
199
195
175
240
199
180
168
175
222
169
216
177
183
197
171
219
183
198
182
203
201
191
180
202
176
182
168
169
193
156
188
188
214
195
173
172
181
181
187
177
184
190
197
198
211
173
176
198
196
181
212
186
203
194
179
177
216
187
183
173
239
189
185
186
152
190
177
192
190
176
177
231
183
191
171
171
177
183
211
183
229
180
200
190
177
174
185
190
165
196
201
207
161
175
180
174
211
215
206
183
152
176
191
186
239
177
210
187
165
184
168
200
186
168
189
177
221
191
177
159
170
172
228
177
191
206
184
207
207
189
187
181
202
188
213
188
184
179
176
239
188
209
182
278
223
217
176
188
197
229
186
223
184
264
197
184
192
181
241
175
168
229
240
176
171
179
195
226
188
178
184
243
186
215
211
192
190
177
241
190
182
225
232
186
179
182
202
183
232
178
172
184
176
179
184
166
174
188
179
178
197
211
188
185
172
243
191
176
221
204
182
181
190
193
177
183
190
187
191
174
215
190
174
182
225
188
186
186
184
184
180
181
180
183
181
187
189
194
191
216
211
182
