191
173
191
178
321
269
232
271
192
171
172
202
188
229
194
179
176
172
219
182
179
236
223
245
222
193
237
183
188
230
199
173
175
188
170
162
191
207
166
189
179
159
196
212
211
176
160
185
234
173
197
177
175
230
196
191
240
213
181
320
196
193
235
261
183
354
199
255
198
192
194
237
182
197
194
198
193
210
187
210
203
252
191
260
200
285
191
188
291
201
207
231
254
178
218
194
195
186
259
226
191
205
230
187
192
198
187
174
259
177
209
201
191
199
190
190
224
197
182
216
188
343
202
202
221
208
202
203
211
262
227
228
223
234
222
199
206
210
209
226
234
208
237
243
210
204
205
219
207
206
193
222
218
229
201
193
280
196
190
225
317
194
193
215
240
190
190
178
197
215
251
184
199
172
191
178
180
213
172
193
209
199
187
247
236
205
220
203
183
200
284
254
201
195
181
184
192
220
203
204
258
196
219
192
234
201
205
165
198
184
290
205
203
186
200
252
197
213
200
212
205
233
183
207
196
222
198
296
174
200
201
209
208
246
211
201
184
207
357
218
166
195
180
196
183
193
238
187
201
223
243
260
190
165
212
199
191
251
195
196
195
198
248
252
192
202
197
363
214
183
197
197
219
220
200
198
193
185
260
196
186
245
224
197
333
243
154
234
203
254
183
197
227
199
220
193
182
232
233
180
187
197
257
234
182
187
188
244
239
276
195
201
238
218
229
198
281
192
198
263
205
206
200
199
250
216
212
200
190
237
204
213
198
222
231
200
209
201
242
201
209
232
233
207
224
196
207
187
214
199
203
206
265
187
176
225
198
189
243
195
213
190
192
193
216
206
200
201
251
239
190
211
201
184
283
217
200
224
200
198
200
208
251
198
198
264
194
199
243
202
205
215
197
243
200
198
191
194
236
197
204
232
203
206
204
191
237
248
194
336
197
236
226
221
186
209
220
196
195
198
222
203
256
209
255
277
205
202
249
259
235
199
234
198
200
274
169
214
178
179
171
165
241
164
198
287
255
243
211
160
271
163
195
182
184
224
185
202
179
219
170
172
237
173
215
201
178
159
171
172
214
187
186
202
166
168
262
174
184
181
189
190
324
180
175
169
171
186
172
179
176
226
189
189
168
210
173
270
184
170
181
206
198
178
164
213
177
172
220
177
187
190
238
171
171
329
173
187
189
208
169
190
175
192
182
210
217
183
179
218
173
193
204
165
190
198
164
173
193
165
163
166
161
238
195
164
184
179
184
178
173
223
196
167
178
214
182
176
187
197
233
172
206
221
236
210
225
216
217
241
205
223
198
223
226
196
239
213
214
223
218
207
197
214
257
212
222
224
236
215
195
197
207
244
204
238
221
193
254
201
219
205
207
255
209
220
218
287
201
223
202
196
220
219
224
249
198
202
237
218
225
192
205
251
218
216
252
238
247
204
197
206
204
199
200
234
213
191
226
302
219
236
225
231
259
212
227
192
193
231
581
206
216
234
216
184
249
228
217
202
232
193
222
213
207
182
206
213
193
218
230
203
223
221
207
250
217
220
271
197
219
226
202
233
294
203
216
220
190
213
205
215
197
190
202
229
187
205
212
200
198
194
195
194
187
255
189
228
271
201
207
207
225
198
200
210
218
225
224
209
347
196
201
177
269
214
224
219
219
201
191
182
231
211
234
189
179
230
189
213
219
187
263
201
194
219
207
206
254
178
219
209
196
206
208
213
216
243
194
199
212
229
206
217
213
205
195
198
233
197
195
277
188
203
252
208
328
201
209
217
213
184
252
250
237
212
211
212
204
211
210
209
214
193
210
229
209
231
222
201
210
224
223
232
234
205
201
209
206
236
194
204
199
159
172
173
165
188
208
166
166
180
172
271
169
187
199
213
193
187
161
213
268
183
172
176
189
166
177
181
208
174
207
176
322
176
206
196
232
172
201
186
176
284
190
163
210
180
160
175
305
173
246
172
181
162
193
196
180
202
196
192
176
174
195
197
174
187
206
240
227
176
191
174
189
176
159
209
188
168
170
161
197
176
171
221
202
166
166
173
191
163
182
215
205
171
215
177
176
192
167
175
206
169
152
188
167
182
165
223
181
167
175
167
211
169
166
193
163
167
257
163
169
188
162
201
175
172
180
180
189
182
201
182
182
197
183
265
214
176
194
178
172
229
174
176
231
180
170
203
175
178
168
181
195
187
187
180
183
210
177
185
202
183
201
176
164
175
199
190
202
166
176
181
203
165
191
176
180
184
178
183
185
220
182
259
190
185
191
215
