206
185
174
187
186
245
204
205
194
182
199
191
202
185
221
189
177
192
205
233
198
193
169
225
160
214
183
185
183
333
182
199
274
188
190
208
194
203
188
378
194
177
176
178
196
180
193
290
180
197
177
185
336
252
224
215
260
200
190
199
202
179
202
203
208
187
197
197
195
187
180
208
193
223
230
226
198
221
257
255
208
220
212
248
241
195
223
197
212
192
283
219
313
190
217
191
198
198
202
525
222
222
224
198
205
195
209
224
243
227
218
302
240
232
231
224
432
217
228
259
231
326
258
259
240
246
244
253
254
215
254
211
228
231
234
226
232
215
213
216
234
203
202
202
221
205
225
250
234
210
202
272
230
221
227
221
252
246
199
285
205
240
217
194
224
221
243
199
251
189
182
228
220
226
240
192
210
264
211
197
193
192
228
275
212
231
228
200
376
230
297
215
440
273
214
240
226
318
217
254
237
236
323
250
234
219
213
243
209
202
248
243
210
227
253
193
246
259
254
234
215
237
309
211
239
320
249
240
196
244
209
233
195
250
198
258
294
232
246
235
231
264
215
258
224
252
264
240
213
254
237
226
295
213
355
206
228
218
257
302
224
227
234
267
248
276
221
229
288
240
232
379
192
331
233
295
232
245
295
282
271
226
238
247
211
296
224
221
325
215
336
228
290
247
209
241
294
250
206
190
241
254
250
255
222
215
237
222
216
255
233
224
239
229
231
239
250
201
246
212
191
203
286
235
206
224
178
230
224
203
227
249
208
221
230
237
217
255
185
210
220
190
216
226
226
230
205
226
211
217
233
227
222
230
228
227
198
211
271
186
181
227
197
197
206
238
193
198
201
200
228
247
267
186
203
194
191
240
388
291
240
186
192
249
190
198
191
187
196
197
192
192
189
195
185
183
189
201
196
199
204
190
233
186
208
199
207
201
192
193
206
204
216
250
272
222
197
224
192
212
225
182
193
247
236
194
190
221
244
211
189
192
218
195
190
199
229
257
204
250
224
261
231
186
191
215
201
189
193
196
258
193
196
209
228
222
200
180
278
232
345
170
204
202
185
181
230
188
195
204
229
193
195
189
194
192
193
185
206
204
190
185
197
214
187
205
189
190
221
196
197
205
258
175
190
186
178
196
211
191
231
203
233
189
215
185
189
193
207
206
223
191
187
187
190
200
194
207
214
213
200
215
226
204
196
248
210
213
207
234
213
237
228
252
207
243
221
192
206
215
217
197
229
221
208
208
203
224
209
214
202
207
231
204
213
201
214
244
224
225
200
215
241
233
233
211
209
225
217
232
205
230
201
220
215
210
210
213
221
221
225
217
245
266
226
214
214
217
221
230
233
218
205
236
216
240
246
228
211
254
218
221
220
215
227
215
232
215
224
225
205
224
219
213
238
218
218
215
202
229
282
196
206
238
255
203
205
236
206
230
248
207
197
215
215
212
227
204
235
210
215
196
231
244
225
260
214
219
203
199
219
202
221
213
218
216
207
220
205
265
192
223
234
231
234
217
213
218
220
260
234
223
228
255
213
196
228
201
209
170
181
190
224
167
246
215
188
200
170
170
167
247
179
182
980
181
163
242
167
196
215
198
229
161
172
172
169
224
193
179
217
180
177
172
172
175
173
190
210
227
230
178
173
174
235
171
184
172
203
182
211
169
231
176
213
229
276
232
178
175
171
218
186
176
168
176
170
181
179
213
171
179
173
175
176
173
179
182
195
172
219
209
229
230
226
217
173
173
205
174
179
189
234
190
212
174
174
173
207
178
179
176
175
240
234
171
212
267
243
214
221
243
176
176
173
228
175
201
253
180
206
232
175
209
206
200
197
176
174
171
178
163
170
172
198
171
166
208
172
206
215
175
170
238
179
220
225
226
171
211
168
176
195
213
190
184
193
178
175
215
187
183
179
190
175
222
180
186
199
184
241
190
179
177
178
187
168
183
217
209
184
215
230
190
197
189
199
203
210
201
219
198
217
225
201
229
238
171
195
203
188
219
191
188
193
180
179
171
187
210
181
203
194
180
201
188
216
205
223
201
185
213
181
181
185
197
202
207
191
199
188
215
213
204
247
202
202
227
234
189
192
209
210
180
218
219
214
178
223
215
177
198
193
198
180
190
178
216
182
185
180
189
188
171
219
221
191
193
194
195
189
198
230
186
253
219
183
182
183
193
183
200
189
175
182
188
200
181
187
169
221
312
227
219
218
197
169
210
176
179
169
199
183
202
217
166
167
202
177
209
248
281
214
205
232
228
220
238
204
205
