135
156
183
143
156
209
207
171
219
145
293
161
229
203
266
179
260
139
209
176
142
203
184
157
133
187
185
188
139
187
175
128
127
207
135
206
123
203
155
133
191
143
133
131
191
149
192
176
143
190
131
171
205
126
170
197
139
126
125
130
191
132
143
125
187
126
132
131
138
215
179
145
140
177
128
179
187
188
130
128
204
123
127
141
145
130
114
135
132
126
195
143
127
116
201
139
165
194
124
117
133
126
183
137
136
192
148
137
177
185
199
140
141
117
171
200
187
128
231
131
134
134
221
135
150
253
132
200
172
141
306
150
215
148
142
215
136
138
210
151
231
137
160
214
207
136
216
138
218
145
150
126
138
236
210
132
213
207
148
184
139
142
263
206
207
151
200
220
153
156
168
186
214
167
211
150
156
205
162
141
222
133
142
207
149
161
219
136
201
218
156
203
134
147
135
160
131
145
148
217
138
139
217
132
137
223
136
138
161
151
166
212
139
134
143
139
150
213
172
152
236
216
201
207
224
142
141
213
157
229
125
147
196
150
201
210
138
207
134
155
148
162
206
214
149
213
214
137
152
219
132
208
213
211
213
134
221
205
140
157
218
135
225
223
234
140
138
139
141
173
211
208
137
133
137
148
218
141
142
153
143
136
217
153
147
214
209
148
228
209
205
218
134
207
211
150
138
144
140
203
223
144
143
143
131
218
143
148
218
162
148
202
175
215
137
140
212
152
134
215
142
136
138
138
158
161
150
143
183
171
211
167
160
149
132
139
130
137
214
164
220
206
179
216
147
135
279
189
161
188
208
250
263
225
202
185
146
214
163
184
308
274
237
189
212
282
176
198
153
182
293
176
197
151
184
137
139
135
138
129
193
134
136
200
135
137
179
168
199
3304
151
189
134
135
184
140
138
196
141
140
203
141
150
210
153
241
226
232
177
206
137
134
188
194
161
196
262
252
170
242
144
196
163
216
190
180
134
181
136
147
142
181
156
145
174
140
139
139
144
142
140
144
145
150
203
140
136
173
162
209
189
189
130
148
237
176
213
133
135
190
133
136
135
155
136
147
142
143
198
131
200
141
136
197
147
135
126
136
177
142
177
173
139
149
143
187
133
140
146
137
134
203
132
134
179
147
149
139
138
137
216
127
155
190
151
147
202
144
139
190
141
141
200
137
147
200
133
137
211
142
136
178
150
130
194
135
160
196
155
141
178
154
135
140
144
185
143
123
186
155
141
188
133
137
186
147
132
139
134
148
195
132
152
152
140
136
201
139
147
134
134
154
262
137
205
152
142
202
138
141
193
135
137
135
139
154
145
190
175
194
143
137
157
136
194
140
135
134
140
142
196
131
131
135
142
132
196
159
144
228
209
137
146
141
174
137
156
145
191
155
131
180
135
136
195
135
148
189
135
138
198
134
129
181
136
139
194
130
139
187
135
155
186
150
195
154
165
137
196
139
202
144
136
125
197
144
196
150
143
168
193
171
186
138
207
147
135
193
150
147
139
138
145
185
186
133
199
148
148
131
157
139
194
179
149
206
167
148
137
163
150
131
204
209
180
147
139
139
136
150
137
144
133
136
139
134
146
179
166
177
175
138
193
161
145
193
185
183
132
143
199
141
134
151
168
155
177
142
145
162
159
148
152
149
148
140
153
155
146
140
136
201
178
146
201
133
134
185
142
147
149
130
150
150
202
136
188
139
146
159
183
169
160
153
142
142
164
144
138
154
180
144
196
148
144
185
147
139
140
154
195
204
134
188
247
148
148
137
144
138
139
145
137
139
150
191
141
158
190
135
143
140
193
151
186
139
138
155
178
142
199
149
196
147
206
198
135
142
207
148
149
216
226
185
162
204
185
169
198
183
202
207
171
224
186
177
177
185
209
143
165
245
204
135
200
177
199
139
153
155
136
135
201
140
140
135
169
132
203
138
151
189
134
129
221
132
136
131
139
183
174
154
161
147
157
131
141
149
219
138
151
192
137
140
153
141
148
200
149
144
194
137
139
132
136
135
134
145
136
206
200
134
202
136
149
149
210
145
143
141
134
137
194
167
134
144
134
155
182
151
139
145
138
158
133
165
213
157
141
209
137
157
133
206
134
175
149
141
140
132
209
145
154
204
195
138
151
141
201
135
211
154
137
185
270
141
188
212
134
141
143
138
195
164
143
153
154
130
212
154
135
193
151
195
159
150
144
139
158
142
153
188
152
155
218
138
135
165
203
212
138
141
199
135
181
145
209
134
194
134
147
136
142
132
135
131
136
135
149
145
