221
193
1003
189
194
201
239
256
172
213
218
235
216
200
239
280
223
219
225
210
228
179
195
234
195
171
182
232
254
190
178
182
193
171
192
182
223
184
197
180
182
181
184
188
238
169
189
182
218
181
201
199
226
219
231
242
186
184
227
173
233
157
206
181
258
175
176
218
230
184
200
232
231
202
179
153
209
202
176
179
233
181
180
193
188
200
157
184
205
177
181
191
247
226
233
225
206
206
203
208
225
209
178
219
182
215
193
242
228
191
187
190
232
184
183
222
232
161
172
234
217
183
179
214
229
180
197
294
238
262
182
223
200
185
197
186
196
186
186
220
179
191
186
178
203
187
203
240
199
197
237
1171
208
177
231
179
192
232
218
247
224
213
199
196
224
204
258
213
213
180
224
225
205
187
194
175
210
291
182
156
200
193
160
205
216
214
225
183
206
168
159
166
163
201
178
196
162
150
165
218
169
169
159
214
178
213
157
205
162
220
216
164
214
216
336
164
207
168
228
213
161
192
189
219
167
270
188
218
210
213
226
213
214
237
219
212
180
209
168
210
210
193
216
215
224
196
190
174
216
209
216
220
202
298
199
185
190
236
205
219
208
223
250
199
240
208
232
244
209
191
241
227
179
176
232
176
247
253
246
189
180
241
219
195
178
250
230
229
178
198
309
223
189
280
179
237
194
236
223
234
231
226
231
182
208
233
227
229
232
192
225
243
181
215
184
173
175
237
229
173
220
208
216
219
238
225
182
179
263
199
179
217
176
222
201
325
265
165
309
324
211
204
227
172
231
180
232
215
208
233
216
165
200
224
217
166
174
436
225
173
224
169
216
168
233
200
167
165
187
211
168
214
265
201
164
208
176
216
217
168
240
202
220
183
163
167
239
216
198
220
233
207
418
241
165
199
166
237
171
228
196
202
203
208
162
213
172
222
283
332
166
195
227
213
168
208
212
158
319
306
202
214
213
205
209
213
172
199
212
236
163
164
211
168
230
213
212
166
222
164
166
217
254
233
306
208
215
183
169
214
210
168
285
193
186
306
222
227
214
296
327
274
403
343
211
210
166
224
211
214
234
250
223
206
253
367
351
268
283
220
194
201
226
224
246
211
217
212
195
227
224
222
218
198
206
199
219
231
203
237
199
297
209
195
217
226
222
203
189
244
219
201
214
366
208
218
211
235
211
193
230
209
203
355
219
200
228
227
224
210
199
216
219
221
235
208
207
225
367
210
202
203
242
318
200
191
223
209
264
221
225
206
352
191
200
207
201
200
208
243
196
204
364
253
274
234
229
208
216
207
210
222
191
197
233
226
219
206
202
194
211
233
198
214
206
238
260
200
249
233
214
228
219
296
240
268
269
296
286
360
234
194
266
229
220
222
210
208
208
208
226
247
214
188
227
205
213
220
264
206
215
220
235
220
218
206
225
216
214
230
199
213
200
219
429
214
209
205
278
180
204
217
293
292
257
351
270
363
231
223
233
202
208
246
199
211
216
229
206
217
187
202
184
221
203
233
210
205
212
240
211
196
225
229
229
212
207
224
201
209
215
209
218
225
195
212
218
250
246
224
204
195
220
200
209
206
210
249
197
184
188
217
206
189
208
230
216
192
194
175
191
229
202
197
263
212
188
209
211
184
185
197
166
194
226
193
208
196
210
196
193
202
180
194
207
190
197
195
209
201
203
201
205
189
193
195
205
219
200
194
210
187
214
196
206
211
190
212
185
228
195
198
208
239
184
214
203
172
182
192
180
214
192
174
176
165
162
233
218
198
226
178
194
172
154
182
194
204
211
161
177
212
177
157
203
203
176
192
172
226
162
204
157
198
158
172
205
192
204
212
170
218
196
170
161
181
161
175
196
170
171
209
200
181
200
190
196
191
275
171
170
198
156
174
175
203
171
193
177
201
171
190
170
210
169
198
176
196
175
179
155
183
174
199
171
204
164
160
159
210
175
154
154
191
171
179
206
205
164
194
196
213
167
173
210
207
153
203
158
205
226
207
210
175
164
179
201
167
193
174
185
166
219
174
201
202
178
172
218
196
172
194
194
171
175
177
211
154
209
216
177
191
177
192
191
189
262
169
180
172
169
151
213
149
177
203
161
218
174
152
157
174
195
188
212
174
183
197
185
197
150
218
157
228
328
345
460
360
317
225
351
254
231
207
209
177
207
263
194
159
194
208
196
188
213
200
174
165
201
199
236
197
208
159
212
184
203
196
146
166
202
210
226
247
233
235
215
252
233
218
312
364
273
260
357
306
272
198
260
305
