40
50
39
41
39
51
57
42
41
41
81
55
94
69
80
76
39
41
79
80
71
57
64
41
41
40
82
58
49
46
81
47
70
47
70
53
47
55
44
47
50
74
49
43
59
77
54
48
41
74
48
51
75
53
42
56
45
54
56
48
55
49
49
48
61
69
47
103
51
47
42
82
55
82
49
60
43
87
51
44
55
59
48
87
53
47
51
54
42
44
60
49
49
47
46
51
44
40
42
84
41
41
44
46
51
44
41
41
50
40
48
45
47
46
40
64
66
46
68
55
87
42
48
58
46
51
96
128
43
43
111
45
41
75
53
51
43
91
51
44
77
73
44
44
51
42
49
43
94
61
78
86
54
51
56
42
35
50
46
54
95
46
59
51
61
43
44
44
41
45
42
76
49
56
49
75
43
49
46
80
52
81
45
45
48
44
50
42
87
49
43
49
58
43
49
43
50
44
41
43
87
52
49
42
52
43
46
85
44
89
41
48
55
148
73
54
67
42
51
44
42
43
56
94
56
47
44
49
52
47
53
59
126
52
42
50
48
42
55
45
53
67
66
51
92
53
91
54
50
57
45
60
84
50
54
45
51
102
52
81
45
67
56
46
62
56
52
67
48
46
43
49
55
44
59
44
44
91
79
60
43
50
44
60
56
73
55
54
47
90
53
44
52
84
96
97
49
101
65
88
43
70
67
43
84
45
49
42
93
43
42
53
47
47
47
47
46
68
44
45
44
85
81
81
36
57
45
87
47
56
54
47
44
52
52
48
52
43
48
46
76
81
50
56
61
51
42
71
48
46
50
79
76
68
88
81
60
71
100
60
42
53
81
78
54
43
85
72
82
79
61
73
49
45
82
51
41
44
42
86
51
48
52
87
41
86
61
48
84
43
58
72
88
89
46
45
60
79
82
49
46
38
48
75
47
77
46
46
41
79
53
83
47
41
40
78
41
72
52
76
41
77
41
69
61
42
39
47
50
62
77
69
47
46
46
46
74
54
63
39
49
40
48
43
40
47
74
41
72
40
82
46
55
49
66
48
53
39
82
51
82
46
77
74
47
40
85
55
60
49
68
43
56
42
77
41
85
41
41
60
78
40
44
47
70
42
72
42
49
163
43
44
42
41
42
70
43
76
51
44
39
80
43
78
40
84
49
85
48
47
81
53
49
49
83
48
52
60
76
46
43
40
48
84
49
77
81
54
39
75
60
43
45
43
52
49
75
40
49
51
57
51
51
57
51
81
48
52
48
77
58
50
48
47
47
49
46
52
53
73
48
40
46
41
58
41
41
42
41
43
41
53
40
40
41
66
47
40
40
41
54
40
43
61
40
48
39
55
39
48
71
41
39
64
47
73
65
49
79
41
79
46
71
40
57
49
71
38
85
42
52
39
77
79
42
78
54
39
81
38
43
46
41
40
54
60
47
49
47
41
47
47
42
40
47
42
53
53
46
42
56
42
40
41
42
41
55
45
39
41
40
54
45
50
49
77
40
65
49
40
53
39
43
49
41
49
50
63
51
41
42
46
47
53
43
40
48
43
50
41
44
59
40
44
42
55
50
52
54
59
78
41
52
53
47
59
82
48
60
52
54
52
77
40
63
51
82
50
87
57
42
53
62
40
77
50
71
69
41
41
81
53
48
45
43
50
73
51
60
56
41
59
71
47
56
46
80
49
103
40
78
76
42
69
65
58
54
46
41
43
52
43
38
41
49
47
47
40
62
52
49
48
44
40
52
40
53
52
62
50
90
42
54
42
41
41
42
44
40
43
73
42
50
46
64
43
50
40
43
41
58
41
50
51
54
87
60
78
54
81
44
54
42
70
46
49
41
43
57
42
42
51
40
42
52
49
49
50
76
41
49
54
46
48
40
49
44
52
40
60
81
39
83
47
86
55
72
43
52
48
47
42
65
44
46
47
47
48
47
52
41
49
63
41
49
42
59
41
61
52
50
56
57
40
47
49
52
61
48
48
44
39
50
40
50
54
56
43
49
67
48
41
52
56
47
77
42
47
41
78
49
40
47
45
44
51
55
39
52
51
48
58
44
56
44
42
46
54
56
80
54
52
43
73
50
68
53
70
41
45
49
42
128
56
53
58
44
50
42
63
55
61
49
52
40
42
48
58
52
40
44
42
45
43
43
43
78
41
50
51
74
43
84
49
75
50
34
42
61
55
51
44
42
43
60
41
60
48
53
41
53
77
60
60
52
42
63
44
41
41
44
43
49
50
59
52
44
44
57
69
48
45
52
85
44
51
40
87
45
61
