41
52
58
81
51
53
43
73
64
50
44
51
69
41
50
46
50
75
40
82
41
47
48
55
82
51
79
42
78
68
50
47
57
48
41
79
42
41
39
53
47
41
72
52
45
53
49
45
41
42
54
52
50
51
49
43
43
78
54
81
49
51
73
41
62
45
72
44
42
72
69
49
46
45
47
42
57
82
72
41
50
67
160
45
50
41
43
43
62
62
42
42
40
42
78
41
40
50
83
42
42
54
78
59
51
62
48
50
89
46
68
44
39
68
85
42
43
55
47
50
42
94
46
42
51
68
42
71
48
52
64
48
44
46
42
42
42
52
52
42
59
80
58
64
41
45
97
53
60
49
46
42
58
79
44
70
50
56
52
43
61
54
50
44
49
46
69
77
50
41
162
52
55
80
51
52
63
76
64
48
41
48
63
55
41
57
42
53
60
54
41
42
42
43
42
46
51
52
45
51
57
45
56
46
44
55
53
48
44
49
45
55
46
43
45
46
44
69
45
45
71
52
71
50
79
56
46
43
45
51
51
47
48
57
57
46
44
49
54
45
54
48
56
68
44
64
44
50
75
96
47
69
53
75
56
89
53
57
73
45
46
45
53
53
56
51
64
89
54
48
50
99
48
74
46
77
56
46
89
53
45
53
47
46
62
74
46
45
76
49
50
44
47
44
81
75
52
61
57
52
89
52
46
49
45
63
53
79
54
45
44
55
77
56
60
43
52
70
46
43
63
41
73
67
48
49
43
65
49
43
72
42
65
42
75
55
51
42
34
41
75
52
82
42
41
41
54
50
51
42
49
47
81
43
51
59
66
49
55
58
52
42
41
40
55
87
54
58
42
47
72
42
50
47
74
53
39
70
42
49
42
56
40
79
59
47
62
54
85
41
50
50
42
40
93
77
52
40
40
78
57
40
83
47
60
51
48
44
58
49
41
66
48
42
54
46
82
53
53
42
44
40
43
52
114
43
47
44
54
84
54
71
57
69
45
63
54
43
83
44
48
53
52
80
44
63
53
46
54
90
51
52
54
45
52
88
82
51
43
49
51
51
85
78
42
44
41
49
43
75
44
50
50
43
43
50
48
42
41
42
72
41
72
58
48
49
92
72
41
41
47
75
45
49
40
59
42
50
53
44
43
70
55
47
48
83
61
48
49
51
43
50
48
44
42
50
52
59
76
48
54
41
80
48
44
53
47
43
43
48
75
77
47
48
86
40
48
50
50
50
43
56
46
75
47
53
70
48
41
79
74
55
63
53
52
68
73
43
43
73
78
42
46
74
41
40
44
43
85
42
42
48
43
50
41
43
49
67
47
63
71
65
43
50
86
72
40
40
39
54
52
46
49
42
40
39
47
50
48
58
46
47
49
42
49
67
76
40
42
43
41
57
46
53
41
99
41
42
40
42
43
51
41
51
49
83
64
42
78
79
76
47
60
61
53
55
57
82
61
59
47
40
42
41
68
43
56
49
69
95
41
53
40
49
53
47
76
51
46
44
42
43
83
41
54
40
72
40
44
57
48
88
62
59
68
83
41
69
75
49
40
46
46
52
48
55
55
65
41
47
43
49
79
76
40
41
41
72
60
53
40
67
40
49
54
40
43
40
41
39
41
48
48
44
51
79
41
47
50
46
68
49
60
55
44
39
76
50
46
46
42
48
41
46
43
67
50
40
76
38
50
57
41
82
41
55
50
73
84
41
49
40
39
53
55
46
77
68
41
64
49
41
42
65
49
61
41
68
54
49
59
40
71
71
75
43
42
50
74
57
55
50
80
59
51
50
50
39
60
60
69
76
78
55
45
42
40
48
83
51
42
50
46
51
40
62
79
46
57
47
42
42
40
51
41
42
54
48
39
83
63
48
44
42
53
82
43
94
40
46
77
59
49
46
87
56
82
47
56
83
50
49
57
48
74
43
43
42
51
61
62
49
71
39
48
75
49
47
78
39
42
40
52
46
48
78
58
49
40
58
47
74
42
50
48
54
69
60
44
48
40
75
42
54
46
53
41
49
50
46
42
39
48
43
77
41
83
47
40
62
42
74
64
54
47
58
43
49
51
76
44
40
42
50
74
53
76
41
41
41
44
49
44
41
44
81
42
51
49
41
39
48
53
76
42
60
48
82
42
53
49
61
74
48
46
44
78
48
52
48
48
75
43
87
47
43
42
65
52
52
49
64
43
51
47
48
52
72
58
68
82
41
60
53
41
68
54
84
38
45
42
63
41
40
70
53
52
44
47
64
63
56
47
43
55
40
52
47
79
49
