213
212
177
217
231
232
228
211
223
240
241
215
211
219
172
225
193
221
203
209
195
204
180
230
210
220
197
202
211
216
230
179
173
223
228
210
214
227
201
215
174
222
214
215
202
200
196
212
201
206
226
186
231
228
221
176
178
246
216
232
233
238
233
220
234
212
217
181
225
233
177
172
226
232
205
209
247
245
247
223
202
198
179
218
190
220
228
193
228
270
227
243
201
220
231
196
235
209
179
199
213
215
212
196
191
181
214
221
196
183
252
202
174
200
194
207
203
187
188
235
324
248
182
202
233
203
213
214
183
211
230
215
182
221
221
199
208
306
199
188
181
195
193
191
195
178
210
271
203
609
204
228
221
188
171
220
201
208
190
223
214
220
223
196
220
214
193
188
210
170
197
191
199
192
224
204
197
140
116
172
162
141
132
136
167
153
135
131
128
199
194
169
150
168
131
157
156
147
139
161
179
168
167
125
150
131
132
136
153
153
168
133
127
162
178
180
237
219
188
152
169
161
161
148
149
163
165
146
161
154
164
120
152
128
165
109
158
163
184
134
206
193
185
140
154
138
158
155
137
181
137
163
172
166
171
136
164
142
161
146
146
138
167
131
162
131
131
186
136
128
126
130
167
150
139
272
133
143
154
163
157
160
154
121
137
184
165
167
138
143
184
196
191
148
176
232
277
222
227
189
227
186
156
163
164
155
166
156
164
118
152
124
173
141
138
169
149
147
180
135
129
167
129
130
136
140
129
126
162
159
202
190
252
304
327
271
184
138
154
153
132
239
286
158
161
213
151
171
230
285
320
252
261
176
132
212
163
132
161
159
155
131
155
128
131
150
131
562
136
148
163
125
137
116
127
154
140
135
142
165
136
158
135
137
131
134
161
129
156
160
116
153
135
178
164
180
129
127
151
152
147
130
138
147
131
142
192
134
155
128
159
130
141
158
138
156
176
148
146
150
129
135
157
139
160
121
153
137
168
153
150
250
135
124
161
144
146
136
183
183
133
136
114
146
161
135
143
139
157
139
165
173
164
165
157
127
155
144
135
139
185
159
168
154
144
466
193
195
225
255
242
178
156
172
168
137
136
129
193
138
164
231
131
137
129
163
154
242
134
147
140
136
145
155
178
131
137
176
153
159
132
117
136
208
207
266
261
176
160
143
126
214
173
251
145
151
154
180
170
135
130
138
517
160
132
131
177
194
186
438
185
228
145
166
241
227
170
193
145
196
187
185
143
198
202
172
201
173
205
229
186
203
254
201
189
185
185
206
231
270
172
182
171
198
235
201
189
178
188
193
222
191
173
189
207
199
190
216
185
180
193
172
207
174
202
201
191
191
197
204
260
194
218
195
184
184
203
187
181
148
205
197
197
189
184
184
190
191
202
209
181
188
206
183
186
214
291
197
173
171
198
196
350
193
208
174
213
207
1033
183
192
176
184
192
141
327
202
193
200
183
174
175
186
203
175
194
189
177
307
174
185
192
204
196
241
191
186
202
173
200
453
188
185
173
178
200
252
176
201
185
206
205
167
184
190
182
223
181
196
187
234
210
197
196
206
200
176
209
198
190
183
185
213
202
208
194
197
180
305
193
194
203
220
200
190
200
206
178
192
173
207
184
196
205
196
197
210
204
206
195
192
189
229
210
185
179
199
197
189
190
196
175
208
184
193
213
197
211
209
188
185
197
188
209
206
177
206
209
231
275
199
208
174
212
189
204
198
200
171
190
195
216
199
200
199
223
209
191
275
218
228
294
227
216
262
385
325
214
316
302
236
194
174
175
178
212
170
200
173
172
205
175
187
205
198
175
184
192
204
246
342
377
254
311
293
301
207
215
260
217
241
206
239
301
253
271
351
334
338
231
280
330
379
406
303
255
377
416
300
266
261
208
224
173
199
205
195
181
203
176
150
199
244
178
234
236
204
180
189
199
183
225
142
174
142
196
196
200
185
217
190
195
194
197
182
212
186
180
215
192
214
193
188
209
188
176
201
174
201
178
170
169
190
199
199
180
197
190
145
208
212
185
212
222
214
172
215
194
174
166
166
155
166
163
145
168
161
213
173
170
165
168
192
148
139
203
192
168
177
166
153
199
186
171
189
179
198
184
157
191
162
150
168
165
167
179
177
155
202
171
201
214
189
166
167
183
169
160
200
165
198
157
166
214
148
170
209
212
186
161
166
203
139
177
199
161
174
208
188
167
178
210
210
195
154
168
213
171
234
172
165
192
184
170
156
191
199
198
223
154
159
196
167
181
146
166
194
163
200
209
