75779
61691
61802
61815
61693
62464
61522
62984
61622
61586
61763
62494
61513
61786
61662
62470
61710
61748
75558
62137
75234
75201
75072
75325
75435
61623
61923
61944
62200
61776
62848
62015
61612
62164
61924
62299
61757
61699
61619
61927
61569
61591
61775
61460
61874
62280
62247
62440
75501
61903
62364
61611
61603
61533
61520
61868
61533
61702
61881
61670
61977
61837
63333
61829
62246
61609
61772
61507
61877
62097
61597
61867
61662
61806
62182
61913
61818
63071
62218
61569
61603
75231
61788
75673
62325
61431
61585
61722
61798
62854
62222
66694
61539
61559
75915
61933
61682
61529
62236
61687
