13798
14236
14372
13027
12309
12496
12152
12552
14855
12543
12289
12408
12261
12538
14260
14230
12491
12179
12448
12154
12549
12438
13483
12553
12541
12554
12576
12517
12507
13272
12584
12537
14205
12081
13499
12632
14215
12536
12079
12108
14321
12560
12430
12196
12527
14260
14465
14161
14469
12227
14213
14279
14555
12553
14211
14196
14284
14351
12256
14057
12517
12558
12373
12535
14097
14231
12225
12089
12794
12168
12537
12116
12365
14409
12575
12449
12128
12372
12394
12535
14582
14342
14074
12694
12211
12528
12596
12195
12063
12103
12167
14394
14323
14447
13241
14184
14244
14156
14224
12173
