76040
76717
77177
75467
76460
75748
75624
75248
75481
75786
75539
75935
76112
75473
75430
81563
76049
75487
75569
75974
75847
75959
75777
76883
92751
75832
75272
75965
77689
76076
75915
76886
92298
75839
75974
75424
75870
76441
75754
75863
75503
75533
75391
75611
76426
75966
75362
75453
77251
75953
75557
78529
75413
75401
77028
75660
76009
75708
76202
75433
92609
75413
75797
77417
75395
92349
75899
75854
76713
75550
75754
75380
77479
75556
75519
75854
75530
75518
76217
76988
75633
77597
75627
75522
75599
77346
75892
76470
76434
75907
75521
76030
75489
75390
75346
77007
77384
75633
76017
75500
