3012
5345
3654
3696
7403
8075
3697
3673
3578
3573
3583
7608
3550
7709
3563
3682
8081
9104
8724
10041
9837
4045
9372
8010
4096
3977
3991
3638
3048
4245
5061
4534
2479
4025
2329
2159
2147
3431
2192
2170
3727
2178
2180
3432
2193
4144
2188
2177
2158
2222
4157
2171
2195
2206
2203
3472
2211
2157
3907
2146
2188
2210
2212
2186
2203
2201
2180
2172
2191
3442
2153
2147
3836
2157
2203
2159
3481
2214
2172
2167
2197
3662
2169
3907
2188
2165
2153
2163
3791
2205
2229
2197
2170
2171
2167
2197
2171
3541
2209
2206
