83829
83499
83625
83885
84415
103665
83501
83536
84392
83211
83303
83672
83716
83491
83960
84014
83843
84157
83547
84568
83583
83706
83546
83679
83850
102177
83300
84282
102175
84116
83066
83783
83358
104150
83341
103089
83043
83274
85115
83748
83752
83499
83691
83647
83274
83301
84626
83527
83998
83875
83394
83389
83428
105184
83469
83575
84503
84185
84199
83891
83393
83325
83530
83413
83344
83366
84549
83243
83791
83377
83576
83280
83622
83387
83312
83478
83845
84010
83398
83929
83371
84297
83457
83810
103506
84230
102334
83849
84704
83680
83151
83322
83381
84032
84037
83197
83547
83278
83348
83711
