60136
60121
60122
60141
59979
60145
60552
59835
60229
61359
62199
60167
60051
60078
59758
60129
59824
59908
59724
60033
61331
59847
60019
60053
59931
60136
59793
60205
61391
60442
60048
60221
73509
73140
73310
59679
59783
59837
59670
60617
59920
59876
61485
60336
59950
59778
59841
59778
59993
59775
60352
59928
60136
60294
60301
60545
60175
74359
73138
59811
73285
60116
59845
60161
59705
59895
60212
60027
59818
60549
59878
60052
61040
59840
60392
73628
60239
59959
59987
60453
60546
60179
59797
60078
60102
59968
60265
60480
73353
73246
60117
73205
72828
73291
60204
60485
73540
60368
60078
72861
