23492
23492
23529
23477
23320
23340
23465
23673
23358
23536
23451
23735
23503
23553
23473
23744
23692
23485
23352
23271
23294
23431
28127
28208
28266
28157
27985
28058
23685
23455
28222
27986
28193
28391
28337
28362
28594
28374
28480
28221
28242
28248
23528
23497
28558
28449
23325
23416
28155
27937
24024
23595
28223
28226
23620
23886
25674
23497
23349
23341
28317
23984
24195
23344
23442
23535
23594
23373
23429
23279
23738
23463
23325
23441
23681
28341
27988
28280
23513
23360
28139
28170
23410
28196
28099
23505
24061
23529
29407
28161
23523
23291
24026
24833
23615
23593
23774
24127
23463
24109
