45310
45150
45388
45076
46432
45308
45099
46371
46405
46723
45120
45098
45231
45181
45152
44935
45124
45015
45131
55213
45094
45434
46165
54880
54745
55071
55004
54624
56307
55016
55063
45399
45102
45144
45315
46189
45631
54714
55182
45297
45138
54919
55074
55535
45377
45340
46244
45112
45273
55376
54925
55205
55115
55027
45125
45374
56351
45291
45511
55123
45319
45054
55375
45410
54577
45081
45528
56016
54912
45091
45052
45389
44951
55200
45251
54816
45061
45494
45261
54836
55500
134345
45186
44981
45055
45596
45010
46164
47365
54704
45152
45178
54954
45036
45133
45382
45274
45100
45220
55088
