79240
79136
79297
78965
79568
79767
79368
79973
79010
78982
78862
79167
79069
79686
79222
79616
79255
79311
80043
79313
79669
80792
78875
79741
80834
79728
79374
80834
80945
79136
99108
79007
79490
79308
79729
80464
78959
79681
80971
79146
79496
79611
79221
79464
78904
79002
79428
80863
79425
78766
79140
79017
78904
79191
79053
80358
79556
79216
80640
79281
79010
79263
79219
79374
79428
79216
79295
80661
78851
79042
79083
79475
80462
79830
79181
96886
79353
97000
98225
99351
96469
80411
79221
79706
80344
80188
79649
81042
79252
96459
78794
79369
79219
79338
79561
80050
79460
80399
78848
78908
