75433
74634
74729
75122
74972
74843
76754
74706
74889
75363
74919
74906
75048
93423
92467
93870
92230
91279
74620
91170
74759
74961
91488
91128
91612
90854
74996
74951
74969
74836
74564
76036
74970
74689
74587
91912
75010
91869
75165
74777
75053
74936
76394
75220
74556
74704
74489
74649
91150
74697
92215
75573
91254
74862
75310
91993
75240
76721
90830
92593
97434
75109
74722
74983
74634
74847
75845
74924
74657
74738
91427
75135
74519
92019
91212
91574
74697
75092
97107
76265
76321
74798
74714
74507
74804
74571
74975
75047
77338
74581
74742
74565
75043
74928
75974
74610
74539
74419
74586
75026
