66182
66110
66338
65883
65917
66094
66137
66554
66141
66398
65932
66094
67322
65865
66231
66287
66585
65917
66500
65936
65747
66199
67246
66024
66152
66444
66546
68071
65976
66271
80863
66334
66161
66015
66286
66152
65787
66212
65914
66601
80814
66110
66125
66083
81502
81071
66603
66188
66083
65909
66556
85218
80537
80952
66379
66063
66222
80432
82926
66426
66613
66284
65773
66565
66049
66457
66671
80756
80485
80805
66043
66476
66139
66145
65900
66699
66096
80487
66162
65964
66281
65937
82788
65931
65936
80459
66566
65818
66348
80718
80901
80859
66234
66120
65952
67016
67169
81052
66100
80827
