81543
82101
81871
81730
82184
81780
81527
81567
81990
81864
81578
81576
81638
82459
101305
81886
81778
83286
81486
82969
81640
82220
81951
83231
82841
100396
102636
100046
102670
82106
81574
81783
81607
82347
100455
100453
81504
82021
82602
81871
81480
81842
91298
81635
101672
99856
83003
81639
82909
81704
83766
82181
81742
81746
100264
83171
81644
81554
81894
82953
81643
81589
82652
81901
82403
81573
82460
81623
100240
82113
81903
84062
82191
81506
81555
81573
81576
81559
100295
82051
81553
81980
81837
104038
81884
82347
99678
102169
81767
81560
100223
81589
82048
100173
100465
81411
81564
100742
83101
81725
