3128
4590
3130
3167
3142
3145
3146
3151
3158
3155
5401
3146
3132
3184
3118
3134
3245
3155
4579
3248
3155
3144
3134
4475
3143
3139
3291
4255
3137
3152
3122
3159
3144
3180
3125
3152
3150
3124
4477
3218
4833
3132
3563
5453
6351
7286
4730
4911
4177
4342
7309
4338
6208
3837
5966
3553
3562
4520
3131
3148
4461
3124
3159
3245
3132
3158
4690
3194
4986
3469
3838
4290
3885
3826
4832
5667
6323
4946
4201
4363
3855
3980
6103
6988
6516
3866
3977
6273
7224
8817
8476
9565
4972
8733
9204
10963
9666
9986
4963
9417
