48809
48997
48673
48635
48940
48865
48496
48871
48739
48468
48862
49029
48964
58824
59505
59407
59107
48814
48683
48509
59608
48933
59178
48743
59022
59084
48474
48546
48510
60508
59435
59266
59466
59094
59194
59285
59113
59369
48681
49004
48615
49046
60332
49222
59922
59229
49035
49191
59254
59155
58979
48783
59349
59096
48465
49330
48887
59097
48836
48574
48649
48845
59193
59254
59454
48688
48700
48751
59135
59671
59239
59222
48569
52291
49144
48775
60051
50509
59175
48961
49343
48450
48531
48839
48584
48896
48837
48639
49100
48542
48515
48615
48669
48627
48492
48716
48573
48780
48541
48695
