67122
66692
67322
66888
67255
67230
67786
66711
69340
67292
66760
67301
66752
67046
66984
66745
66931
67177
66873
67025
66798
67753
68275
67150
66866
66951
66621
67046
67266
66806
67097
66784
66986
81793
83673
82102
81792
82701
67144
66810
66786
66688
67146
67065
67153
67711
67366
67195
66850
67012
66832
66834
67050
68628
66942
67373
66729
66773
67029
67357
67409
67067
66881
67579
67168
66981
84535
67571
66886
67250
68442
66700
67597
67178
66760
67085
81280
66803
66825
67312
67058
67111
67280
67937
67164
82724
67029
66717
67159
66693
67087
68261
67062
67082
67260
67212
66989
66782
66943
82113
