1587
4197
1949
2061
4701
2002
2102
4063
1792
1829
1965
1855
3535
1569
1483
1468
1431
2890
1239
1263
1239
1273
1320
1962
1363
1298
2819
1245
1364
1260
1238
1245
2669
2947
1315
1246
1312
1373
1444
1432
1424
1405
2817
1382
1503
3488
1658
1616
1574
1638
4115
3924
1823
3910
1940
3934
1857
1714
1753
1661
3709
1705
3562
3954
1803
1781
1750
3681
1744
1818
1648
3756
3957
2088
4256
2134
1968
2036
2068
4492
4590
1827
1921
1762
1774
1674
3772
1773
1875
4211
1894
1724
1770
1657
1780
4110
1781
1545
1492
3476
