24543
24965
24393
24458
24827
29316
26146
30415
29425
29185
24258
24236
24368
24366
24284
24264
24658
25627
24384
25097
24221
24260
24535
24196
28985
29465
29315
29121
31546
29263
29052
29107
24169
24289
24245
29263
29657
29223
29326
29179
29095
24713
29468
29167
29357
29269
29480
29232
29564
28983
29165
24413
25188
24470
24385
29023
24226
24234
24268
24672
24316
24494
24902
24579
24279
24225
24609
24325
24338
24658
24461
24318
24264
26137
24448
24642
24241
25264
24231
24280
24340
24560
24587
25301
24370
24272
24464
24275
24383
24473
24346
24545
24352
24489
24306
24298
24495
24458
24931
29209
