100 156,88 99 102 100 binary_medium-100-100.txt
200 141,04 239 105 100 binary_medium-100-200.txt
300 184,57 223 157 100 binary_medium-100-300.txt
400 180,73 278 150 100 binary_medium-100-400.txt
500 182,4 795 134 100 binary_medium-100-500.txt
600 153,3 228 110 100 binary_medium-100-600.txt
700 122,6 96 101 100 binary_medium-100-700.txt
800 206,25 278 176 100 binary_medium-100-800.txt
900 237,85 678 171 100 binary_medium-100-900.txt
1000 168,89 470 134 100 binary_medium-100-1000.txt
1100 136,58 214 107 100 binary_medium-100-1100.txt
1200 185,62 228 151 100 binary_medium-100-1200.txt
1300 188,18 270 144 100 binary_medium-100-1300.txt
1400 226,12 364 165 100 binary_medium-100-1400.txt
1500 206,82 371 151 100 binary_medium-100-1500.txt
1600 243,83 327 210 100 binary_medium-100-1600.txt
1700 181,35 273 134 100 binary_medium-100-1700.txt
1800 215,37 311 167 100 binary_medium-100-1800.txt
1900 214,44 349 169 100 binary_medium-100-1900.txt
2000 319,51 499 209 100 binary_medium-100-2000.txt
2100 256,4 615 221 100 binary_medium-100-2100.txt
2200 246,27 346 204 100 binary_medium-100-2200.txt
2300 293,53 4658 188 100 binary_medium-100-2300.txt
2400 213,52 373 146 100 binary_medium-100-2400.txt
2500 248,29 355 190 100 binary_medium-100-2500.txt
2600 244,19 736 191 100 binary_medium-100-2600.txt
2700 276,54 356 234 100 binary_medium-100-2700.txt
2800 229,04 340 132 100 binary_medium-100-2800.txt
2900 238,36 378 143 100 binary_medium-100-2900.txt
3000 200,2 280 171 100 binary_medium-100-3000.txt
3100 272,7 436 172 100 binary_medium-100-3100.txt
3200 354,56 632 256 100 binary_medium-100-3200.txt
3300 191,63 246 154 100 binary_medium-100-3300.txt
3400 215,77 377 150 100 binary_medium-100-3400.txt
3500 281,87 418 1232 100 binary_medium-100-3500.txt
3600 260,22 375 1129 100 binary_medium-100-3600.txt
3700 308,46 500 1294 100 binary_medium-100-3700.txt
3800 215,12 979 151 100 binary_medium-100-3800.txt
3900 197,25 415 113 100 binary_medium-100-3900.txt
4000 179,93 346 119 100 binary_medium-100-4000.txt
4100 283,64 399 243 100 binary_medium-100-4100.txt
4200 204,3 402 150 100 binary_medium-100-4200.txt
4300 189,79 63 63 100 binary_medium-100-4300.txt
4400 226,12 386 160 100 binary_medium-100-4400.txt
4500 190,31 305 159 100 binary_medium-100-4500.txt
4600 332,79 6113 225 100 binary_medium-100-4600.txt
4700 218,46 396 137 100 binary_medium-100-4700.txt
4800 255,13 391 201 100 binary_medium-100-4800.txt
4900 268,53 419 208 100 binary_medium-100-4900.txt
5000 221,94 773 147 100 binary_medium-100-5000.txt
5100 228,59 411 157 100 binary_medium-100-5100.txt
5200 273,37 419 198 100 binary_medium-100-5200.txt
5300 172,6 315 116 100 binary_medium-100-5300.txt
5400 271,95 457 161 100 binary_medium-100-5400.txt
5500 311,01 592 199 100 binary_medium-100-5500.txt
5600 204,31 362 157 100 binary_medium-100-5600.txt
5700 231,89 348 195 100 binary_medium-100-5700.txt
5800 246,13 381 169 100 binary_medium-100-5800.txt
5900 203,44 588 164 100 binary_medium-100-5900.txt
6000 291,06 533 214 100 binary_medium-100-6000.txt
6100 224,88 529 152 100 binary_medium-100-6100.txt
6200 292,38 555 165 100 binary_medium-100-6200.txt
6300 182,59 339 111 100 binary_medium-100-6300.txt
6400 200,86 457 131 100 binary_medium-100-6400.txt
6500 264,57 5577 119 100 binary_medium-100-6500.txt
6600 168,21 325 118 100 binary_medium-100-6600.txt
6700 298,4 551 211 100 binary_medium-100-6700.txt
6800 296,15 615 211 100 binary_medium-100-6800.txt
6900 299,54 556 187 100 binary_medium-100-6900.txt
7000 239,51 388 1076 100 binary_medium-100-7000.txt
7100 302,48 534 205 100 binary_medium-100-7100.txt
7200 283,98 476 212 100 binary_medium-100-7200.txt
7300 204,02 332 148 100 binary_medium-100-7300.txt
7400 226,89 644 146 100 binary_medium-100-7400.txt
7500 202,88 406 143 100 binary_medium-100-7500.txt
7600 182,85 273 133 100 binary_medium-100-7600.txt
7700 247,21 586 184 100 binary_medium-100-7700.txt
7800 354,51 806 255 100 binary_medium-100-7800.txt
7900 261,28 428 190 100 binary_medium-100-7900.txt
8000 216,11 376 142 100 binary_medium-100-8000.txt
8100 282,66 673 226 100 binary_medium-100-8100.txt
8200 315,22 635 218 100 binary_medium-100-8200.txt
8300 179,06 637 127 100 binary_medium-100-8300.txt
8400 262,13 428 204 100 binary_medium-100-8400.txt
8500 282,32 521 204 100 binary_medium-100-8500.txt
8600 235,4 944 157 100 binary_medium-100-8600.txt
8700 265,58 6374 151 100 binary_medium-100-8700.txt
8800 268,35 540 149 100 binary_medium-100-8800.txt
8900 219 2,19 302 171 100 binary_medium-100-8900.txt
9000 379,17 644 235 100 binary_medium-100-9000.txt
9100 204,26 423 137 100 binary_medium-100-9100.txt
9200 212,57 333 134 100 binary_medium-100-9200.txt
9300 361,95 677 237 100 binary_medium-100-9300.txt
9400 221,22 401 150 100 binary_medium-100-9400.txt
9500 230,44 474 158 100 binary_medium-100-9500.txt
9600 273,24 481 132 100 binary_medium-100-9600.txt
9700 300,28 550 207 100 binary_medium-100-9700.txt
9800 318,24 535 264 100 binary_medium-100-9800.txt
9900 274,28 343 1100 100 binary_medium-100-9900.txt
10000 214,38 425 168 100 binary_medium-100-10000.txt
