85078
85236
85275
85771
85259
85520
85465
85137
84999
85244
86561
85515
85547
85800
85361
85576
85042
86706
85135
85273
87273
85231
85567
85488
85066
85176
85311
85528
85496
85226
85700
86028
85109
85488
86123
85817
84965
85577
85357
86269
85367
86855
85479
85571
85245
85469
85231
85482
84985
85004
85759
85886
85687
85280
85102
85113
85509
85389
85451
85353
85192
85258
84985
85769
85591
86645
85461
85959
86527
85419
84962
85037
85242
85441
85022
85081
85940
86101
85355
85731
85103
85966
94964
85014
85579
86161
85155
85202
85427
85206
85221
85833
85729
85233
86735
85659
85151
84859
85461
106579
