69707
69609
70225
69774
75345
69473
69568
69690
69493
69456
69945
69423
70021
69389
69614
85817
70090
70181
69840
69355
70028
69250
69440
69380
69354
69239
69810
69382
69289
70194
70289
69854
69794
85345
69928
69321
69698
69282
69471
69527
69255
70072
69766
69422
69429
70212
70095
69419
85519
70421
69410
69561
69228
69864
69852
69299
69831
69410
69322
84515
69490
69500
69348
69401
69569
69532
69548
70365
69374
69666
69364
69313
69318
69696
69584
69645
69477
69449
70388
69757
69794
69337
85236
70788
85553
69811
69671
70829
85385
69803
69659
85284
69911
69503
69720
70408
69645
70692
69570
70145
