54041
53752
65727
65602
54172
54357
53888
53925
53676
54007
54078
53799
54104
54319
54114
54311
53928
55121
54091
53889
54002
53727
53788
54097
54044
54009
53782
53849
53978
54230
53955
53823
54185
54114
54087
53941
53841
54220
53896
54173
57983
53848
54097
53915
54587
53929
53944
53801
53874
65676
54076
53938
55558
54987
54150
54056
53785
53648
54343
55155
53899
54400
53911
54731
65641
53659
53877
54031
67429
55274
54497
53708
54807
67010
66098
55345
66863
53889
54303
65680
65332
54422
66076
54480
54984
54077
65389
54043
65633
53944
54265
65587
53685
54350
53887
53948
55262
53781
65476
53799
