25831
25180
23842
23818
23899
24042
23949
19902
19991
21940
20638
20015
19924
20515
20021
20095
19899
19962
20010
19982
20507
20194
21600
20036
20040
20163
19851
20457
23930
19927
19916
19934
20359
20126
20008
20695
19878
27121
19956
20320
20084
20299
20094
21871
19871
20058
20031
19918
21388
20150
20024
20050
22010
20505
19891
20286
19883
19974
20231
19906
19877
20539
20227
19865
19887
19936
22205
20579
20578
20125
20089
20098
19985
20009
19932
21715
21721
19985
20335
23772
21848
23935
23808
20182
20045
23808
23850
23770
23827
24193
20315
23919
20222
20045
20285
19945
19977
19893
20536
20315
