57414
57261
57157
57210
57383
57304
57676
57459
58865
70344
57142
57196
58361
57444
59245
69751
69840
69951
71125
69808
57223
57888
69933
57139
70462
69644
69772
57639
69993
57395
70357
69958
57227
69686
58188
57142
58329
58247
57566
70453
57811
58233
57669
57513
57574
57861
62228
57844
57436
69508
57306
57185
57519
57630
57584
57798
71008
57218
70483
58477
57641
61141
57362
57186
57406
57136
57669
57606
57453
57836
57417
57336
70104
57587
57219
57592
70269
57389
57476
70094
57762
69883
58409
57309
57525
57790
57484
59971
57729
57300
69637
58048
57444
57253
70322
57728
70482
69688
57356
58089
