85697
84669
84366
85784
103171
84801
84664
83891
84836
85760
84121
84149
84402
103177
84194
84065
84595
104188
84485
84918
84757
84933
84282
84407
84231
84110
84182
102937
84825
84264
84679
84479
84189
84405
84159
85586
84551
84342
84839
85148
84643
84599
84959
84481
85495
84543
84390
84359
113359
84501
84621
84153
84203
84218
86316
84281
84409
84237
84722
85573
84321
86979
84227
85964
84682
84609
84632
84799
84856
84670
84324
84653
85732
104061
84595
84240
84269
84173
109370
84057
84103
84790
84195
84059
84408
85482
84495
84671
84987
84206
105368
84463
84140
84164
85198
84297
84094
84838
85228
84230
