11605
15030
13172
13208
11715
11484
11273
11530
11238
13299
11254
11548
11455
11280
11446
11638
15657
11483
11292
11285
11458
11397
11310
11428
11258
11479
11433
11370
11341
11325
11653
11496
11601
11334
11242
11403
11351
11515
13188
13323
11432
11319
11531
11411
11479
11509
11344
13011
13176
13558
11530
17592
11319
11500
11510
11272
11665
11378
11290
11422
11225
11505
11270
11337
11490
11208
11367
11264
12163
12317
11514
11230
11619
11722
11223
11480
11325
11326
11233
11237
11601
12070
11491
13176
13127
11479
13322
13160
11497
13193
13154
11514
13204
11926
12116
11719
11435
13195
13542
11443
