6491
5202
5261
6013
5296
6748
5220
5388
7954
5283
6419
5289
5218
5240
6375
5440
5971
24018
5242
6496
5221
5239
5389
5251
5992
5204
6948
7077
6574
5220
5239
5201
6459
6427
6430
5305
5233
5417
8232
9110
8263
6651
8739
8158
8095
8068
8989
5232
7289
9263
10521
8675
6020
7607
7488
6479
6001
8145
8263
8207
8558
7661
5272
5235
5290
8074
6404
5231
6540
6635
6841
6484
5230
5794
8657
10603
13702
11347
9056
8646
8263
8248
11568
6680
7849
7177
7826
5578
7174
10340
5667
5254
5233
5229
6106
6818
7149
6480
7544
5224
