6848
11880
11382
7198
6799
6264
8738
7171
8169
8415
7760
10175
12776
8623
7173
7210
6819
6800
6847
6832
10859
11270
6998
6819
12268
7248
7609
7851
6862
6860
6919
11426
5991
4289
4556
5748
6117
7489
6177
5500
4428
4721
4181
5179
4869
7364
6134
7190
6491
6238
4717
6905
4394
6082
5464
6561
8437
10265
5752
8452
6523
9930
5719
8190
5742
8361
5059
5491
7096
9589
11360
6505
10103
12610
12517
12896
12422
11797
6842
6889
6281
4195
5265
4148
5280
4128
4560
5479
6018
4140
5268
5336
4143
4163
4162
5471
5695
4132
5999
4148
