25247
25193
30238
30184
30283
30300
25596
25112
25633
25354
30639
25477
25257
30322
25283
30295
30360
30276
25267
25310
25095
25348
25093
25679
30297
30141
30351
25229
25067
25506
30206
30787
25289
30252
30120
30421
25210
25555
25521
25187
30288
30324
30092
28129
30456
25336
30291
30188
25136
30341
25596
25282
25435
30609
32410
25444
26014
26628
25208
25201
30082
30071
25352
25107
25248
25146
30271
30047
30313
30152
25549
30359
25294
25049
31646
30421
30133
25066
30291
25089
30250
30211
30482
30197
30406
25433
30162
25691
25230
30214
30210
30051
30278
32651
27082
25404
25389
25058
26131
26323
