17604
17985
17586
17511
17359
17295
17236
17375
17390
17794
18752
17277
18820
17343
20547
18784
20633
18732
17562
18761
17992
17841
18773
17488
18728
17266
18147
18766
17303
20590
20796
18747
20687
20534
20835
20618
17432
17440
20778
20699
17343
17709
17477
17488
17852
17428
18050
18709
17665
17406
20858
17439
17487
20600
20778
18742
17360
20592
20714
20775
17389
17470
20795
20742
17704
20633
20625
17325
17401
17488
17399
18763
17380
18832
17956
18024
17321
17456
17483
17413
20642
20957
17408
20714
20460
17914
17542
17378
17335
19988
20857
20488
21483
20507
20679
17286
17614
17311
20711
20752
