31809
29498
29646
29566
36093
29660
30355
30101
29721
29724
29601
29532
29500
29700
29342
30054
29875
29333
29449
29602
29638
29507
29383
29556
30449
29589
29576
29840
29497
29483
29576
30225
35628
35687
29653
29524
35553
35467
29520
35790
29583
29592
29518
29413
29614
29372
35661
29436
29521
29476
29345
29564
29365
29978
29534
35666
29547
29652
30562
29576
35892
29646
35353
29722
35444
29699
39132
35593
29801
30826
35684
29625
29624
30460
35766
35684
30483
29431
29523
29741
29362
29503
35528
29603
35701
29399
29536
36028
29672
29702
35942
29970
29470
30501
29429
29577
35681
29528
29408
35641
