41690
41573
41591
42557
41903
42911
41705
50900
41776
50594
50751
50901
41737
50806
41946
42121
50462
50756
51058
41951
50585
41619
41671
50702
50301
41837
51570
50759
41600
41885
50768
41595
41862
41863
41613
41452
41575
41812
50507
41829
41566
51073
41583
41757
42995
50433
50643
50398
50639
50454
50640
41608
41551
50800
50860
50511
51046
50559
50498
51094
50625
50795
50812
41891
50943
41855
50727
50907
51910
50647
50929
41696
50875
41544
53128
41849
41606
41891
41903
50847
41762
51039
50379
51019
41438
41909
41941
41820
41659
41686
50643
50822
50669
50756
42250
42785
41474
41892
50386
50867
