65762
65875
65344
65341
66582
65063
65172
65124
79629
66079
65004
65425
65517
80625
67131
65332
66605
81329
67622
68738
68808
66901
66811
67220
68265
68326
67221
67051
81041
66649
67043
66772
66740
67442
65257
65293
66469
66505
66550
65329
81075
79479
83322
71811
77461
68265
68316
66575
65460
65454
65622
65607
65419
65049
65022
64912
65757
66761
65050
65379
65136
65208
65080
79724
80407
65981
64916
65336
66399
65715
64899
65545
79917
65246
65089
79558
79210
65309
66388
65329
65603
79233
65607
65093
65856
65747
65366
65429
80524
66700
65596
65337
65081
65026
79990
65523
65010
79562
79269
79388
