73815
73946
73699
73938
74377
73805
75014
73675
73830
73874
74010
74610
74598
74338
74789
74586
74639
73708
73947
74229
73914
74350
73589
74302
74328
73728
73659
73710
74118
74173
73950
73813
75270
74151
74834
74561
73833
73830
90940
74281
73926
90567
74524
73947
74070
89792
74504
90287
73705
91588
90600
90671
91036
91895
90345
73686
89993
73736
74965
74196
74214
73831
74563
74066
73688
90655
73739
91054
74150
90473
75450
74226
73560
74181
74185
90454
73672
90431
92136
89834
73839
73855
75558
74171
74344
73842
90524
90906
90409
74183
74488
77168
90472
74354
73822
73876
73776
75175
74247
73918
