87265
106466
87999
87213
87456
88511
86978
86943
87107
86725
86938
86655
86839
87083
86831
87799
87075
87727
106946
87392
86946
87580
87338
87601
88093
86931
86825
86972
86757
87571
87388
87203
86873
87005
86673
86750
86921
86980
87259
87067
87315
86930
87107
86881
86721
87665
87521
88054
87018
88638
86954
87636
87151
86962
86714
87231
87473
86948
87339
110806
87013
87333
86720
86807
87527
86762
86718
87679
87143
87004
86923
88899
86813
86852
87455
86691
87237
87485
88594
86787
86921
109130
87046
86946
88538
87616
88833
87502
87374
86950
88040
87306
86745
86709
87050
87223
87598
87183
87246
106250
