43673
43559
43321
43355
44175
43222
43667
43623
43441
52533
43597
52605
44088
43410
52650
52790
53112
52788
52755
43311
44537
43456
43497
44730
53023
52700
51233
43383
43487
43428
43356
43471
44741
43464
43533
52849
43623
43668
43314
43513
43210
53320
44171
44545
43420
44184
52669
43639
50670
44082
52782
43412
43494
43519
43694
43586
43350
43545
43641
43791
43855
43919
52986
52789
43620
43221
53225
52955
52859
43392
43794
52666
53006
43506
43354
52758
52654
43433
43634
44142
43733
43964
44552
43350
44791
52713
53739
53715
52752
43235
43498
43908
43420
43611
43764
52795
43331
43335
52513
43454
