13030
16918
9406
11811
9520
10922
11239
10345
11053
13908
11379
11079
11154
11095
11015
9485
11728
9690
10981
9557
10944
9542
12019
9756
11202
9624
14234
9506
13067
9900
11637
9639
11787
9954
10963
9626
10971
9414
10969
9630
9490
9756
9745
9440
9557
11199
9551
11071
10037
11352
9574
10959
11725
10987
11144
11117
9386
9741
11007
10175
10938
9945
11172
11796
11692
9763
11182
12631
12145
9389
9395
10945
9629
11010
11007
10978
9414
17593
9435
12029
9415
9607
9378
9514
9605
9510
9427
9736
9419
9723
10949
9722
9434
9490
9394
10899
9429
10563
9760
9407
