42521
42376
42430
42852
42859
42776
42357
51919
45651
42587
52005
42776
43338
42581
51973
42579
42513
42543
42415
51586
42668
42428
42899
51602
51349
51778
42912
51633
42481
42795
52030
43047
42722
42583
51955
42463
43027
42373
42508
42529
42403
42464
43044
42396
42610
42745
42858
42497
42508
44941
42901
51669
42448
42368
45909
43152
42635
42664
42535
42570
42655
45325
52110
42998
51356
42520
42867
42532
51803
42418
51454
42377
42402
51863
42833
42413
42493
51617
52761
51739
51612
51492
42589
43038
42315
42470
42604
42451
42829
42461
42539
42349
42366
42379
42337
42975
51980
51733
42545
42640
