28872
28755
28492
28652
28736
28936
28774
28601
29438
28522
43440
34513
28667
28625
28737
28554
28647
34312
28958
29114
34395
28612
28745
34584
28605
34597
28566
28914
29289
28651
28740
34502
28966
31135
34465
29181
28725
29704
34574
34679
34531
34395
28537
28646
28687
28786
28745
28707
28701
28493
34387
28811
28776
28474
28735
28639
30226
34405
34522
34498
34293
28574
28780
34561
34361
34733
34601
34379
34925
34586
34621
34456
34532
28588
28758
29303
29014
29077
29641
28849
28640
28979
28590
28829
28519
28696
28771
29615
28973
28853
28679
34418
34466
34804
34830
28525
28648
28814
35123
28685
