81714
81297
81019
82503
80776
80810
99472
99895
98847
81291
80650
81140
80630
80987
80735
80742
81331
80679
81015
80814
80920
80658
80943
80987
80796
81002
81107
81234
82110
81504
81343
81408
80724
81175
80622
80860
82314
81481
80682
82550
80874
81824
80722
80772
80916
80577
80715
81514
80986
80563
80876
81683
81358
81220
80794
81130
81079
81180
80981
80742
80796
80772
82644
81884
81415
81207
81102
80719
81149
82071
83648
80729
80913
81351
81233
80939
81115
81075
81763
80705
81158
80997
81285
80857
81475
81229
81192
82241
81232
82381
81139
81068
80632
80682
81085
80866
80799
80973
80679
81231
