22094
21694
21857
18553
21668
18318
18124
19893
18831
18355
18236
21709
21569
18283
18256
21649
21916
18229
18117
18193
22244
22130
21752
18371
21680
21602
18281
18568
21923
21684
18553
21959
21692
21602
21674
21586
18323
21815
21910
21863
18413
18276
18341
21756
21888
18168
21735
21568
21715
21832
18421
18257
21538
18463
19417
18199
18507
21810
21783
21586
18257
18165
21911
21660
21744
19860
18248
21772
21611
21610
21756
21687
19567
18167
18625
21729
21869
18293
21690
22001
18514
21601
21634
21904
23187
21785
18724
18799
22067
21554
19828
18244
18756
18154
18340
21686
21676
21680
21617
21853
