13244
7348
9386
8885
7309
8796
7883
8585
8966
8932
8802
8087
7976
10406
15393
8740
13997
7323
7551
8603
8740
7355
8768
8863
9979
10702
7354
8335
9582
8788
7734
7376
8928
8045
11944
16908
13749
13683
8793
10122
7347
8847
8657
10525
16950
9314
15023
7337
10516
9753
8308
9059
8763
10945
8096
11587
19722
8749
7370
7349
7329
8850
7783
8695
8660
8497
7337
9125
8647
7395
8679
8653
8612
9847
14437
17654
12117
9708
10748
7374
7889
9321
7355
7888
7758
7911
7374
7768
7799
7317
7797
7372
7305
7936
8903
8674
10853
16950
14780
12630
