36973
36368
36617
36649
36281
36573
36384
36307
36931
36659
36340
36312
36602
37471
36595
36305
36357
36604
37018
36348
44381
36577
36485
36322
36503
36582
36332
44320
44109
43933
36364
36483
36725
36416
36530
36871
44343
36990
36530
36804
36400
36355
36681
36608
36430
36648
36394
36338
36814
36415
36929
44485
37565
44432
44179
36606
36550
36650
36777
36713
44158
44270
44494
44157
36802
36702
36490
44282
44167
36397
36455
36570
36530
36500
44393
44197
39152
36527
36464
36316
36492
36379
36612
44424
44277
36544
36884
36330
36538
36582
36567
36390
45216
37667
36504
36553
36482
36825
38036
36427
