50775
50558
50636
50974
61093
50428
50512
50579
50594
61397
50819
60996
50873
50200
61424
51414
61674
50301
50463
50531
51099
50485
50341
50294
61604
50672
51353
61490
50271
50277
50801
61390
50958
61317
50277
50442
50286
50521
61724
50534
53338
51649
50820
61270
52778
50524
50233
50545
50733
50322
61778
61619
61539
50774
61054
50354
61740
50657
61749
51038
61583
61467
61667
61618
51118
61403
50289
61334
61489
50475
50540
50576
61531
50847
50287
61377
60999
54825
50516
50620
50872
50231
50745
50325
50700
50482
51698
54336
52838
65637
54643
64542
51791
53058
52982
52104
55064
53073
54048
52842
