52992
54144
52935
53907
53368
52988
53972
53158
52962
53407
53047
52859
55475
53082
64764
52949
53039
53204
53353
52959
53055
53043
53118
53041
53584
53001
52864
53120
53093
52893
52861
52788
52950
54035
53223
53240
52814
53136
52926
52968
52878
53058
53036
52993
52922
54038
53677
64919
53240
52823
52929
53051
53206
52754
54255
53098
53657
52934
53120
53098
54371
54216
53531
64497
53022
52754
54258
64771
52947
53973
53030
52842
53022
54976
54346
53156
53496
53006
52754
52971
54675
64429
53317
52899
61375
54306
54134
52866
53481
53149
53123
53192
53105
52947
53451
52954
52990
53162
52813
53244
