29364
26500
31482
26159
25970
26048
26977
31405
31382
31863
32792
32179
26128
25936
26052
26153
26484
31331
26148
26022
26036
26661
26044
25947
26137
25963
26041
25916
26235
26307
26425
25895
26282
26883
25977
26551
25936
25955
25956
31338
26136
26501
26883
26273
26055
26045
26142
25926
26433
31222
26168
31194
31410
31353
31359
26233
31466
31270
31189
26026
25997
27233
26219
26143
26135
26039
26144
31331
26135
25910
32754
31654
26028
26059
26086
26533
31309
27100
26147
26136
31201
31317
31187
31165
31446
26344
26302
25948
26100
25935
26465
26377
26002
26134
26182
26169
26108
26399
26260
26211
