22915
22670
19448
19177
19108
19176
19316
22917
19002
22756
22688
22675
19060
20800
19156
22961
22754
22953
19207
19221
19217
22735
19164
19245
19093
22747
19112
22715
22767
22901
19060
19209
19134
18978
22938
22639
22802
22828
19161
19151
19486
19252
19163
19197
19349
22831
19700
22746
22644
19256
19258
19025
19287
19434
22804
24210
22925
22691
22790
19121
22804
22762
22807
19120
22767
20967
19597
20028
22784
19460
22922
22888
22921
19512
19282
22740
19302
22864
19321
19168
22890
22833
22808
19021
22608
20827
22688
19230
22795
22809
22732
19156
19168
19033
19087
19292
22768
22725
22637
22876
