73511
73612
72925
73282
73146
73217
72963
72949
73732
72915
73280
90771
73118
90078
90392
73272
73304
72850
73254
72878
72842
73090
73570
72967
73189
72991
97047
90211
73319
94089
90165
91619
73194
89138
73279
72898
93412
72839
89082
73058
73335
72942
92883
72987
72895
90787
73287
72923
73774
73271
72922
72763
89538
72972
73236
91018
89431
73093
73407
72975
73077
74215
73213
73186
89299
91298
89296
72975
73377
73279
73608
72978
73195
72659
73396
72968
73155
89537
89418
74022
73480
89555
72716
73626
73193
73367
73724
74201
73289
72960
73016
89561
90302
72922
89411
73031
73878
73735
88976
89110
