33602
27099
27229
27541
27150
26882
26784
27204
27056
27191
26916
26950
32282
26875
26748
27020
26903
26998
27034
27063
27964
27555
27200
26865
27433
26962
26915
27154
26924
27141
27246
26977
27092
26908
27591
27029
26815
27089
26900
27013
27202
26991
27440
26977
27090
26782
27568
26989
32415
32487
32369
32414
27211
26772
32350
32440
32931
27268
26874
27892
26825
27090
27221
26878
32972
26988
26951
32496
32452
32424
32647
26923
32434
32503
26898
32413
26803
26925
26993
32270
32422
32470
32459
32303
27120
32375
26951
26828
26904
32500
32359
32432
26924
27044
32915
26971
32387
27432
27057
27483
