46713
46876
46994
47087
46927
46929
46720
47021
47028
57226
47021
46748
46954
47159
57297
47334
46864
56881
47213
56998
57297
48089
46828
58176
46871
56927
46889
47596
46947
57018
56816
46842
57203
57420
47108
47071
46836
46646
46765
57422
46750
57777
46814
57358
47060
46971
46842
57048
47108
46827
57467
47084
47778
46992
46808
57095
47004
48450
57189
57189
47123
57407
57036
47250
47075
57057
57122
56976
47326
57096
57188
58603
47037
46691
46756
48250
60954
57184
56920
47047
47088
47120
46946
47080
56760
46838
46761
57282
56693
57104
56973
57288
57123
46905
47094
46660
47157
48484
47123
47185
