29813
27000
27122
22881
27035
22926
22613
27354
28500
27159
27005
27112
27211
27116
27031
23233
27222
26861
27239
27157
27005
22541
27214
27116
22757
26989
27141
26941
27241
27341
27154
27035
27102
27180
26964
22765
27278
26892
27044
22819
27046
27063
27146
22941
24359
22522
22735
24875
27059
22531
23086
22633
22860
22547
24988
22626
22892
22593
27269
22467
23136
28715
27098
26826
27075
26954
27050
22831
22569
27338
27013
22483
23060
23311
27335
27262
27009
27032
26990
27089
26960
22456
27432
27027
26952
27197
27140
27074
22714
23250
26893
27071
27154
27048
26971
27112
27162
27149
23048
27193
