1823
1744
1789
2078
1998
2236
2815
2836
2270
2621
2774
2640
2614
3061
3441
2593
1990
2031
2290
2500
2907
2265
1775
1737
1667
1635
1491
1510
1530
1518
1513
1489
1498
1521
1763
1595
1474
1501
1484
1515
1486
1503
1498
1654
1538
1646
1483
1566
1494
1490
1524
1524
1468
1757
1645
1502
1634
1577
1545
1519
1530
1677
1506
1493
1495
1730
1862
1586
1512
1604
1506
1512
1490
1593
1486
1470
1489
1677
1586
1518
1499
1629
1566
1508
1508
1479
1675
1479
1488
1545
1510
1486
1492
1555
1506
1488
1518
1538
1568
1512
