5144
9528
9418
5252
9437
9367
9335
9397
9339
5181
9270
9398
9300
9311
9304
9306
9345
9436
9290
9361
5046
5060
9322
5233
5206
5198
9288
5205
5209
9331
9275
9287
5196
9349
9258
10141
5156
9421
5096
5177
9330
10037
5178
5312
9361
9504
5170
5343
9287
10950
9383
10181
9320
10867
9343
9387
9397
9327
5208
9308
9420
5226
5320
9274
9321
5180
9313
9509
5203
5236
9353
9224
9436
5297
9296
5135
9199
9254
5055
5680
5208
5334
5265
9333
5290
5151
5036
5266
5118
5287
9336
9476
5192
5064
5165
5178
5256
5165
5206
5159
