8185
8081
8178
8025
7857
7837
7763
8162
7814
8090
14455
7888
14605
15533
14474
8005
14602
8190
8209
7843
8236
7960
7812
8044
8478
7968
8136
8041
7979
14652
14603
8042
14526
14417
14549
14575
14556
7934
7992
8087
7987
7858
14413
8004
8031
8012
14460
14450
14735
8144
14624
14680
14518
14407
14368
14524
8008
14469
8024
8085
14475
14579
8014
7998
14367
8049
7980
7994
14384
8011
8068
8010
7986
8190
7913
8196
7980
8038
7897
8157
8068
8266
14560
14430
14552
8067
8133
8013
7974
8184
8012
8052
8046
8032
7834
8269
8138
14446
14577
8152
