14765
14005
13455
13849
13756
13599
13467
13971
13870
13558
13597
14011
24868
13856
13545
13680
13079
13360
13185
24365
13336
13577
13611
13233
13111
13972
14152
13878
14110
13718
13812
24436
24727
13562
13904
13205
13218
13478
13788
13486
13647
14154
13606
13888
13326
13962
13444
13588
13175
13287
13121
13473
24531
13319
13937
13745
13487
13501
13702
13976
13615
13461
13525
24879
25036
24935
25035
12864
13531
25847
24847
14327
14574
13231
13544
13511
13327
13893
13410
15189
13511
13466
13839
13977
13458
13554
13744
13617
13519
13570
13265
13428
13796
13581
13575
13199
13492
24775
13525
24755
