7069
7049
7424
7179
7191
7255
7217
7440
7161
7306
7371
7379
8034
7264
7035
7292
7172
7025
7285
7187
7012
7184
7159
7021
7001
7172
7398
7084
7277
7286
7472
7491
7283
7166
7178
7278
7189
7160
7273
7185
7297
7278
7193
7148
7008
7227
7195
7136
7190
7258
7251
13238
13012
13190
7374
7210
7270
13032
7076
7290
12941
13038
13227
13031
7386
7411
7181
7148
13114
13047
13263
12939
7309
13066
7250
12989
7277
13128
7288
13185
13071
7244
7129
13293
13046
7122
7235
12965
13176
7247
7141
13087
13114
12799
13013
13077
13199
7338
7299
7181
