10363
10438
11093
10320
10131
10374
18175
18493
9825
10776
18681
18845
10145
9905
10538
10116
10210
9970
10221
10047
18271
18478
10421
10118
10057
10192
10175
18352
18401
10170
10394
9965
10364
10192
18604
10091
18388
10118
18432
10203
10424
10240
10195
10239
10157
18560
18500
18631
10218
18706
18744
9984
10159
10443
18469
18433
18310
18422
18634
12982
10468
10150
10341
10481
18781
18611
10153
10212
18592
18766
18392
10535
10490
18442
10469
18594
10228
11396
18761
18761
18472
10114
18499
10155
18744
10349
10095
18249
10262
10232
10145
10308
10588
17840
18836
18511
9913
10110
10467
19378
