13260
12649
23116
12571
12852
12812
13831
23598
12908
13870
13130
12892
23798
12881
13015
12961
13316
12758
13251
13184
23548
23921
13151
12898
13146
12877
23365
13039
13090
12499
13368
23477
12827
23465
23506
13139
12845
12720
12923
12616
23627
23519
12640
12617
13317
12906
12950
12976
23534
13217
13553
13200
12847
23668
13341
13068
13232
12876
13015
12819
23334
23292
23523
23345
23611
23653
23651
23606
13081
12844
12893
23315
23532
23367
23132
12877
23778
23572
23778
23620
13035
13201
13507
23545
23542
23165
12866
12897
12652
13230
13081
13011
13235
13153
23780
12868
23437
12810
23506
13282
