3440
5310
3624
4192
4799
4566
3419
3138
3308
3080
3363
3265
3038
3288
3040
3022
5700
2999
3061
5396
5744
3028
5341
6292
3368
6048
2999
3048
5440
3057
2980
3034
3010
3032
3034
5367
3009
3033
5360
3041
3035
5355
3036
3028
5313
3020
2906
5352
4010
3057
3080
7151
5397
5337
2945
3253
3237
3084
5394
5369
3234
2987
5328
3019
5762
3043
3020
5332
3021
3028
3015
3033
3014
2993
3027
3071
2975
3054
3186
3321
5482
3170
5425
5383
3271
5444
5367
3012
3027
5355
3078
2993
3021
3013
3042
3016
5636
3167
3025
3018
