7963
8001
7984
7797
7906
14077
7980
14372
14171
7846
7931
7929
14634
14217
14280
14442
14351
8131
7758
14179
7870
7635
7826
14489
14504
8055
8069
7720
8008
8382
8003
7958
14233
14169
11036
10981
10944
10976
11098
6154
6171
5950
10959
11113
10998
11099
11022
6213
6100
6564
6039
6107
11062
10977
10958
6317
6256
6444
6173
6263
6146
11052
6510
10961
6133
5932
6045
7899
14226
14273
14282
14274
14110
14484
14265
14239
7855
14276
14220
14214
7968
7660
14348
7731
14259
14290
14457
8102
7825
14254
14378
14179
14358
14237
7870
14358
14379
14381
7892
14246
