4220
4499
4441
8581
4050
3970
4245
7077
4195
4023
3984
3977
3987
4249
4231
3955
4510
4193
3990
4308
4094
3978
3869
3937
4051
3992
3977
7943
3962
7011
4069
4260
4008
3967
4074
7075
3916
4020
4111
4881
4106
3948
4122
3998
3899
3994
3971
4270
4029
4006
3940
3977
3940
3984
3997
3967
4026
4261
4042
3967
4050
3978
3945
7623
3904
3973
3959
4020
3954
3973
7060
4001
7096
4092
3875
4964
4993
5607
4322
5429
4295
4260
7064
4396
4147
7182
4010
4076
4496
4392
4079
4132
7130
4026
7094
4211
7069
4002
8924
3983
