10552
10345
10258
10630
10245
10443
10436
10219
10436
10571
10260
10231
10371
10453
10743
10377
10654
10398
10538
10387
10243
10415
10692
10547
10504
10161
18686
19126
10186
19099
19315
10699
10215
19153
10471
19221
19120
10271
10444
10470
21647
10695
10277
10623
10420
10396
18983
10636
10489
19145
19147
18700
10476
10717
18919
10231
10517
10493
10418
10413
10463
10484
10577
10411
11114
11515
10547
10583
10782
18725
10565
10566
18843
10694
10569
10457
10518
10394
10812
10435
18986
10721
18650
10652
19054
19036
10417
19177
10569
19012
10698
10556
18893
10709
10807
10432
10706
10575
10837
10499
