1825
1793
1800
2148
2126
1789
2275
1795
1797
1806
1788
2007
1860
1801
1824
1787
1810
1786
1803
1777
1797
1781
1827
1795
1795
2276
1787
1799
1785
1793
1868
2255
2049
2204
2373
1802
1834
1985
1800
1868
2142
2549
2439
2598
2980
2859
2338
2462
3008
3412
2468
3291
2954
2600
2750
3336
1794
2238
2123
2292
2212
2907
2721
2612
2465
2715
2793
2868
3035
3328
2680
2852
2987
2822
2277
2370
2044
2120
2380
2511
3292
2288
2559
2701
3270
2967
2720
2716
2940
2727
2970
2878
3255
4345
2858
2985
2781
2507
2140
2195
