1315
1540
1310
1310
1337
1345
1329
1323
1323
1456
1308
1328
1336
1474
1328
1365
1492
1475
1332
1340
1325
1471
1325
1328
1406
1514
1606
1334
1319
1321
1575
1306
1326
1501
1439
1326
1335
1314
1330
1312
1336
1448
1669
1331
1402
1525
1543
1404
1584
1527
1553
1590
1505
1405
1359
1320
1434
1583
1311
1324
1481
1347
1360
1393
1313
1302
1339
1320
1314
1438
1340
1325
1411
1326
1581
1318
1306
1317
1410
1351
1342
1319
1429
1322
1430
1316
1307
1318
1326
1320
1452
1304
1589
1321
1419
1326
1424
1326
1442
1361
