11728
11899
6629
6513
6617
6639
6439
12839
11747
11887
11879
6532
6620
6596
6316
6602
6592
6495
6652
6520
6609
11755
6530
6541
6437
6509
6513
6532
6620
11713
6515
11880
6505
11718
6554
11899
11879
11748
6734
6625
11764
11775
6568
6679
6474
6556
6609
6716
11733
6546
6683
6382
6466
6441
6784
6570
12636
6468
11683
6613
11748
6439
6401
6627
11671
11827
6549
6565
6408
11805
6654
11809
11757
6620
11774
6496
6403
6545
6613
11851
6606
6702
6767
11950
6714
6603
12654
6593
11720
6339
6500
6507
6577
6608
6517
6508
6342
6442
6467
6526
