100 98,2 99 100 100 hash_best-100-100.txt
200 92,41 99 100 100 hash_best-100-200.txt
300 99,32 99 100 100 hash_best-100-300.txt
400 94,11 99 100 100 hash_best-100-400.txt
500 92,31 99 100 100 hash_best-100-500.txt
600 91,49 99 101 100 hash_best-100-600.txt
700 93,71 99 101 100 hash_best-100-700.txt
800 163,37 99 100 100 hash_best-100-800.txt
900 344,87 97 100 100 hash_best-100-900.txt
1000 93,35 99 101 100 hash_best-100-1000.txt
1100 95,87 99 100 100 hash_best-100-1100.txt
1200 90,46 99 100 100 hash_best-100-1200.txt
1300 88,79 99 100 100 hash_best-100-1300.txt
1400 90,27 99 100 100 hash_best-100-1400.txt
1500 89,45 99 100 100 hash_best-100-1500.txt
1600 91,79 99 100 100 hash_best-100-1600.txt
1700 96,64 99 100 100 hash_best-100-1700.txt
1800 91,11 99 100 100 hash_best-100-1800.txt
1900 91,85 98 100 100 hash_best-100-1900.txt
2000 95,3 98 100 100 hash_best-100-2000.txt
2100 101,45 99 100 100 hash_best-100-2100.txt
2200 91,8 98 100 100 hash_best-100-2200.txt
2300 93,88 99 100 100 hash_best-100-2300.txt
2400 84,59 99 101 100 hash_best-100-2400.txt
2500 92,17 99 101 100 hash_best-100-2500.txt
2600 89,67 99 100 100 hash_best-100-2600.txt
2700 88,91 99 100 100 hash_best-100-2700.txt
2800 91,36 99 100 100 hash_best-100-2800.txt
2900 87,44 99 100 100 hash_best-100-2900.txt
3000 97,56 99 105 100 hash_best-100-3000.txt
3100 89,31 98 102 100 hash_best-100-3100.txt
3200 90,14 98 100 100 hash_best-100-3200.txt
3300 94,48 99 100 100 hash_best-100-3300.txt
3400 94,42 99 100 100 hash_best-100-3400.txt
3500 90 0,9 99 100 100 hash_best-100-3500.txt
3600 199,69 99 100 100 hash_best-100-3600.txt
3700 91,9 99 100 100 hash_best-100-3700.txt
3800 90,68 99 100 100 hash_best-100-3800.txt
3900 91,93 99 100 100 hash_best-100-3900.txt
4000 92,69 98 100 100 hash_best-100-4000.txt
4100 98,78 99 100 100 hash_best-100-4100.txt
4200 87,23 99 100 100 hash_best-100-4200.txt
4300 101,98 99 100 100 hash_best-100-4300.txt
4400 118,67 99 100 100 hash_best-100-4400.txt
4500 99,14 99 100 100 hash_best-100-4500.txt
4600 112,47 99 100 100 hash_best-100-4600.txt
4700 98,46 99 100 100 hash_best-100-4700.txt
4800 102,99 99 101 100 hash_best-100-4800.txt
4900 96,15 99 100 100 hash_best-100-4900.txt
5000 98,56 99 100 100 hash_best-100-5000.txt
5100 97,48 99 103 100 hash_best-100-5100.txt
5200 108,89 99 100 100 hash_best-100-5200.txt
5300 96,37 99 100 100 hash_best-100-5300.txt
5400 93,14 99 100 100 hash_best-100-5400.txt
5500 98,1 99 100 100 hash_best-100-5500.txt
5600 123,63 98 100 100 hash_best-100-5600.txt
5700 92,65 99 100 100 hash_best-100-5700.txt
5800 99,92 99 100 100 hash_best-100-5800.txt
5900 94,8 99 101 100 hash_best-100-5900.txt
6000 93,12 98 100 100 hash_best-100-6000.txt
6100 88,13 99 100 100 hash_best-100-6100.txt
6200 93,91 98 101 100 hash_best-100-6200.txt
6300 86,81 99 100 100 hash_best-100-6300.txt
6400 93,61 99 100 100 hash_best-100-6400.txt
6500 99,06 99 100 100 hash_best-100-6500.txt
6600 97,13 99 100 100 hash_best-100-6600.txt
6700 87,73 98 100 100 hash_best-100-6700.txt
6800 88,4 99 100 100 hash_best-100-6800.txt
6900 89,67 99 100 100 hash_best-100-6900.txt
7000 93,93 99 100 100 hash_best-100-7000.txt
7100 89,5 99 100 100 hash_best-100-7100.txt
7200 89,2 99 100 100 hash_best-100-7200.txt
7300 101,83 99 100 100 hash_best-100-7300.txt
7400 91,59 99 100 100 hash_best-100-7400.txt
7500 89,99 99 101 100 hash_best-100-7500.txt
7600 97,65 99 101 100 hash_best-100-7600.txt
7700 87,73 99 100 100 hash_best-100-7700.txt
7800 89,95 99 100 100 hash_best-100-7800.txt
7900 86,99 99 101 100 hash_best-100-7900.txt
8000 86,48 98 100 100 hash_best-100-8000.txt
8100 89,19 99 100 100 hash_best-100-8100.txt
8200 87,33 99 101 100 hash_best-100-8200.txt
8300 89,21 99 100 100 hash_best-100-8300.txt
8400 95,54 99 100 100 hash_best-100-8400.txt
8500 90,72 99 100 100 hash_best-100-8500.txt
8600 88,96 99 100 100 hash_best-100-8600.txt
8700 83,79 99 100 100 hash_best-100-8700.txt
8800 86,52 99 101 100 hash_best-100-8800.txt
8900 86,38 99 100 100 hash_best-100-8900.txt
9000 94,48 98 100 100 hash_best-100-9000.txt
9100 91,65 99 100 100 hash_best-100-9100.txt
9200 91,02 98 100 100 hash_best-100-9200.txt
9300 89,74 99 100 100 hash_best-100-9300.txt
9400 91,71 99 101 100 hash_best-100-9400.txt
9500 90,08 99 100 100 hash_best-100-9500.txt
9600 86,66 99 100 100 hash_best-100-9600.txt
9700 88,52 99 100 100 hash_best-100-9700.txt
9800 105,18 99 100 100 hash_best-100-9800.txt
9900 89,55 99 100 100 hash_best-100-9900.txt
10000 93,56 99 100 100 hash_best-100-10000.txt
