11097
20774
11261
11057
11593
11502
11432
11254
11385
11522
11443
11229
11003
11528
11316
11290
12283
11470
11487
11560
11417
11279
11586
11334
20489
10983
11239
20229
20443
11540
11615
11545
11239
11522
11254
11481
11565
11329
11305
20262
11152
10964
11205
20400
11222
11222
11603
11080
11517
10998
11571
11246
11231
11210
11353
11047
11480
10977
11718
20436
11266
11020
20486
12547
11193
11542
20405
11408
11232
11163
11340
20773
11507
20232
11063
11248
11359
11132
20778
11238
11060
11633
11319
11263
20560
11226
20793
11553
11028
11380
11040
11264
11176
11183
11831
20455
20554
11583
11241
20236
