100 491,43 998 1052 100 hash_worst-100-100.txt
200 394,87 643 333 100 hash_worst-100-200.txt
300 512,45 677 477 100 hash_worst-100-300.txt
400 655,06 900 1876 100 hash_worst-100-400.txt
500 774,23 995 1413 100 hash_worst-100-500.txt
600 818,54 992 1016 100 hash_worst-100-600.txt
700 403,07 486 358 100 hash_worst-100-700.txt
800 1207,05 1457 1130 100 hash_worst-100-800.txt
900 1389,17 1669 1302 100 hash_worst-100-900.txt
1000 1744,56 3441 1468 100 hash_worst-100-1000.txt
1100 1825,33 3209 1623 100 hash_worst-100-1100.txt
1200 2382,96 4345 1777 100 hash_worst-100-1200.txt
1300 2535,86 5944 1909 100 hash_worst-100-1300.txt
1400 2416,87 4026 2039 100 hash_worst-100-1400.txt
1500 2424,58 4079 2167 100 hash_worst-100-1500.txt
1600 3606,43 8586 20578 100 hash_worst-100-1600.txt
1700 3348,31 7667 17700 100 hash_worst-100-1700.txt
1800 3471,44 6551 10112 100 hash_worst-100-1800.txt
1900 3824,86 8661 10240 100 hash_worst-100-1900.txt
2000 3534,33 7455 2821 100 hash_worst-100-2000.txt
2100 3830,8 7151 2906 100 hash_worst-100-2100.txt
2200 4073,53 9258 3061 100 hash_worst-100-2200.txt
2300 4172,57 8376 3155 100 hash_worst-100-2300.txt
2400 4571,67 9625 3313 100 hash_worst-100-2400.txt
2500 4751,57 8697 3462 100 hash_worst-100-2500.txt
2600 4713,1 9354 3581 100 hash_worst-100-2600.txt
2700 4304,98 7808 3738 100 hash_worst-100-2700.txt
2800 4601,1 8924 3869 100 hash_worst-100-2800.txt
2900 4983,1 9312 10421 100 hash_worst-100-2900.txt
3000 5400,84 9071 4045 100 hash_worst-100-3000.txt
3100 5085,54 8659 4245 100 hash_worst-100-3100.txt
3200 6155,83 9746 10188 100 hash_worst-100-3200.txt
3300 5798,51 9005 4472 100 hash_worst-100-3300.txt
3400 5153,62 8790 4589 100 hash_worst-100-3400.txt
3500 5319,38 9219 4746 100 hash_worst-100-3500.txt
3600 5980,89 9593 10607 100 hash_worst-100-3600.txt
3700 7537,82 9528 10037 100 hash_worst-100-3700.txt
3800 6359,16 9727 10235 100 hash_worst-100-3800.txt
3900 6320,03 9898 10102 100 hash_worst-100-3900.txt
4000 6336,01 9924 10020 100 hash_worst-100-4000.txt
4100 7173,28 9820 10086 100 hash_worst-100-4100.txt
4200 6143,78 6530 10549 100 hash_worst-100-4200.txt
4300 3244,17 994 1005 100 hash_worst-100-4300.txt
4400 8084,41 7465 10797 100 hash_worst-100-4400.txt
4500 7654,19 6621 11091 100 hash_worst-100-4500.txt
4600 9514,29 7948 11346 100 hash_worst-100-4600.txt
4700 8099,07 6784 11671 100 hash_worst-100-4700.txt
4800 7318,99 9005 11861 100 hash_worst-100-4800.txt
4900 6883,79 8846 12132 100 hash_worst-100-4900.txt
5000 8814,58 7589 12377 100 hash_worst-100-5000.txt
5100 8694,2 7512 12647 100 hash_worst-100-5100.txt
5200 8814,71 8034 12799 100 hash_worst-100-5200.txt
5300 9412,05 8345 13012 100 hash_worst-100-5300.txt
5400 8557,13 8092 13084 100 hash_worst-100-5400.txt
5500 9325,18 9283 13518 100 hash_worst-100-5500.txt
5600 9374,43 8962 11376 100 hash_worst-100-5600.txt
5700 10434,1 8382 10944 100 hash_worst-100-5700.txt
5800 10122,8 8478 14367 100 hash_worst-100-5800.txt
5900 11277,6 8920 10768 100 hash_worst-100-5900.txt
6000 9712,7 9857 11791 100 hash_worst-100-6000.txt
6100 10149,8 8765 14978 100 hash_worst-100-6100.txt
6200 11607,1 9114 15052 100 hash_worst-100-6200.txt
6300 10673,1 9792 15422 100 hash_worst-100-6300.txt
6400 10601,7 9270 15722 100 hash_worst-100-6400.txt
6500 11447 114,47 9323 10118 100 hash_worst-100-6500.txt
6600 10619,2 9496 16169 100 hash_worst-100-6600.txt
6700 11985 119,85 9551 16414 100 hash_worst-100-6700.txt
6800 11340,3 9736 10144 100 hash_worst-100-6800.txt
6900 11665,7 9828 10243 100 hash_worst-100-6900.txt
7000 12578,9 9948 10063 100 hash_worst-100-7000.txt
7100 13631 136,31 9968 10007 100 hash_worst-100-7100.txt
7200 11881,6 9999 10042 100 hash_worst-100-7200.txt
7300 13234,6 9999 10003 100 hash_worst-100-7300.txt
7400 13443,9 9984 10047 100 hash_worst-100-7400.txt
7500 12484,6 9985 10009 100 hash_worst-100-7500.txt
7600 12409,7 21647 10161 100 hash_worst-100-7600.txt
7700 11878,4 4435 10298 100 hash_worst-100-7700.txt
7800 14275,7 19811 10423 100 hash_worst-100-7800.txt
7900 13022,2 9714 10539 100 hash_worst-100-7900.txt
8000 12271,8 21080 10234 100 hash_worst-100-8000.txt
8100 9557,4 8022 10900 100 hash_worst-100-8100.txt
8200 12900,8 20793 10964 100 hash_worst-100-8200.txt
8300 11326,2 20692 10140 100 hash_worst-100-8300.txt
8400 11790,5 21093 11073 100 hash_worst-100-8400.txt
8500 12178,2 21512 11316 100 hash_worst-100-8500.txt
8600 13793,4 9283 14647 100 hash_worst-100-8600.txt
8700 12935,9 21912 10226 100 hash_worst-100-8700.txt
8800 13705,2 6234 11932 100 hash_worst-100-8800.txt
8900 13750,8 23305 10686 100 hash_worst-100-8900.txt
9000 14133,7 24986 11859 100 hash_worst-100-9000.txt
9100 13065,1 7702 12225 100 hash_worst-100-9100.txt
9200 13757,4 23415 12169 100 hash_worst-100-9200.txt
9300 15543,6 23880 12161 100 hash_worst-100-9300.txt
9400 16696 166,96 23921 12499 100 hash_worst-100-9400.txt
9500 15946,4 5831 12626 100 hash_worst-100-9500.txt
9600 17070,8 25437 12742 100 hash_worst-100-9600.txt
9700 14736,5 6259 10870 100 hash_worst-100-9700.txt
9800 13591,7 743 13204 100 hash_worst-100-9800.txt
9900 15092,5 25847 12864 100 hash_worst-100-9900.txt
10000 15249,9 3070 13334 100 hash_worst-100-10000.txt
