9206
16804
9221
16955
16990
9205
9002
9260
9180
9450
16607
8978
16941
9271
16414
8962
9299
9335
9172
9288
16867
9376
9489
9234
9045
16692
9469
9316
9080
16962
9075
16966
16703
9286
18145
8941
9263
16749
9044
16543
16779
9223
9257
9218
9220
9214
9260
16676
16749
16766
9551
9250
9391
9246
16784
18017
9181
9293
9344
8924
9046
9216
9360
16841
16686
17942
9097
9461
8985
9179
9358
16717
9306
9252
16693
8939
9209
9466
16834
16893
9315
16767
16763
16841
9433
9325
9323
9342
8945
16889
9467
9373
16782
16494
9521
9291
8989
16659
16677
16697
