24219
25647
24009
24561
24341
13318
12817
4740
2879
3015
2807
5032
5063
5024
5217
5165
2843
5063
10870
6109
6155
6005
6110
10957
11053
6127
6259
10876
6007
13265
23820
13655
13483
24301
14202
13201
13392
13038
13254
13209
24234
24221
13525
13345
13420
25399
12932
13263
13357
13727
13299
13786
13220
13461
24266
13819
13233
13342
24104
13417
24452
24244
12993
13237
13458
13226
25260
13405
13314
13272
13443
13332
13766
13205
24525
13273
24202
13222
13377
13741
13431
13340
23881
24059
24462
24064
13690
24266
13322
24235
13066
13416
24343
13497
23788
13617
24252
13619
24209
13672
