12578
13168
12708
12720
12846
22999
23145
22459
22766
12631
12319
14690
12114
13002
12553
12831
12633
14455
24986
13472
13388
13377
13485
12643
12948
13093
23016
12950
12821
12018
12934
12607
12991
13089
12563
12238
12618
12422
23158
12632
12717
12739
12793
12423
12631
12293
12417
12379
11859
23035
12906
12042
13382
12834
12522
12903
22924
12222
23184
12095
12267
12687
12492
12575
12992
12585
12761
12900
12340
12314
12313
12339
12270
12686
15964
13180
23235
12701
13204
13101
13300
12634
13299
12945
13148
12673
12408
12270
12890
12784
12288
12885
12888
13085
12996
12878
12979
12831
22520
22398
