11775
12094
12453
12213
21723
11689
12078
11863
12388
12245
12328
11955
12310
11757
11612
11430
11635
11756
12075
12007
12336
12430
12259
11741
11729
12052
12013
12220
11963
11882
12168
12109
12226
12174
12144
12477
12272
11878
12136
12144
12239
12092
21319
11938
11735
21509
21239
11750
21800
21373
11735
11633
21422
21749
21514
11430
11777
21316
11578
12111
21474
21546
11744
11861
11929
11986
11769
11804
11809
11751
12112
11904
21525
21609
21420
11741
21329
12086
11978
21606
11792
11760
12122
21739
21769
21336
11744
21378
12132
7998
14647
8291
14984
9283
8748
8818
8534
8346
15263
8676
