10807
21080
11023
10926
11104
11136
10952
10688
11029
10989
10710
11129
10660
10987
10884
10806
10992
10932
20025
10984
10937
10995
10630
11233
10918
10691
10955
11079
10952
11240
10605
10980
10645
10942
11021
11060
11125
11168
11114
11419
11119
11111
10999
11311
11242
11112
11299
10869
11246
11026
11097
10693
11001
19706
11232
11237
10944
11127
10933
19911
20129
11250
10946
10920
19771
11387
19809
10823
11085
10941
10948
20063
20111
11084
10777
10749
20018
11302
20022
11245
10676
19958
11127
11222
10966
11054
11110
10960
11198
20050
11039
10234
11391
20257
10994
11109
11226
11040
10769
10653
