11802
11344
12022
11649
11316
11782
11733
12087
11806
11841
11922
11873
12099
11837
11696
11794
11933
11940
11570
11995
11570
11812
11979
11958
12142
12772
12097
12260
12026
12085
11994
12142
12049
12256
11621
12243
11634
11650
11933
11923
12304
11905
12081
11982
11951
12127
12076
11964
12131
11559
12215
12110
12164
12301
11977
12370
12004
12052
11898
12293
12069
12103
12057
12147
12033
11946
11659
12113
11962
11335
11693
11444
11340
11943
11471
11628
12566
20963
21512
11342
11728
11625
11450
11848
11422
12004
11809
11339
12196
21176
12033
11846
11828
11835
11678
11643
11686
12008
11663
12029
