17051
16999
17102
9314
17055
9314
9540
9443
9532
9434
9457
10144
9543
9552
9318
9595
9476
9475
9472
9525
9527
9196
9418
9165
9346
9692
9323
9572
9396
9241
9608
9492
9395
9611
9600
9578
9405
9563
9414
9624
9347
9611
16982
17114
16792
9321
9313
9478
9499
9501
9534
9422
9635
9354
9603
9542
9339
9143
9550
9467
9154
9139
9346
9204
9472
9489
9736
9221
9601
9298
9429
17268
9145
9390
17475
9368
17112
17099
9312
16941
9336
9487
9613
17024
16956
16910
17111
17043
16985
16806
9329
17021
9352
9414
16884
9179
17148
17109
17029
17040
