2600
2901
3778
4509
11163
6551
4693
3217
3737
4817
5646
3210
4091
4727
3317
3597
4114
10112
4798
10238
4337
5698
3307
3969
2613
2970
5149
2638
2617
2696
2700
2877
3335
2609
2717
3186
2613
2727
2888
3404
4096
3343
2574
3325
2634
2627
2684
2593
4699
2602
2633
3085
2619
4599
2633
2628
2599
2607
2619
2650
4698
2647
2624
2592
2792
2642
2619
2628
4593
2622
2547
2955
2657
2623
2805
2611
2620
4602
2524
2621
4594
2732
2653
2595
2622
2570
2595
2658
2654
2609
2593
2655
4616
2618
2583
2614
4621
4898
2617
3310
