12884
13116
12546
13162
12115
12763
12718
12668
12684
12611
12434
12765
12509
12819
12558
12793
12756
12868
13130
14369
22440
13021
12987
12921
12988
13026
12451
12897
12575
12438
12764
12223
12894
12968
12193
22736
12776
22798
12467
12705
12773
12488
12445
12449
12959
22752
12975
12656
12498
22650
12783
12906
22816
12231
22663
12692
12655
12806
22596
22750
12776
12601
12672
12470
12411
12347
12823
12657
12186
12482
12546
12201
12484
15296
12391
12478
12443
12380
12792
12518
12567
13714
7502
7702
7389
7579
7420
7688
7493
7521
7605
13469
7565
13362
13364
7244
12619
12933
12225
12518
