3241
5582
3129
3384
3189
3175
3061
3160
3264
3129
5699
3123
3578
3551
3135
3615
4724
5583
4076
3194
5622
3180
3114
5607
3728
7082
5856
6833
5995
6079
3192
5644
3178
5714
3130
3119
3467
3461
7423
3197
3172
3170
3137
3187
5602
3256
3484
3445
7673
3966
4626
3130
9258
5895
5650
3132
5722
5620
3152
3225
3184
3137
3184
3152
3529
3208
3136
3125
5614
3121
3157
3204
5887
3198
3153
3392
3208
3087
3182
3614
3188
3208
3078
3224
3220
3195
3147
5595
3160
3200
5645
3179
3171
3194
3164
5690
5627
5639
4031
5611
