15805
10120
17994
17560
9806
10183
9974
10172
9918
9637
9824
9887
9931
9862
9892
17886
9767
18089
17979
18019
9627
10055
10042
18025
9883
9982
17717
9864
10376
9899
9906
9711
18149
17701
9621
17980
9653
9817
19069
17936
17987
9853
18270
17819
17986
18173
18034
9897
17996
9698
10229
10075
19188
9753
17913
18190
17834
9743
19159
18041
17734
18017
3319
3364
1945
3308
3296
1897
3344
3325
3303
3434
3379
3356
3322
1904
1894
3352
1882
9637
18063
9919
9175
18120
17948
17882
18215
9971
18102
10140
18229
9999
17961
10517
9875
9716
9918
17934
10214
18099
