4183
5169
4052
4090
9051
4152
7361
4280
4357
5170
10421
4379
7412
5733
7953
4245
4150
8000
4146
8215
4077
4969
4335
4899
4840
4105
4112
4219
8635
5113
4123
4136
4369
8186
4142
4133
4094
4268
9312
4208
4245
4680
4152
4340
7732
4310
4373
4091
4203
7550
7327
4179
4299
4117
4421
4238
4241
4116
4143
4196
4146
4989
4078
6503
7882
5021
4441
4452
4512
4212
4583
4595
4200
4154
4160
4970
4111
4225
4574
7908
4158
4137
7999
4592
4184
4449
4088
4136
4381
4170
4367
4427
4076
4307
4149
4252
4432
4184
4210
4149
