5423
5514
5431
5431
9876
5278
5297
5514
12514
9849
5545
9791
5490
5513
5440
5511
5392
5566
5433
9731
5477
5428
5577
5451
5430
5440
5360
5503
5332
5516
5566
9747
5504
5904
5339
5422
7748
5581
5510
9769
9898
9728
5459
5427
5428
5555
5536
11097
5478
5498
5412
5501
5429
5432
5441
5384
5458
5423
5300
9702
5519
5634
5350
5582
11126
5451
5300
5512
5686
5350
5427
5443
5402
5442
5504
5410
5582
5449
5337
5271
5495
5340
5427
5540
5394
5283
5400
5745
5432
5389
9856
9839
5594
10102
5487
5567
9784
9657
9658
5508
