3769
6372
3987
6339
3785
3601
8697
3567
5080
3607
6989
7507
3977
3540
3593
3518
3589
3549
7608
3929
6368
3765
6357
3538
3526
3591
3538
4269
3614
3581
6364
3595
3545
6298
3559
6796
3676
6347
6462
3700
6320
6773
3979
3556
4351
3567
6896
8493
6351
6897
7024
3649
3741
3877
3886
3595
3689
3745
3525
3565
3548
3558
3560
6430
3601
4531
4745
3787
3557
3852
3801
6856
3545
6621
3566
3561
6442
6330
6296
3608
3909
3618
3499
3493
6350
3551
3849
4539
6809
3574
6374
6335
4388
6862
3544
6347
3568
6338
3462
6382
