13279
12787
12820
13179
23970
12756
13143
23680
23870
13128
23832
13115
13574
13334
13335
13331
23856
24135
23874
12962
13554
13111
13563
24272
13102
12746
12993
23610
13225
13284
24017
13583
23832
25371
13120
25437
13138
13150
13149
24155
13451
24212
12930
23662
12768
24210
23874
23567
12768
13110
23679
12910
13288
24122
24434
12742
23930
13134
13164
13191
13088
13076
13713
13197
12939
23735
24132
13306
13157
13533
13115
13207
13379
13172
13114
13470
12921
13089
23835
12881
13182
13102
23998
23982
24045
13146
23719
24321
23953
13481
13339
23967
23857
12801
13154
13532
13091
23801
24051
12984
