7630
6988
7088
7030
7014
7126
6851
7002
7194
7110
7213
6958
7056
7023
7258
7127
6921
7018
6832
7214
8581
8504
8357
8275
15279
15502
15077
15452
8214
14983
8500
8763
15136
15209
15335
8258
15479
8193
15057
8724
8504
8765
8551
15298
8499
8384
8538
8546
15259
8596
8209
8390
8606
8378
8173
8520
15045
15090
8485
14978
15190
8434
15391
8436
8139
15521
8403
15079
15337
8365
8354
15358
15467
8455
15269
8555
8363
8371
15155
8273
15318
8524
8248
8379
15143
8256
8497
8387
8550
8387
8575
8600
15206
15274
15939
8308
8556
8557
8618
8402
