1292
1199
1153
1327
1174
1130
1244
1149
1366
1155
1154
1152
1272
1145
1185
1358
1364
1188
1162
1139
1163
1170
1328
1154
1187
1189
1160
1164
1181
1170
1391
1140
1358
1187
1179
1148
1280
1144
1196
1231
1144
1332
1163
1149
1160
1146
1151
1152
1161
1136
1285
1340
1165
1169
1151
1168
1161
1261
1177
1163
1159
1152
1175
1144
1396
1167
1161
1144
1273
1166
1162
1167
1155
1272
1253
1242
1156
1155
1303
1370
1163
1142
1181
1179
1161
1157
1162
1457
1386
1253
1163
1357
1174
1453
1174
1164
1155
1163
1161
1166
