9642
9380
9477
9740
9646
9590
9488
9541
9572
9487
9653
9708
9613
9768
9381
9828
9393
9270
9421
9269
17526
17354
17302
9239
9737
9481
9265
9604
9439
17070
17280
17161
9619
9705
17030
17271
9618
11428
9667
9420
9609
9475
17159
17276
17132
9589
9227
9659
9544
9580
9681
9472
9551
9641
9445
9680
9616
9587
9755
9713
9628
9348
9463
16974
9487
17275
9223
11679
9458
17190
17200
9463
9512
17199
10243
9541
17495
17022
9725
9600
17131
17198
9607
17294
17422
9489
17315
9581
17212
9311
9445
9496
9691
9609
9557
9553
17371
17394
9501
17195
