12515
12163
12174
12215
11960
11942
12189
12610
12503
12141
12060
12206
11980
22078
12626
12400
12163
12383
12745
12458
12413
12518
12214
12714
11961
13017
12499
12602
12829
12314
12631
12442
12831
12759
13824
12561
12634
12392
12524
12605
12163
13755
12605
12617
12726
12742
12136
12583
12427
12563
13582
13233
12383
12663
14025
13118
12206
12448
12613
12685
12469
12413
22429
12515
13230
12921
22795
21755
12778
12548
12427
10686
20132
19675
19231
11018
11048
19464
10963
10804
11001
19554
10695
19472
12366
12271
22386
22110
22268
12409
12254
12738
12632
12182
13149
22982
12130
23305
12490
12312
