20262
11415
11249
11389
11111
11116
11446
11103
11377
11333
10852
11053
11320
11549
20271
11075
11237
11335
11442
11370
20319
11257
3523
6415
3624
3558
6298
3599
3522
3673
3574
3598
3551
3576
3705
3484
3642
3560
3551
3640
3536
11252
20325
11166
11032
11063
11086
11256
11214
20121
11115
20524
11093
11221
20100
11245
11085
11244
11134
7372
7168
12954
7250
7263
7214
12914
7159
7240
13065
7222
7040
7165
7285
13166
7275
7200
12869
7455
7342
7645
7449
13324
8022
7461
7191
7301
7350
7570
13396
7490
13469
7525
7411
7476
10983
10992
11213
10929
11239
10900
