12572
11897
11958
12729
21912
18905
10226
10673
10554
10743
10916
10628
10305
10537
10351
10464
10893
10559
10587
10321
10888
10327
10727
11756
12278
12103
12005
12178
11787
11994
12414
12468
21716
12378
11910
11955
11892
11922
11916
11859
12077
12185
12026
12067
12011
12186
12513
12291
11959
12040
11879
11868
12273
11930
11757
12093
12226
11882
12302
11868
12452
11711
21600
12245
12263
11913
11657
21832
11896
11875
21636
12335
11901
11852
12086
21749
11919
12105
12213
21872
12074
21826
12038
21661
11954
12017
11866
21791
11627
12141
11714
11876
11927
21862
12332
12199
12086
11942
12019
11889
