4128
3806
5771
3415
3368
4649
4044
4024
4596
4191
5944
5446
3342
3812
2207
1925
1930
2072
2469
4143
4175
2553
2056
2105
1949
2523
2508
1928
1934
1926
1928
1933
2606
2479
1932
1924
1958
2460
2502
1942
2642
2597
1932
1943
1929
2534
2441
2878
2964
1927
2000
1927
2714
1942
2602
2516
1925
1959
1926
2551
2052
2620
2588
1940
1966
2513
4821
2544
1951
1929
2575
1941
2521
1920
2074
1948
1929
2592
2633
2590
1943
1951
1919
1945
1929
1946
1944
1930
1909
2649
1937
1969
1959
1956
1954
1929
1935
1918
1921
1944
