11053
11134
11110
10901
6192
6095
6139
6151
6201
6222
6407
5977
6221
6118
6194
6102
6103
6164
6041
6182
6117
6122
6266
6152
6117
6104
5911
6036
6055
11097
11097
10984
6195
11100
6037
11232
12378
11078
10909
11064
11213
6162
6023
6259
5976
6081
6108
11034
11892
11057
11023
12495
11054
6108
6192
6572
6202
7465
6135
7433
10797
11037
6052
6109
6153
6003
11035
6186
6147
6559
10888
6011
6528
6147
10989
11138
11050
11928
11070
10882
6372
6201
11336
10917
5986
6144
5992
11160
11212
11003
11099
6163
6182
6174
11140
11134
5977
6101
6092
6105
