13834
13659
13650
7379
13649
13748
7342
13805
13818
13637
13760
7572
13930
7582
7851
7687
7548
7552
7731
13588
7581
7613
7679
7550
7560
7717
13747
13684
7717
8143
15009
8113
14501
14478
8305
7913
14762
14964
14824
14843
8243
14948
8395
8130
8276
10768
8177
8348
14801
14743
8210
8408
7859
8103
14896
7937
8126
8920
7967
8409
14814
14737
14964
8144
14990
8111
14709
14803
8180
14683
14848
14873
7917
14682
14772
14946
14844
7992
14799
8300
14762
15005
8008
8112
8145
14881
8114
14692
14566
14768
8397
8091
14558
8255
14835
14641
14698
14738
14592
8105
