6228
4670
4703
4595
5462
5081
5155
5167
8902
4692
4481
4655
4740
4734
4663
4706
4659
4680
4499
4689
8430
4672
4749
4606
4653
4622
4879
4589
8316
4518
4672
4535
4638
4656
4674
4563
4605
4702
8395
4487
8282
4812
4662
4617
4687
4696
4555
4679
4645
4614
4729
4682
8310
8191
8328
8331
8121
9005
8450
4698
5000
4629
4602
4646
4635
4586
4566
4699
5074
4496
5673
4678
4659
4472
4674
4648
4576
4586
4622
4519
8868
8321
8311
8396
8455
8371
8377
8347
8421
8352
8957
4620
8291
8347
4601
8446
8364
8390
4723
8637
