13141
12885
12644
12312
12925
12792
12562
12565
12376
13016
12787
12737
12858
13336
12662
12943
13058
14328
12403
12737
12978
12738
12936
12378
12518
12586
12620
13097
12580
12544
12692
23063
12377
13008
12756
12582
12407
12368
13013
12446
12732
12515
12599
12707
12791
12382
23022
12765
12863
12597
12584
12211
12375
12682
12544
23021
23415
12613
12674
12592
22946
23069
12966
14076
12944
12254
12715
12609
12775
12716
12492
13050
22824
12772
13056
12686
12743
12888
12590
12649
12566
12532
12917
12618
23052
12781
12573
12561
12571
23175
12783
12758
23289
13642
12612
12241
12792
12537
12169
12317
