4939
7504
4272
4273
4565
4403
7551
4311
4237
4558
4104
4529
4449
4125
4379
4889
4453
7881
4313
4280
4281
4186
4347
4698
4330
4627
7653
4413
7596
7719
8102
7782
4857
4280
7606
4179
4193
4314
4520
4484
4297
4583
4267
4247
4294
4427
4515
4355
4169
4231
5014
5722
4450
4214
7583
9071
4517
5009
4259
4830
4235
7732
7654
7841
4268
4402
4233
4045
8157
7605
7636
4305
7583
7632
7657
4471
7560
4216
4136
4254
4265
7576
7628
7560
4431
7548
4251
4268
5072
7700
7657
7537
4297
4176
4250
4264
7581
7611
4196
4358
