5727
5687
5672
5685
5897
5809
5649
5697
5698
5668
5551
5785
5690
5623
5673
5774
10468
10232
5686
5675
5664
5780
5679
5677
5728
5774
10203
5717
5858
5678
10420
10406
10452
10318
5742
10156
5714
10419
5787
5699
5688
5711
5787
5604
5711
5718
5680
5889
5710
5591
5703
5713
5705
10086
10274
5795
10194
5826
10263
10205
6452
5830
5842
5755
5668
5758
10476
10277
11275
10291
5701
10390
10346
5756
5968
10453
10484
5699
10337
5681
5571
5839
5793
9820
10191
5659
5583
10363
5711
5979
5823
10297
10318
5766
5878
5800
5779
10581
10388
10680
