4837
4884
8910
4929
4947
4808
4876
8849
8875
8820
4956
4748
4922
4788
4746
5034
4918
4982
4899
4991
4915
4829
4925
4963
4970
4907
4891
4953
4758
4785
4945
4939
4918
4960
4916
8757
4824
4920
9219
4937
4902
4920
4924
5302
4891
5002
4903
4994
4899
4992
4937
4875
4972
4937
4934
4952
4990
4930
4954
4917
4853
4793
4919
4779
4920
4852
4828
8985
4944
4800
4955
4908
5007
4965
8941
4980
4950
4913
4887
4836
4981
4883
4937
5113
4891
4889
4863
4969
4962
4932
5101
5054
8883
4935
4933
4942
8962
4886
4840
4890
