13567
13519
13482
13556
13819
13039
13351
13815
24542
13492
24543
13416
24113
24822
13499
13770
13010
13725
13827
13363
24336
13556
13656
13323
24356
13441
13612
13203
13593
12998
13713
13100
13923
13556
13766
13701
13789
13890
13364
13598
13378
24420
13470
13713
13404
13372
13618
13371
13003
13783
13330
13374
13365
13124
13036
24723
13998
13773
14804
24373
13416
13397
13589
13200
13342
13397
13073
13401
24496
591
524
743
413
412
434
420
403
385
413
420
576
13469
13314
13582
13647
13579
13608
24697
24546
24142
14395
13707
13204
13323
13255
13503
24512
24700
13421
13349
