10266
9936
17733
17837
9743
9554
9968
9699
10126
9836
9615
9697
9566
17556
9791
10874
17655
17438
17801
17858
9761
9743
9781
17791
18021
18032
9562
9740
9614
9499
9725
17645
9731
9883
17654
17954
9850
9761
9841
17624
17756
9724
17598
9755
17499
9496
9703
17798
17656
10220
18097
10067
17603
17703
17607
17674
17788
17850
10007
18022
17600
17912
9599
9823
9537
9783
9814
9689
9732
9732
17814
17864
17765
9423
10038
9697
10033
9730
10131
9754
9765
17645
17767
17810
9733
17525
17688
17512
17812
9960
17876
9846
18806
17760
17808
17926
17742
17776
17835
17654
