400479
404024
407492
395917
409659
394723
403229
396047
391586
392783
404737
392473
396284
386958
411116
410026
396913
394058
399008
490499
387400
388158
386679
410859
395086
430342
388505
417336
388740
398059
383751
387550
440101
417597
398631
405293
389644
385817
398009
397295
391078
414906
390909
400218
390730
389191
389114
386225
403122
393958
377251
384005
388520
375367
389586
387123
390515
386071
400108
378426
399728
386977
670769
386556
391193
388364
377040
378935
385735
376177
379139
375808
385425
387363
380034
374529
379316
377688
388172
388437
382905
410314
700790
446801
473462
595802
522525
521198
493011
461399
437403
422089
414542
425844
386990
396599
388239
387328
391241
387824
