383651
379805
376051
368344
377529
388988
383830
390804
413223
414495
396743
384679
383487
387164
411735
372192
402033
375318
388955
372941
386425
378114
373220
374053
376764
374231
372469
375185
386131
377683
377359
388468
375383
372930
364735
368856
447588
374738
372204
378492
375455
385520
364173
364422
372385
366606
374704
365534
377218
404246
374310
373178
392174
367608
374293
374210
376424
372593
380230
376408
374976
393474
405939
378241
373931
393254
373862
384913
377975
374138
381409
390087
404548
376284
364763
374587
409263
375096
374890
375717
374266
375996
376997
466208
387188
406887
397525
384292
401305
391969
401391
386429
390258
375296
389085
434575
373650
376988
377815
374427
