388276
384408
384847
392284
385675
384760
376504
380660
373107
392844
379557
391564
374594
373923
364198
365160
381456
374198
385592
375208
378223
392380
378145
378600
404236
376662
407111
375552
384436
375453
378282
375199
387636
374048
374056
380064
374405
391176
373997
378640
366726
377685
373941
374408
373850
375406
390598
373136
374263
375812
376009
374729
367229
384425
376860
372411
374061
373344
374994
377324
375458
373454
379505
375389
375903
388258
376920
377182
385294
379910
373896
375033
464942
377382
374397
373928
403533
376061
380222
400022
397711
419294
385086
397800
374063
396527
390982
396576
385769
377000
375655
427458
373379
382571
392614
385503
373735
375713
376386
381198
