327494
325512
333849
324244
337477
356190
336012
349322
348168
325926
325554
325413
324160
356369
350274
326850
348281
357176
342655
346300
360621
358022
360852
358331
355534
366545
367082
365046
365850
369608
364673
369471
398897
375342
373321
393081
364623
363141
384123
367837
367647
374481
366762
376450
374026
371970
367305
378042
367371
378655
366128
365927
382717
369036
419444
366623
376847
374940
377934
370656
368908
384792
397827
412501
409685
398511
387432
392118
411433
384896
390352
384050
387197
375898
372776
376084
379030
376406
378209
374137
384665
368466
371145
380474
422056
379991
381074
373801
376296
391976
374973
376373
376247
370936
376642
376080
378317
374578
374099
377547
