407169
382363
378455
388135
382097
389496
376414
380517
396925
383957
379020
378876
393580
366040
375168
379540
377371
375975
378451
375476
377834
373533
376462
375995
388577
376730
379262
379716
377500
376471
380625
379437
380833
373183
436129
414613
375248
384006
379379
377366
386456
376657
377719
379961
397191
380867
378596
379276
381228
377900
381906
375941
387368
377239
382112
386211
388511
376919
389857
373474
375339
368792
362194
366859
373869
381230
391990
393519
377203
380164
377994
384159
375407
374722
382893
395001
412949
402743
394631
404754
377023
382916
395368
377055
373685
377235
374582
385760
372924
370504
394636
375517
385267
386551
389732
422538
376031
393638
377056
385530
