375592
372810
376154
375550
392907
376906
377779
373777
373115
367657
375675
387555
387316
386587
375158
380913
375447
381031
383432
388963
387143
366251
369345
377852
388534
375445
389506
366246
375425
378095
366290
436653
384820
372485
376869
377190
378910
373226
375043
377036
394820
372355
378988
375432
377371
379920
379930
381324
375541
376179
374246
374906
372886
407449
374607
378485
384389
385716
402276
378001
378087
375657
378429
376139
386355
387524
479043
388469
378602
384745
382107
374249
379737
381852
376965
376481
531534
367547
379821
375436
377176
374246
373383
375131
378661
374069
376104
389838
375233
394451
373903
368810
370239
354212
366475
377459
374760
377674
376061
381312
