379910
381174
380597
375281
375551
367944
379588
374767
383915
386990
374456
375742
382416
377872
376343
440459
373852
374629
391723
376256
373907
378787
378250
376270
377465
377943
383782
394368
386796
376052
376322
399116
377722
378178
382018
379970
374058
375932
376244
379410
373668
410051
378076
363606
364105
357540
368301
379851
369611
384730
387919
423554
384169
388531
372254
399018
384891
376980
374854
376218
397400
383039
373124
375999
372952
388083
390487
379140
376516
376541
376905
384768
385941
385922
381236
377383
375485
386003
387095
383869
386879
402956
401396
403618
508844
381934
374263
385698
403028
454515
385640
404016
398897
383352
384365
384311
385326
375316
381367
374437
