372232
387752
383128
372757
367757
366257
366744
365722
375474
374286
384739
386542
376634
377837
399891
396217
412923
382736
444551
380435
377617
402170
375954
422702
435064
437437
437473
420412
409122
407667
402838
387559
401068
390878
374544
385847
379603
386043
390029
386665
388769
401241
390786
399087
412447
410677
395235
401472
399270
422265
408562
428303
397810
402544
400588
396387
397343
408312
401509
403031
401576
397662
399463
398323
403590
392490
399668
421482
394186
397403
408770
395692
399051
390907
398154
393836
398714
396876
396697
402906
419572
402431
398044
395405
396826
400346
399827
403036
398746
412283
398319
400628
388779
402624
400600
424906
399454
408210
400394
396660
