384010
378240
379354
375483
384762
384935
373388
376380
395310
375220
375449
375428
373660
376230
376352
380076
384413
378470
376408
377856
368367
363037
409431
397826
367105
366358
366120
376170
372065
375988
384104
366220
370291
381582
374289
377430
373710
374762
386350
375577
376226
382222
371820
376280
375662
374851
375882
367712
376069
375572
378960
374631
374726
376066
374765
367129
366055
380322
376128
373693
608754
374675
374682
376351
412948
375101
375720
376293
377234
375027
386821
399559
397594
523176
388769
396161
378435
377196
365638
371004
373400
382136
376652
380776
384758
382111
365818
365699
387867
374289
387927
378617
381262
377676
375486
393666
378416
384171
379679
383130
