563046
521256
556629
559709
536756
560992
505673
591828
560682
560567
565575
561908
558430
570843
585748
546156
585191
552058
548800
557305
624620
592302
594812
575192
584152
534569
547448
588743
555209
548240
550342
554236
590841
595651
590211
545584
582806
611969
543218
550832
571905
617417
635366
555719
565288
590862
552534
593521
613979
569939
555762
569995
581428
558568
561358
584913
555118
564354
540900
548105
542291
799489
659070
629763
550690
600682
554239
549814
562765
611404
528708
585730
581833
592136
533191
558660
584735
597309
592469
580504
593169
582517
656327
563862
562011
524290
554451
549318
543224
553464
544766
555955
622968
643325
560784
582653
540319
613683
545324
603753
