681226
615075
651448
685961
640283
889042
616273
695067
681256
689797
675193
677284
632684
621532
693949
708463
621782
627329
692953
640479
670007
647428
659034
630146
655452
711469
672811
690695
615675
621491
656701
682026
615879
670151
828540
639764
662571
642635
743268
643523
728842
669992
613951
693822
630610
598947
621052
619857
652103
664175
635294
646530
658326
649394
627471
756695
655573
636498
685546
675827
682149
643155
647396
637673
683001
673677
689354
703114
690139
689500
634543
664547
622832
609700
593714
633761
604552
641130
629577
620582
674283
639141
623052
628946
645457
689794
640463
617053
618563
725383
668428
681458
750063
641495
733456
708760
591447
703719
623330
654980
