197586
199720
201297
193074
228801
244269
221627
237916
206059
199889
208376
203761
219828
194138
195834
204268
193054
199628
215753
225899
217837
212761
206463
194873
207615
208316
209960
217029
209035
206547
199032
197300
217810
226730
194309
247691
209725
209405
198338
200322
224734
219334
195054
210426
202662
206798
211569
196587
203757
202619
203104
190914
200596
213470
198099
190689
201825
191498
198946
210806
204806
208394
215137
207119
200216
196298
206748
196747
207756
193410
220988
200094
239909
208879
220912
195119
192662
210164
195900
217473
204903
204295
224650
207279
212208
223507
216027
205524
263908
226142
226969
206071
206191
210334
204839
201614
195687
209597
193701
198287
