54857
54629
48837
52882
50369
49590
55079
53117
55176
51607
53922
49873
52233
56004
53545
48255
57204
60921
55353
51827
50661
49444
58549
50335
58142
57634
55596
54051
66534
57870
54827
66666
58025
55990
59643
65457
56111
67909
55284
54034
57587
55712
58337
50878
63476
54659
55890
55474
62458
55383
53992
60554
56868
56444
60123
55449
58447
59327
58012
56791
56150
54341
55330
58853
56368
63670
62404
61810
63918
67380
62792
59547
65367
93157
58766
57408
88702
64252
73986
62235
64861
58926
57624
55640
59159
56590
59983
66119
58592
58420
61240
62239
59752
56715
55269
65507
58604
57139
55534
69395
