301718
276343
276416
272119
309413
301458
317601
282018
272208
313963
320651
287150
321128
292624
295645
308719
289434
273059
281430
277740
317168
295873
281732
301527
280022
303144
288640
275754
318115
286408
333539
309682
286728
292344
276773
286164
275832
312013
307136
278000
282246
295442
304679
278836
314852
288823
297016
299363
289393
293024
292407
291038
294596
271789
300394
288359
271090
323317
276075
299103
307251
299003
311212
281548
325630
308563
282378
276767
309563
291621
278501
282938
290026
379648
283573
294029
293598
305328
296827
308830
307051
295496
277143
306946
308962
287030
296176
287206
296369
303028
303627
311792
301102
324188
305369
330378
288189
276889
296831
304494
