397170
392422
396995
399660
453754
388482
493558
396607
380612
378166
406249
357488
391838
354956
413287
370439
413063
390724
407282
370332
376440
436413
388894
397992
378420
352089
360610
364868
368258
378173
367522
336697
401311
393837
388464
373373
358907
388890
400006
399685
373239
398431
376186
383274
400571
365290
358544
359743
354468
367387
377799
349355
339807
376881
365468
378404
347086
379887
363650
393709
391109
394528
424343
385805
409033
374604
374735
392802
364761
377342
382328
377727
391034
408532
370414
412255
397653
400290
369053
382598
410921
403478
422608
359111
381060
388101
362727
375426
395868
365415
369881
403631
806573
644635
489348
521546
464183
412891
404802
427352
