140434
141043
112767
134906
123610
126351
135739
129681
121284
124933
125453
135339
125104
121607
127518
115215
127197
125459
116178
124251
136834
120589
128278
137826
143889
125186
143570
116589
128028
126991
130043
150840
116740
117772
124113
115143
124420
130797
118388
119752
113531
118200
134505
125756
120496
125468
122497
138817
130897
126311
121649
127720
117602
124022
117048
120789
127855
124395
120583
119093
128528
129024
118093
126586
125460
135453
124362
130467
130533
121237
143141
137973
136738
126691
120170
116431
118540
119273
145408
123100
121889
113877
129503
127768
124608
118756
125326
127127
128425
121352
126078
122797
114944
138879
116677
132350
126875
123869
229743
147566
