542509
496187
573677
474349
451807
474542
454276
486369
471421
442141
484744
458014
474923
450078
452365
486869
458139
483409
487161
479137
443697
465624
454846
539839
469409
486643
441664
455143
501632
460258
474493
455503
475799
465127
443280
464738
454116
452065
433620
455739
482193
484452
449614
469858
498571
461435
507695
441080
472397
476974
465342
456669
486379
458251
450679
460974
443016
475888
460965
505767
504135
469883
439727
467332
473394
468961
543421
475773
489561
456206
460141
471426
486326
494797
462431
481477
518541
464674
455764
458603
527023
439349
478266
467791
449439
518617
439478
481211
505315
482427
516330
519740
472959
460894
506637
542111
446194
451026
467067
478694
