755284
764433
763863
715735
718293
745157
713632
711557
723625
758113
777755
936658
783257
775076
758826
748386
703720
860327
719530
782890
719850
754431
699460
719637
720047
720918
709838
706442
776184
928073
730319
756867
752437
786935
723343
798628
781109
721782
984896
763678
799883
716849
788435
761338
724629
790805
818325
726751
720067
714876
783058
761575
761810
736929
777419
714089
751485
800856
887837
712211
733018
743930
721202
715705
741451
767216
789097
795414
709659
718448
799458
721624
760819
752139
964839
739259
764269
739357
757105
720293
777549
756286
807447
719349
718444
717007
794301
739602
715892
785943
887481
744830
760066
819056
718835
745483
779948
872564
765017
722351
