1028775
1042174
1034949
1070146
1058554
1004291
1030084
1033284
1063293
1022319
1039278
1040004
1010115
1032696
1033887
1026109
1006370
1010358
1054126
1031597
1033352
1034478
1030370
1033519
1052583
1029193
1063376
1035306
1035912
1201111
1012692
1085089
1006798
1049401
1040540
1105270
1027283
1037052
1008694
1039021
1030542
1009243
1034609
1090004
1197870
1036403
1019038
1187046
1021445
1114690
1040611
1038619
1026421
1034992
1047039
1066453
1047384
1071448
1037235
1204605
1038719
1011542
1046905
1071352
1074070
1067022
1114208
1095557
1071772
1130536
1045643
1062020
1080973
1029018
1043013
1037024
1034346
1075348
1012111
1044082
1028978
1038327
1006261
1020272
1021884
1058084
1111627
1189445
1030052
1030772
1035009
1033435
1043206
1045346
1041069
1033741
1050899
1007899
1065524
1037196
