8893668
9153143
8337262
8352593
8316780
8584300
8350836
8353132
8322050
8339623
8710674
8405149
8377238
8333527
8357462
8747940
8330303
8359998
8344250
8348816
8372027
8356213
8386288
8400942
8643425
8413388
8397102
8368829
8372516
8346116
8306261
8323740
8336583
8830173
8399556
8403290
8392204
8336293
8466399
8465898
8380210
8524702
8788503
8622164
8427784
8397974
8491832
8335914
8302726
8359349
8341163
8521398
8330938
8293420
8342223
8292601
9104009
8332570
8309378
8390636
8311569
8339674
8318552
8315197
14672597
8359968
8346762
8354161
8364857
8579595
8318711
8411938
8395490
8902992
8496754
8387885
8345779
8342675
8381138
8365169
8344043
8417335
8522892
8365384
8319908
8390340
8663511
8408399
8428868
8363036
8524077
8341479
8310388
8333115
8310271
8358681
8327845
8331642
8419925
8632492
