2386081
2288323
2363834
2325370
2433621
2712650
2221621
2306532
2247309
2331742
2353690
2302448
2250707
2258280
2246480
2348722
2232971
2289813
2311394
2269713
2308991
2284235
2347113
2279135
2336215
2201675
2216692
2203443
2216038
2273073
2291481
2302788
2264256
2271845
2221076
2336950
2294388
2269735
2268559
2268905
2272576
2268082
2276530
2438608
2262397
2486478
2682164
2607663
2466219
2427718
2362489
2301085
2340443
2282509
2273570
2431724
2622862
2361949
2327867
2364589
2332103
2330639
2488907
2358015
2367775
2358743
2373726
2318139
2226635
2197931
2271671
2275326
2317665
2265432
2338328
2387257
2278791
2310272
2269794
2217802
2249955
2233889
2296020
2266036
2260840
2269036
2239582
2254005
2323985
2290103
2235988
2237496
2231830
2271691
2274596
2283650
2262928
2249712
2522327
2617446
