11485320
11388557
11354739
11715265
11285715
11483896
11297930
11746760
11298018
11846468
11342152
11767555
11404072
11330134
11349718
12195066
12173998
11426687
11340182
11978812
11350013
11315866
11288224
11311431
11288464
11324043
11471999
11354677
11338745
11390360
11464511
11298043
11296434
11581197
11419539
11330475
11336269
11490988
11308688
11317514
11251995
11620897
11318515
11248137
11349649
11307054
11311947
11328679
11355879
11411581
11395102
11421256
11428916
11394339
11941346
13964754
13072702
12806210
13231550
13623566
12727976
13083778
11303103
11317977
11313012
11568750
11300956
11447644
11268987
11736860
11553899
11504604
12055122
11280379
11720936
11453871
11333344
11290486
11692945
11305892
11647798
11234860
11618680
11326674
11871166
12597663
11318043
11380272
11353750
11317294
11717238
11931450
11337498
11334688
11405015
11953592
11255056
11535725
11326291
11838466
