14974284
15129451
14734030
15517964
16722803
14773417
16709734
14901146
16228713
14844019
15591748
14696182
15254776
14765579
15574116
14789034
16034691
14838074
15132253
14925173
15074892
14714443
14726138
14846759
15424621
15814058
15051486
15309373
15725679
15820739
15373431
15796198
14737797
14816605
14743169
14884082
14860224
15165297
14737336
14936405
14698209
15379619
15500946
15189354
14788368
15243209
14719665
15341094
14700895
14856997
15779842
14780478
15965311
14767732
14756801
14747474
14850887
14832615
15542310
15043754
14831085
14793902
14990388
14817986
14999984
14918747
14894283
15062114
14804935
14897535
14942943
14997695
14861536
15061076
15738752
15182900
15258384
15048573
15486661
16152507
16027446
16965757
17063984
18168929
16367270
16645753
16724263
16844711
16491762
16701948
16561990
16694083
17240761
17059388
16388899
16630026
16396634
16645466
16889515
17583556
