4588468
4489634
4311584
4222236
4156110
4054430
4004673
3993945
3951331
4632936
3968081
3991485
4002598
4038307
4208465
4015663
4360348
3967207
3987284
3954784
3970878
4058368
3949459
3947890
3957316
3994522
3962833
3972091
3967448
4058943
3954912
3949449
3963017
3941529
3965009
4079443
3950594
4725968
4050014
4104842
3972865
4051060
4053827
4062701
4059814
4213416
4035835
3968582
3969185
4107501
3956589
3968511
3999103
4003447
4008240
3972034
4036971
3961631
4080712
4090385
4030956
3955717
4052416
4197438
3983575
4008978
3978944
3960901
3957552
3967075
3958987
4037347
3968013
3992980
4004398
4191731
7843844
5193572
4721252
4443623
5062795
4397620
4736400
4866646
4185273
4084930
4124789
3969559
4075781
4005968
3973527
3947199
3979411
4011145
4068328
4383050
4295302
3931996
3961564
4022373
