257891
287108
260595
247401
261419
246722
247497
277389
264360
258010
246887
250242
247773
263381
257413
269407
259676
263378
263583
248159
265374
261184
350873
260156
264187
267294
278343
278119
274517
298365
282453
295933
284749
280824
295980
274600
275781
282703
295053
282671
286364
280255
289290
283424
296825
292544
282661
275492
280787
291523
281272
281629
284231
275794
291384
300185
287666
277093
288161
290085
283649
283545
320892
300865
299341
292563
281548
290641
300877
292557
282799
290913
282789
285706
283891
276572
283439
283365
285198
281912
295573
288343
287317
277658
278939
281685
277241
270799
265464
263160
263725
269830
284715
276777
276709
275937
279081
286382
272591
338490
