6389516
6395665
6430034
6259730
6595595
6316196
6191030
6372919
6421946
6511974
6404608
6413206
6635393
6776553
6509400
6520898
6489073
6505764
6649924
6447930
6367296
6171935
6091969
6247734
6413919
6326208
6212891
6316944
6355403
6353834
6226330
6139309
6192945
6223660
6162936
6267129
6238253
6215097
6192529
6650459
6148845
6106231
6209163
6318312
6234825
6147611
6255257
6124040
5998022
5808958
5726703
5517879
5560801
5528487
5548124
5580335
5543177
5719655
5950774
5704034
5548533
5563956
5571576
5532139
5560407
5617136
5588457
5557950
5565390
5609591
5852591
5564482
5557175
5569205
5562518
5520558
5757569
5597214
5539479
5643178
5534564
5538993
5556009
5560627
5558332
5559260
6639019
5543853
5987868
5556360
5555670
5543846
5560735
5580769
6053727
5675754
5562133
5574243
5547667
5547836
