21262249
21445383
20456991
20551915
20669643
20428960
20559936
20846927
20502870
20963275
21888624
20431768
20727562
20862850
20584657
20760125
20441057
20792128
21178320
20450348
20850751
21001988
20618087
21504108
20936623
21164934
22215834
20969348
21011662
20748586
20683826
20439113
20568334
20634762
20476215
20570709
20701221
20684540
20468230
20502887
20636861
20720901
20594682
20694493
20641490
20578130
20787175
20453775
20652094
20782763
20564552
20948799
20285593
20804813
21102694
20789690
20515052
20542346
21070798
21220324
21179815
20841184
20837204
21021742
20729573
20483430
20478508
20547897
20486099
20555740
20511258
20996382
20658591
20634426
20672896
20587666
20626134
20708056
20711818
20618299
21382896
20786203
20655281
21885310
20639593
20561663
20382649
20360978
20389857
20723246
20807316
20745552
20751910
20884753
20632298
20595718
20617278
20669136
20028274
21138350
