9018
8929
8799
9078
16493
16307
16006
8976
8959
8780
9003
8944
8944
16269
16394
8909
16695
16299
9180
16107
8976
8927
8955
9079
9323
8859
9137
9150
9024
8719
9068
9250
16176
9049
8883
9172
9110
8800
9008
8956
16105
8777
16377
8964
16469
10118
8984
8845
10270
8699
8967
16029
8915
8753
8894
16282
16410
16505
8968
9089
8925
8841
11597
9177
9261
8806
16193
9105
16368
16350
9164
8931
8965
8970
8985
16383
9256
16591
16049
16000
8974
8905
16250
16038
8995
16186
9096
9065
16446
16202
9070
16250
16179
9175
8910
16296
16314
8967
16213
9117
