7365
5300
5308
5279
5282
5318
5336
5325
5290
5293
5270
5309
5309
5301
9542
5915
5442
5399
9561
5284
9529
9584
9727
9452
5356
5247
9559
5370
10235
9607
5344
5301
9510
9475
9625
5291
5383
5330
9627
5257
5330
5213
9623
5360
5159
5270
5381
5359
5274
5142
5274
5804
5419
5307
5709
5306
5290
5320
5267
5347
5230
5276
5132
5252
9601
9581
9572
5791
5175
9598
5356
5383
5400
5364
5352
5313
5364
5325
9515
5367
5136
5333
5313
5317
9681
5240
9625
5414
9606
5365
5285
5200
5307
7539
5346
5319
5364
5153
9658
5377
