5600
5719
11700
9924
10084
5643
5514
5809
5662
5382
5570
5556
5515
10073
5601
5436
5679
10089
10025
10152
5584
5568
5583
5593
5559
5723
5424
5494
5667
5599
5549
5508
5567
10040
11509
10063
10125
5586
5673
5615
5565
5543
5558
5595
5566
5562
10163
5584
5652
5556
5556
5530
5616
5576
5438
5456
5623
5570
5576
5569
5590
5640
10066
10213
5626
5629
5797
5584
5591
5580
5829
5639
5697
5630
5653
5530
5580
5578
5504
5644
5607
5580
5570
5707
5611
5715
5569
5396
5460
5437
5545
5511
5559
5617
5681
5663
5529
5572
10036
10020
