6786
6959
6983
6817
6923
6999
7004
6985
12517
6996
12566
12623
12377
12625
12508
12611
7011
6728
6957
7254
6741
7042
7001
12661
12423
12589
6988
6795
6905
7126
12474
6923
12551
7010
7065
12523
12595
12708
12553
12706
7056
6759
6890
6977
12563
7060
6947
6961
7041
12688
6786
12747
6960
6918
7035
12576
12657
12488
6893
7106
12698
12445
6749
6889
6858
7008
7010
6768
12439
12549
7005
6915
12676
6816
6971
6834
6927
6933
7042
7027
6987
12501
12453
12437
6903
12504
7156
6919
6755
6933
7109
7576
7589
6964
7047
7050
12550
6922
6881
6947
