9704
17427
9684
9626
9870
9803
9663
9607
9566
9618
9447
9592
9471
9832
9695
9713
9546
9628
9307
9613
9707
9832
9399
9565
9340
9503
9536
17463
17619
9616
9473
17394
9434
9667
9563
17647
17605
9816
9621
9846
9850
17513
9625
17624
17721
17402
17550
9192
9629
9665
9623
9658
17388
9622
9647
9824
10493
17449
17621
17411
9616
9490
17459
9553
10067
17728
9802
9750
9585
9827
9744
17762
17275
9326
9685
9876
17409
17517
17704
17398
17662
17513
17723
9577
10063
9948
9792
17473
17370
17505
17738
17635
17537
17541
9824
17659
17542
9680
17665
17303
