4174
2738
3264
7712
4541
10240
3423
5779
7903
2754
2956
2860
2750
2785
2726
2725
2760
2702
2723
2753
2752
6461
3955
2786
5562
4117
2827
5220
2757
5164
5335
6337
3687
5243
3370
3873
2750
3143
4364
8579
5552
4612
5080
3134
5925
4221
2750
4877
2765
2751
2725
2732
4915
2745
2755
2751
2719
2709
4978
2722
2821
7030
8661
4931
4884
2768
2770
4942
2750
4898
2939
2763
2759
2748
2758
2751
2757
2743
4928
2767
2761
2774
4873
2745
2776
5225
2681
2762
2712
2749
2747
2780
2725
2763
2988
4854
2775
2754
2746
4960
