5055
4349
4382
4426
4671
4381
4442
4489
4822
5412
4931
5369
4727
4788
4935
4940
4833
6107
8659
8460
4351
4317
4405
4406
4342
4322
4371
4420
4865
4400
4245
4432
4300
4371
7770
4398
4527
4346
4512
4366
4709
4345
4794
4859
4746
4358
4865
4438
4407
4398
4519
4912
4421
4851
4402
4404
4442
4487
4909
4422
5064
5761
5130
4755
4324
4398
4970
4371
4438
7857
7834
7978
7798
4390
4380
4402
7803
4376
7819
4376
7946
7851
4354
7928
6383
5005
6119
4439
4742
4431
4384
4376
5360
4727
4756
4370
4608
4741
7995
4483
