11595
11334
6334
6410
6205
6386
6490
6524
6446
6489
6450
6389
6368
6912
6367
6508
6432
6432
6245
6336
6305
6241
6464
6426
6381
6525
6334
6363
6409
6463
11376
11440
14003
7824
14955
7598
7713
14030
7805
7708
7587
7790
7813
7568
7686
13968
14117
14223
14063
13799
13910
14100
14036
13994
7563
7666
7572
7891
7850
7858
7893
7879
13951
15220
7838
7601
7560
7932
7432
13971
14149
7736
13991
13853
13958
14118
14084
14188
7625
7733
7605
7699
7718
14069
14050
14135
7759
7836
7728
7745
7807
7994
7728
7907
7703
8962
14012
14064
14091
14050
