2213
2039
2067
2061
2137
2095
2057
3114
2076
2087
2074
3104
3183
3137
3050
2089
2055
2208
2058
2079
2087
3106
3490
2640
2830
2323
2442
2978
2355
2452
2144
2094
3432
2480
2067
2261
2491
2620
2855
2296
2415
4026
3258
3056
3074
2073
2085
3119
2067
2065
2071
2067
2089
3722
2075
2089
2077
2073
2077
3186
2074
2060
2060
2259
2054
2070
2053
2077
3065
2999
2169
2101
2091
2071
3171
2079
2227
2059
2069
2073
2052
2076
3139
2080
2071
3115
2082
2077
2094
2079
2085
2088
3157
2080
2079
2110
2105
2986
2993
3068
