7432
7576
7423
7474
7465
7668
7646
7419
7578
13641
7364
13742
13710
13698
13567
7564
13541
7224
7646
13404
13651
7944
7460
13574
13528
7425
13572
13475
13129
7490
7361
7522
7701
7444
13578
13639
13549
13497
13526
7558
7629
7533
7486
7631
13084
13441
13417
7457
14841
7530
7444
13617
14012
7234
13454
7593
7435
7634
7653
7969
7419
14159
7645
8027
7499
7503
7488
13515
8000
4452
8023
4502
4893
4523
4533
7998
8024
4414
4539
4427
4641
4820
4345
4453
7960
8014
4312
4414
4478
8092
4455
4468
4469
8028
4416
4467
4451
7850
4431
8067
