3892
3847
3929
3906
3831
7416
4128
4139
3849
3930
3795
4016
3904
3792
7808
7033
3760
3833
3935
3828
3848
6995
6957
3871
7550
3843
3859
3886
3858
3939
3953
4132
3869
3840
3988
3812
3842
3869
3842
3839
3857
3879
3842
4398
4730
4169
4301
4146
4285
3864
4195
6872
3847
4077
3864
4072
3931
4135
4399
3774
4093
4284
3833
4180
3792
3738
3871
3864
6888
3829
4111
3830
3865
3854
3803
3889
3932
3887
3795
3880
3809
4160
4236
4059
4163
4155
3845
3868
6895
4091
3894
6953
4202
6786
3858
3860
3828
4010
3961
3847
