7394
7495
7500
13282
7342
7350
7538
7203
7565
7352
7541
7445
7417
7189
7345
7306
7333
7357
7426
7552
7573
7408
7327
7369
7355
7478
7538
7325
7366
7425
7519
7343
7656
7376
8345
13012
7308
13288
7533
7522
7457
7369
7348
7376
7462
7513
7452
7470
7459
7451
7477
7271
13316
13261
13295
13391
13259
13213
13354
13390
13375
13330
13328
13518
7442
13376
13315
7350
13345
13383
13204
13257
13231
7156
7438
13084
13224
13221
13243
13156
7851
7321
7324
7224
7188
13262
7098
13353
7318
7321
7309
7339
7415
7295
7472
13319
13285
13302
13227
13424
