12285
11814
12635
13061
12699
12551
12780
12794
12450
12103
12347
11972
12505
12015
12427
11735
12239
12531
21739
12269
12319
12597
12320
12605
12675
21727
21936
12114
12179
12055
11675
12073
12368
22154
22181
22019
12308
12220
21925
21871
21809
22259
22590
12145
21808
21761
12199
12352
11978
11784
21944
12333
12116
11764
12063
21989
3481
5998
6234
6014
3481
6068
6073
3461
3395
3348
5979
3400
3352
22065
12516
21871
12350
12146
11994
12022
22066
22298
12388
11932
12600
21649
12070
22240
22182
12441
12060
12243
13179
12046
12006
12121
22106
12317
21876
21969
12133
12064
12118
12007
