15537
8295
9114
8639
8635
8813
8426
8588
8668
8534
8555
8667
8656
8744
8490
15406
8578
15161
8714
15598
15719
15430
8678
8326
15523
15311
8583
8699
8541
15468
15589
15640
8691
8510
8498
8316
15545
15550
15454
15544
15713
15511
15471
8534
8675
8708
8813
8528
8376
8595
15376
15545
16648
15577
15631
8830
8517
15657
8792
8648
15644
8610
8516
8752
15052
15641
8540
8533
8544
8598
17156
15546
15633
8857
15365
15572
8792
15307
8736
15458
8502
15441
8493
15567
8508
15481
8546
8757
15599
15485
15468
8474
8748
8648
8554
8727
15361
15464
15675
8787
