11475
6392
11568
7010
6406
12307
6467
11508
6519
6381
11517
11459
11404
6578
6400
7948
6431
6249
6538
11446
6434
6368
7026
6994
6993
6532
11593
6383
6647
11568
6184
6189
6825
11745
11473
11502
11546
11665
11728
11715
11667
11713
11715
11533
11641
11728
11719
11698
11680
11745
11698
11700
6277
6282
6482
6408
11401
11623
11571
11571
6393
11570
11503
11536
11407
11498
11540
11398
12797
11597
11494
11625
11553
6430
6385
6187
6408
6574
6402
6204
11518
6368
6424
6398
11451
11721
11503
11544
11416
11590
11613
11765
6187
6466
11514
11550
11346
6452
11508
11629
