1653
1654
1641
1656
1643
1775
1784
1650
1657
1666
1947
1661
1653
1625
1895
1844
2389
1941
2224
2599
2043
2346
2012
1646
1684
1885
2062
2098
1753
1883
1645
1910
1672
1664
1810
1732
1947
2118
2582
2957
3209
2889
2294
1880
1834
1796
1676
1652
1658
1657
1790
1934
1688
1924
1756
1662
1660
1648
1846
1660
1651
1659
1661
1808
1824
1666
1688
1688
1678
1691
1659
1886
1644
1739
1662
1663
1680
1681
1623
1795
1696
1658
1653
1791
1649
1659
1646
1898
1651
1814
1667
1674
1665
1800
1652
1658
1651
1853
1938
1695
