16235
14992
15112
15060
14820
8059
8107
8232
8223
8341
14863
14777
14927
15056
11944
11880
11791
11941
12021
12046
11869
11978
11932
11962
6523
6800
6545
6776
6673
6711
6757
6664
6651
6578
6683
7333
6600
6737
6529
6619
6592
6330
6631
6520
6843
6622
6672
6647
14734
14962
14835
14888
8318
8042
8090
8354
8480
8309
8401
8402
8417
8522
8435
8330
8327
8595
8535
8409
8273
8560
8393
8535
8388
8392
8380
15071
14957
15000
8142
9857
9802
8173
8394
8265
8067
8282
8212
14821
14943
15024
8224
8314
8276
15088
8067
8031
8252
14955
8156
8387
