6629
6657
6491
7903
6504
6643
6611
6677
6749
6745
6475
6653
6971
8369
6693
6836
6636
6731
6656
6711
6504
6625
6768
6650
6857
6695
6782
6560
6639
6669
6590
6555
6733
6855
6658
6607
6707
6798
6631
6756
6654
6726
6646
6630
6688
6790
6687
6731
6725
6560
6784
6755
6644
6850
6656
6664
6653
6623
6761
6706
11994
6755
6732
6479
6551
12039
11981
7152
6499
6548
6681
6670
6666
7074
6612
6754
6758
12136
7026
7225
7276
6841
7164
7914
6786
7234
11861
12032
12025
12217
6628
12049
11986
6640
6637
6760
7277
9005
6670
6653
