3663
3941
3694
5337
3949
4769
6522
6553
3704
6743
6949
6630
4197
6872
3681
6637
3663
7048
3811
7259
6534
3760
3656
7033
7038
3747
3848
5687
3747
3679
3729
3708
3734
3815
6622
7591
9354
6416
4421
6186
3677
4893
3669
4261
7827
6781
3941
4402
3722
3692
3748
3726
3702
3718
6671
3645
3966
3651
3969
5090
3697
3645
3729
4340
3790
3792
3581
3728
3647
3926
3729
7017
3997
3697
3624
3737
3792
3754
6618
3657
3721
6737
3648
3988
6575
3689
3835
3710
4900
8399
3735
3774
3653
3811
6594
4737
3827
3794
4196
3812
