8688
8915
7585
7428
13706
13790
13740
7413
7418
13793
13973
13761
13788
7620
7676
7622
7884
7616
13814
7601
7590
7605
7778
7692
7824
7854
7485
13785
7698
13820
13727
7421
13826
13691
7697
7762
7763
14018
7778
7439
7711
13637
7687
7630
13872
13766
7410
7725
7410
13718
7577
7725
13753
13797
7809
7611
14906
9283
9272
7958
7587
7434
14952
7503
7423
7656
7609
7812
7583
7579
7631
7692
7564
7694
7404
7731
7798
7701
7707
7534
7673
7583
7583
7583
7837
7825
7572
7700
7622
7656
7816
7636
7665
14814
13518
7754
13889
13698
7571
7588
