7074
7010
7165
7219
12890
7277
12849
7192
12723
7220
7173
7162
7051
6849
7147
6903
7299
6901
7026
7082
7129
7224
7113
7126
7018
7164
7060
7151
7046
12841
12874
7078
7070
7077
7512
6996
7047
7391
7267
12832
12799
7080
12647
13003
12871
7330
7078
7054
7076
7222
7062
12678
12815
6966
7069
6868
7109
7032
7049
7089
6938
6838
7157
7221
7165
12963
12898
12805
12836
7133
12711
12741
12698
7085
7059
7054
12837
12800
12812
12785
6930
12666
6954
7088
7100
7171
7058
7294
7143
12989
7023
7153
12709
6860
7031
7087
12754
7016
6958
12775
