13899
13850
13671
13312
14103
14647
14182
14404
14080
24876
24950
13461
13605
24954
13632
13557
25233
25115
13601
24681
13339
14131
13679
25134
13320
25210
13698
13662
14034
13269
25220
24827
13666
13624
24929
14161
24849
13964
13619
25051
14865
13663
13638
25381
25055
13856
24979
13671
13532
13970
13847
25142
13657
13880
13630
13641
13686
13651
13764
13927
13729
24956
24981
14066
13859
13854
2897
2858
2923
2919
2873
2804
2837
2892
2884
2907
2922
2908
2867
2887
3070
2890
25525
24840
24842
24758
14129
25279
24868
13450
25284
25000
13334
14049
13793
18159
14195
24906
13833
14332
