15886
15830
15984
8679
15791
15728
8865
15849
15422
8659
15859
15738
15696
9517
8720
8791
8797
8553
8674
8646
16924
15814
8883
15756
15776
8936
8523
8888
8761
8971
8540
8882
8770
15822
8824
15793
15853
15916
8795
8830
8654
8671
8880
15696
8679
8649
9108
8632
8911
8629
8681
15559
15745
8467
8457
9024
8433
8512
8666
15896
8765
9792
8719
15820
8939
8840
9020
8669
8794
8734
8769
8893
8874
8892
8796
8798
8936
8791
8746
8859
8629
8785
8958
8568
8626
8426
8628
8742
8815
8642
8647
8660
15778
8648
8674
8801
8786
15875
15706
15577
