10815
10482
10722
11001
10691
19741
10748
10734
10963
11006
10903
10876
19191
10575
10775
10775
10773
19441
10800
19505
10689
10671
10798
10733
19302
11126
19721
10534
19387
10493
19515
10840
10992
10691
10926
19498
10542
10677
19488
10861
10776
10871
19401
10614
10931
10979
10509
19599
10707
19479
10819
10855
11036
19738
10466
10986
10828
10794
19562
19811
10423
19549
10897
10996
10664
10681
10799
11027
10972
19263
19513
19733
19358
19543
10733
19572
19635
10446
19558
19496
19544
19395
10707
19488
10990
19507
10606
19566
19350
19749
19670
19604
19768
19644
19582
19758
10600
19300
10589
10535
