12051
11479
11779
11436
11414
11559
11645
11821
11628
11770
11735
11304
11531
11854
11339
11541
11487
11483
11841
11487
11491
11800
11573
11564
11471
11799
11828
11873
11583
11568
11625
11659
20817
11338
11506
11483
21093
11532
11725
11508
11918
11793
11598
11336
12504
11351
11745
11325
11478
11519
11261
11224
11928
11687
11613
11660
11688
11574
11795
11694
11854
11482
11764
11508
11247
11073
11196
11843
11509
11874
11689
11790
11801
11220
11377
11596
11547
11578
11300
11871
11618
11753
11772
11625
11170
11401
11456
11573
11485
11806
11688
11516
11855
11560
11278
11485
11684
11514
11526
12458
