5026
5152
5092
5034
5124
5057
5056
5178
9593
4993
5132
5026
5034
5090
5215
5128
5091
5012
5002
5143
5077
5013
4998
9181
5097
5084
5104
5030
5025
5089
5104
5018
5169
4956
4998
5063
9086
9086
9087
5105
9102
5161
9089
9110
9096
10607
5041
9512
9036
5083
8969
9079
5034
9215
5077
9035
5042
4984
9110
9128
9139
5084
4946
9049
9126
4991
5073
4876
5148
5002
5077
5062
5231
5030
5053
9154
5080
5157
5036
5071
5128
5028
5067
5078
5077
5042
4913
5084
5030
5214
5089
5074
5035
5163
5077
5040
5059
5232
5141
5075
