6592
6600
6404
6720
6689
6687
6530
6640
6649
10337
18813
10252
18686
10392
10199
18674
18693
10340
10627
10265
10290
18702
10361
10098
10282
10530
18927
10111
10292
10310
10283
10256
10400
10243
11243
10318
10485
9985
10307
10581
18980
10027
10358
10594
18673
10580
10360
10166
18834
10293
10060
10289
18660
18803
18987
10009
10276
10281
10321
10801
18720
10429
18661
18878
10207
10342
10518
18850
10086
10396
10612
10476
18484
10036
18923
18604
10451
10302
10382
10428
18955
18813
18885
10512
10455
10733
18642
10602
19319
10896
18658
18864
10288
10236
19006
18840
10297
11445
10392
18691
