10461
6530
10600
5741
5756
5774
5820
5754
5847
5749
5679
5896
5874
5865
5868
5774
5845
5702
5765
5798
5871
5861
5869
10574
10557
12220
10549
5871
5791
5706
5814
5844
5847
5739
5724
5938
5859
5825
5723
5682
5843
5836
5952
5922
5789
5967
5814
5850
5690
5748
5841
5869
5903
5795
5729
5911
5832
5856
5965
5772
5974
5950
5864
5904
5851
5773
5851
5865
5773
5825
5839
5846
5899
5793
5920
5946
5772
5841
5940
5699
5914
5864
5815
5917
5914
5810
5846
5763
5984
5840
6015
5781
5938
5821
5866
5980
5876
5852
5770
5841
