2340
2329
20578
2889
2357
4158
4149
4848
5868
2645
2737
2329
4379
2376
2618
5516
3757
7739
8586
5235
3354
6618
4104
2902
2332
2403
2917
3646
2595
2991
2637
5182
4214
2351
2350
2532
3331
7228
6576
3369
4274
2760
3360
5819
3681
2391
2361
2332
4079
2334
4091
2339
2362
2336
2361
4141
2337
4099
2342
2354
4116
2337
2304
2324
2520
4121
2440
4163
2367
4132
2349
4022
2342
2342
4121
4053
4195
2341
2344
4104
2329
4077
2342
2358
4181
2337
4355
2344
2331
4302
2366
4134
2344
2401
5181
4149
4125
2339
2334
4059
