5607
8074
5933
3413
4828
5524
5738
4379
3529
3724
3813
5854
3267
4023
7702
3301
5885
3296
3308
3337
5982
3238
3347
3307
3245
3270
3289
3260
3341
5894
5386
3287
4278
4654
5972
5889
7340
5783
5824
3745
5882
3352
5835
5878
8376
4000
3294
3302
3301
5932
3312
5820
3334
5833
3303
3307
5892
3333
3541
6224
3155
3286
3395
3423
3323
3303
3246
3307
3271
3222
3479
3573
3509
3460
3392
3652
3385
3297
3326
3386
3295
3300
3363
3329
3272
3283
3320
3647
3298
3312
5862
6015
3291
3304
3424
3272
3505
3264
3298
3296
