4802
2448
2653
4693
3347
4010
4046
6068
3448
3079
2968
3281
17700
2479
2510
2471
2490
2447
2505
2485
2463
2557
2480
4907
2482
2466
2944
2679
2548
4393
2490
2477
2474
2479
4392
3054
2472
2477
3109
2488
2501
2406
2484
2498
4347
2649
2444
4383
2463
4700
4347
2481
2439
2481
2471
2459
2508
2482
4300
4350
2454
2502
2446
4438
2483
2647
2478
4361
2464
4388
4412
2469
2523
4374
4345
4356
2479
2462
4396
2487
4276
2495
2552
4383
2471
2426
2482
2490
2702
2641
5863
7667
5240
3241
3723
6204
2452
2670
2479
2456
