8597
8657
8714
9067
8862
8839
8969
8893
8791
9084
9063
9086
9036
8912
8858
8994
9052
8618
8934
8908
8893
8956
9057
8921
8918
8930
17461
16005
8960
8951
8797
16207
15989
16048
8889
8785
9026
9270
15974
9039
15978
15722
8808
8684
8887
8781
8808
8700
8237
8933
9080
8685
8784
8855
8800
8898
16239
8802
8842
8868
8774
16143
8816
8923
8830
9047
16154
8753
15854
15908
8885
9003
15818
16078
8677
8793
8814
9009
8790
8873
9057
16118
16223
8792
16117
15919
9002
16082
8561
15901
15745
16204
15885
9089
8620
8894
8903
8916
8821
8974
