6621
6266
6257
12192
6379
6270
6293
6245
6259
6248
6232
6297
6341
6121
6375
11561
11279
11091
11370
11300
6240
6121
6197
6272
11298
6021
11268
11212
11216
11220
6436
6243
6270
6220
11563
11278
11417
6158
6509
11439
11408
6326
6201
6245
6301
6204
6348
6306
6246
6302
6346
11234
6248
11377
6319
11431
6243
6258
6218
11341
6202
6257
6224
6285
6344
6313
6184
6149
6250
6429
6256
6348
6389
6252
6359
6296
11326
6066
6247
11214
11472
6332
11490
6274
11234
6308
6254
6253
11952
6177
6280
6347
6099
6356
6306
6219
6379
6123
11321
6356
