10296
10075
9722
10063
10045
17789
18176
18227
9999
10037
18147
18306
17937
10104
18316
9754
18468
18481
18312
18271
18563
18185
17923
10438
18374
18376
19398
18328
9955
10235
10362
9778
10044
10044
10138
18456
18518
18322
18323
18335
18454
18412
9970
18268
18500
18041
18251
9994
18529
18226
9894
18327
4296
7682
7557
4253
7403
4174
4517
7828
7631
7902
7651
4273
4327
4287
7713
7727
7751
4350
10124
19387
18158
10036
10303
10043
18197
17894
17806
10048
9856
10244
10030
18028
9970
18155
9670
19136
18175
9961
18019
9871
18183
18519
18007
18260
10058
10136
10003
18372
