6957
12319
6753
6841
12132
12347
12272
6824
6871
6784
8846
12426
12249
7163
12140
12390
6896
12273
12470
6811
8777
6800
6789
6908
6837
6780
6943
12363
12364
12302
12256
12346
12171
12281
6839
6806
6782
6795
6904
12259
6866
6804
6818
6816
6846
6661
6645
3345
3391
3459
3431
3385
3309
3408
3524
3389
3430
6101
6139
6073
6154
3415
6065
3298
3511
3426
3481
6037
6068
6114
3417
3365
3418
3419
3523
3377
3410
3366
6063
6140
6009
6071
6088
6062
3299
6080
7249
6130
6085
6062
6087
3458
4841
4690
8557
8601
8476
8322
8551
4688
