19822
19660
10816
10811
11169
10895
10976
10692
10585
10960
11056
10841
19671
10917
19731
19659
19926
10158
9600
5318
5303
9530
9614
9543
5467
5297
5446
9714
9571
9571
9704
5573
5299
11239
11012
10880
19891
10785
19934
11149
10795
11093
10654
10833
19909
10539
19670
19720
19974
20132
19889
10639
10852
11018
19638
10995
19972
10845
10839
10844
19902
10633
19779
19563
10594
19892
19776
10785
10805
10565
10902
10872
19970
19955
19829
11688
19764
19998
10791
11135
10849
11199
10912
10906
19850
21219
10737
11320
11053
11114
11187
10635
11968
10855
11049
10958
19872
10968
10875
10861
