3435
6542
4712
3418
4382
3658
4663
6133
3829
4524
3433
3671
3660
7480
3933
3440
4667
3470
6379
3470
6256
4266
6556
3720
5041
3478
3536
4180
6725
4882
5570
3986
4259
3462
3365
3452
3451
3418
3477
7252
6523
3444
3653
9625
3522
3452
6230
3395
3423
3449
6272
3591
6133
6127
5571
3550
8447
6550
3714
3690
4914
4507
3445
3404
3644
3596
3500
3685
3594
6114
4124
4788
6075
3454
6082
3458
6158
3483
3478
3480
3313
3510
3475
6287
6119
3462
3322
6104
4669
6961
3746
3737
3477
3513
3480
3329
6065
8354
6164
3505
