23751
24051
13274
12928
3211
3185
3195
3199
5831
3177
3209
3256
3139
5746
3305
5771
3249
12946
23836
23825
13017
24045
13166
23950
12987
23922
23709
13333
12995
12958
13066
23779
23352
13352
23977
13091
12855
13035
13134
23163
23626
13491
13071
24247
23642
23848
12995
12859
23585
13425
13364
13036
13350
23581
13055
23483
23935
24057
23888
23576
23773
13349
13122
12960
12980
12990
13379
24036
13403
24298
12995
13568
12688
23511
13161
23770
13105
12875
13105
12692
13238
23853
12626
23780
23861
23748
23563
13106
23509
24060
12974
13171
12979
13177
23771
23455
23823
12896
12972
13229
