2871
5078
4823
3139
3080
3273
3537
3852
3801
2929
3008
3455
2934
2895
2895
2899
2836
2885
2887
2924
3037
2953
2920
2898
2869
3128
3073
3729
3051
3302
5586
3283
3719
3146
3538
3059
3181
5123
3013
3122
3106
2903
2891
2821
2873
5103
2993
2922
2887
2853
2877
2899
3365
5258
5507
3642
2892
2925
7455
2893
3121
2896
6686
2889
2901
2931
5065
2857
5116
2908
2829
5146
2857
2857
3074
5487
2899
2860
2911
2920
3077
3000
2891
2870
5071
2917
3778
4217
3197
3841
4393
2918
2936
5296
5195
5246
5089
3227
2986
5282
