10528
10772
10545
10629
10534
10686
10767
19317
10275
10968
10615
10598
10579
19297
10669
10803
18994
19056
19146
19191
19546
19500
19161
19258
10622
19190
19081
19273
11029
10324
19499
19196
19368
19104
19227
19148
19387
10839
10695
19474
19483
19273
10820
19129
19392
20369
10587
10486
10575
10967
10324
10343
10584
10638
10551
10638
11010
10409
10305
10950
10324
10697
10545
19199
19401
19337
10742
19661
4379
4388
2460
4377
4435
2444
4429
2390
2538
2485
2569
2515
2510
2493
2496
2420
2452
2553
2512
2466
10798
10890
10609
10518
10809
10298
19418
18949
10752
10566
10597
10700
