2214
2188
2209
2253
2212
3635
2185
2215
2215
2243
2220
3594
2236
2298
2211
2202
2202
2205
2239
2169
2210
2201
3819
2184
2193
2211
2197
2223
2198
3731
2217
2517
3569
2220
4079
3622
2234
2197
3669
2179
2226
3634
2357
2463
3650
2203
2192
2200
2191
2180
2196
2210
2190
2225
2207
2208
2189
2227
2199
2205
3670
2284
2200
2214
2204
2201
2213
2199
2227
2197
2215
2203
2208
2220
2213
2223
2208
2201
2168
3519
3547
3718
2196
2208
2344
2214
2193
2229
2205
2273
2167
2210
2228
2285
2196
2209
2193
2206
2219
2264
