11258
11807
11115
11593
11552
11446
11452
11760
11459
20692
11341
11269
11514
11547
11512
11704
11366
11534
11033
11132
11547
11800
11614
11511
11661
11335
11537
11137
11376
11317
11843
11387
11480
11112
11796
11565
11660
11141
11631
11360
11678
11323
11128
11691
11550
11034
11344
11952
11541
11199
11324
10856
10557
10620
10344
10533
10392
10140
10338
10448
10243
10226
10444
10721
10566
10463
10434
10205
10224
10383
10435
10393
10817
11556
11485
11383
11597
11454
11378
11462
11542
11380
11742
11271
11119
11507
11417
11082
11302
11661
11453
11574
11470
11536
11520
11407
11606
11746
11343
11188
