100 108,79 99 102 100 hash_medium-100-100.txt
200 82,46 98 100 100 hash_medium-100-200.txt
300 153,66 99 100 100 hash_medium-100-300.txt
400 96,35 99 100 100 hash_medium-100-400.txt
500 147,46 99 100 100 hash_medium-100-500.txt
600 80,34 99 112 100 hash_medium-100-600.txt
700 103,7 99 100 100 hash_medium-100-700.txt
800 93,17 99 101 100 hash_medium-100-800.txt
900 84,11 99 100 100 hash_medium-100-900.txt
1000 81,9 99 100 100 hash_medium-100-1000.txt
1100 111,14 99 100 100 hash_medium-100-1100.txt
1200 97,86 99 100 100 hash_medium-100-1200.txt
1300 98,01 99 100 100 hash_medium-100-1300.txt
1400 84,14 98 100 100 hash_medium-100-1400.txt
1500 84,99 99 100 100 hash_medium-100-1500.txt
1600 94,9 99 100 100 hash_medium-100-1600.txt
1700 83,09 99 100 100 hash_medium-100-1700.txt
1800 81,94 99 101 100 hash_medium-100-1800.txt
1900 98,99 99 100 100 hash_medium-100-1900.txt
2000 101,89 99 100 100 hash_medium-100-2000.txt
2100 82,52 99 101 100 hash_medium-100-2100.txt
2200 91,42 99 100 100 hash_medium-100-2200.txt
2300 240,25 99 101 100 hash_medium-100-2300.txt
2400 91,25 99 101 100 hash_medium-100-2400.txt
2500 80,97 98 101 100 hash_medium-100-2500.txt
2600 96,37 99 100 100 hash_medium-100-2600.txt
2700 95,99 98 100 100 hash_medium-100-2700.txt
2800 84,06 99 100 100 hash_medium-100-2800.txt
2900 83,83 99 100 100 hash_medium-100-2900.txt
3000 81,35 99 100 100 hash_medium-100-3000.txt
3100 85,06 99 100 100 hash_medium-100-3100.txt
3200 84,77 99 100 100 hash_medium-100-3200.txt
3300 85,59 99 100 100 hash_medium-100-3300.txt
3400 83,16 97 100 100 hash_medium-100-3400.txt
3500 110,35 99 101 100 hash_medium-100-3500.txt
3600 122,74 98 108 100 hash_medium-100-3600.txt
3700 126,27 97 100 100 hash_medium-100-3700.txt
3800 89,95 99 102 100 hash_medium-100-3800.txt
3900 97,87 99 100 100 hash_medium-100-3900.txt
4000 106,25 99 100 100 hash_medium-100-4000.txt
4100 86,27 99 100 100 hash_medium-100-4100.txt
4200 97,19 99 100 100 hash_medium-100-4200.txt
4300 85,62 99 100 100 hash_medium-100-4300.txt
4400 87,77 99 104 100 hash_medium-100-4400.txt
4500 83,86 98 100 100 hash_medium-100-4500.txt
4600 107,62 98 100 100 hash_medium-100-4600.txt
4700 95,69 99 100 100 hash_medium-100-4700.txt
4800 84,98 99 100 100 hash_medium-100-4800.txt
4900 103,56 99 100 100 hash_medium-100-4900.txt
5000 83,23 99 100 100 hash_medium-100-5000.txt
5100 98,12 99 100 100 hash_medium-100-5100.txt
5200 83 0,83 99 102 100 hash_medium-100-5200.txt
5300 111,98 99 101 100 hash_medium-100-5300.txt
5400 85,22 98 100 100 hash_medium-100-5400.txt
5500 100,96 99 100 100 hash_medium-100-5500.txt
5600 90,14 99 104 100 hash_medium-100-5600.txt
5700 112,62 99 100 100 hash_medium-100-5700.txt
5800 82,31 99 100 100 hash_medium-100-5800.txt
5900 84,04 98 101 100 hash_medium-100-5900.txt
6000 89,37 99 100 100 hash_medium-100-6000.txt
6100 86,81 99 100 100 hash_medium-100-6100.txt
6200 119,78 97 100 100 hash_medium-100-6200.txt
6300 93,92 99 100 100 hash_medium-100-6300.txt
6400 97,76 99 100 100 hash_medium-100-6400.txt
6500 116,18 99 100 100 hash_medium-100-6500.txt
6600 100,86 98 100 100 hash_medium-100-6600.txt
6700 86,1 99 102 100 hash_medium-100-6700.txt
6800 101,31 99 101 100 hash_medium-100-6800.txt
6900 114,94 99 100 100 hash_medium-100-6900.txt
7000 82,34 99 100 100 hash_medium-100-7000.txt
7100 94,58 99 100 100 hash_medium-100-7100.txt
7200 85,67 98 102 100 hash_medium-100-7200.txt
7300 87,75 98 101 100 hash_medium-100-7300.txt
7400 90,82 99 100 100 hash_medium-100-7400.txt
7500 87,06 97 100 100 hash_medium-100-7500.txt
7600 85,47 99 100 100 hash_medium-100-7600.txt
7700 116,58 99 100 100 hash_medium-100-7700.txt
7800 85,9 98 101 100 hash_medium-100-7800.txt
7900 88,39 99 100 100 hash_medium-100-7900.txt
8000 114,21 99 100 100 hash_medium-100-8000.txt
8100 84,22 99 100 100 hash_medium-100-8100.txt
8200 81,37 99 100 100 hash_medium-100-8200.txt
8300 87,36 98 100 100 hash_medium-100-8300.txt
8400 98,52 99 100 100 hash_medium-100-8400.txt
8500 79,7 99 100 100 hash_medium-100-8500.txt
8600 113,66 99 100 100 hash_medium-100-8600.txt
8700 97,91 99 101 100 hash_medium-100-8700.txt
8800 102,39 99 100 100 hash_medium-100-8800.txt
8900 89,61 96 100 100 hash_medium-100-8900.txt
9000 82,64 99 100 100 hash_medium-100-9000.txt
9100 102,41 99 100 100 hash_medium-100-9100.txt
9200 106,97 99 100 100 hash_medium-100-9200.txt
9300 83,62 98 100 100 hash_medium-100-9300.txt
9400 87,31 98 100 100 hash_medium-100-9400.txt
9500 108,77 99 101 100 hash_medium-100-9500.txt
9600 88,9 99 101 100 hash_medium-100-9600.txt
9700 95,03 99 100 100 hash_medium-100-9700.txt
9800 103,39 99 100 100 hash_medium-100-9800.txt
9900 82,27 98 100 100 hash_medium-100-9900.txt
10000 95,57 99 100 100 hash_medium-100-10000.txt
