12930
12993
13046
13137
13109
13222
13059
23880
23839
13433
12734
12986
12638
12687
12794
14779
14431
13706
13963
13841
13081
13639
12984
13155
12990
13541
13428
12894
13518
13532
12934
22900
14334
23090
12579
23279
12688
22934
12386
22940
12519
23312
12377
13142
12704
23330
23343
23284
23003
23407
12752
12821
23628
23194
12656
23509
12537
23090
12792
12725
12449
12791
23101
12807
14846
12466
12667
13268
12452
12824
12741
12817
23118
13036
12791
12716
12747
12708
12723
12161
12667
13032
13003
13105
12905
23242
23243
12297
22758
23239
12515
12678
12714
22641
12749
12768
12601
23151
12959
12709
