4491
4604
4536
4541
4597
4590
4585
4593
4514
4604
8014
4782
5030
8655
8041
8192
8625
8107
8073
8188
8029
8071
8041
4423
7977
4552
6624
5191
8037
4519
4497
4534
4436
10188
4894
8630
8052
8040
4629
8064
8087
4599
8063
8038
8190
8154
8692
4530
8181
4558
4516
8075
8771
4524
4529
5420
9746
8135
8176
8055
8088
9007
8846
4608
4539
4532
4520
4557
7978
4524
8138
8002
8174
8085
8123
4467
4602
4522
4538
4576
4566
8013
8118
4595
4498
4610
4443
4530
4401
4373
4546
4524
4515
4525
4596
4529
4369
4504
4539
4534
