9301
9068
9113
9286
8849
9207
8835
9098
9076
8915
9107
9271
9306
9010
9190
9045
9056
9060
9207
9298
9218
9314
9182
9160
9113
8889
8986
9153
9163
9496
9060
9084
9185
9151
9215
9276
9138
16428
16458
9113
9338
16655
9206
16291
9260
9028
9146
16439
9320
16169
9052
9363
16489
9152
9262
16426
16606
16535
8900
9315
16443
9370
17928
9076
9120
9033
9055
9010
16250
16438
9278
9254
9136
9056
9471
16380
9144
9305
8861
9315
9045
8889
9113
9170
8912
9065
9168
8990
8882
9285
9043
16751
9180
9068
16425
16369
16534
16460
9393
9221
