8554
4920
4803
4828
4845
4876
4831
4833
4822
4828
4665
4802
4895
4751
4797
4789
4769
4799
4785
8560
8541
8555
4735
4845
5693
4757
4750
4835
4826
4849
4725
4811
4785
4714
8527
4835
4763
4836
4806
4867
4784
4823
4778
4706
4663
4816
4661
4845
4739
4821
8790
4806
4830
5107
8646
4705
4871
4800
4752
4807
4773
4821
4825
4706
4854
4780
4826
4833
4655
4762
4827
4736
4902
4811
4820
4824
4762
4788
4792
4783
4644
4801
4664
4764
4727
4589
4785
8649
5909
4804
4824
4797
4743
4760
4741
4743
4780
4814
8549
4838
