172
218
146
167
223
222
165
297
226
162
197
205
182
156
151
164
225
225
184
166
194
255
239
204
233
199
216
160
167
196
225
215
193
245
203
341
239
157
178
201
163
232
195
183
161
199
171
254
206
144
195
337
204
230
164
200
335
300
177
239
214
198
228
167
172
145
243
219
182
232
223
160
212
230
158
179
171
207
204
159
237
228
184
214
204
156
167
162
145
246
159
199
237
155
211
220
162
158
216
165
223
196
242
162
165
330
199
156
203
152
181
228
218
206
222
160
220
211
209
144
165
217
212
200
202
246
243
203
224
201
182
174
208
197
174
200
193
357
277
223
212
195
195
213
324
235
234
180
212
173
195
262
224
205
201
224
209
199
204
211
203
294
194
184
223
222
214
228
228
187
172
255
198
184
238
217
208
232
335
201
194
213
213
195
180
204
178
263
240
188
218
178
203
199
180
200
213
196
230
196
194
244
197
408
208
187
209
273
210
229
210
188
182
227
204
201
180
186
190
201
210
178
201
185
2300
204
187
208
210
259
224
191
168
210
217
200
203
321
215
201
200
235
201
222
195
224
263
205
214
244
210
189
206
209
195
217
266
286
196
198
208
188
184
185
206
193
205
211
186
191
228
202
184
228
189
220
209
195
181
209
203
195
209
183
199
190
194
229
187
192
200
179
200
274
201
179
198
194
181
179
219
220
201
196
180
208
187
230
192
203
202
203
193
229
194
180
171
172
249
199
191
216
257
290
289
211
233
193
211
210
190
177
230
196
205
311
196
200
219
196
186
217
207
227
177
181
189
217
213
198
214
236
205
207
211
202
223
233
185
185
217
293
210
182
210
257
203
229
214
268
197
229
213
212
204
214
197
197
210
199
218
183
283
219
201
190
214
211
222
189
206
190
201
221
191
195
212
270
215
199
270
183
322
218
171
208
195
195
206
218
703
211
204
199
201
200
213
209
269
292
235
225
212
224
210
286
229
196
197
221
188
202
198
452
220
209
191
294
226
206
189
188
198
210
213
209
199
205
237
238
253
244
220
297
236
211
194
213
211
202
198
205
201
217
310
214
195
270
301
238
197
247
287
375
368
219
257
277
218
207
206
211
178
206
191
239
195
219
286
292
197
246
256
204
197
209
198
191
216
188
265
207
211
525
192
193
219
225
211
200
195
202
201
342
191
217
206
247
290
395
212
204
200
254
214
218
189
209
230
214
200
205
206
198
201
193
212
212
224
256
223
203
219
201
211
205
205
268
186
205
225
219
206
222
295
202
214
220
219
255
202
260
280
202
223
226
193
237
194
218
187
209
214
195
215
205
219
203
198
216
200
213
204
187
203
195
197
210
200
219
227
196
203
198
197
191
193
193
195
208
214
182
208
210
192
195
188
187
192
195
184
196
190
207
213
181
190
176
177
192
201
206
205
222
226
183
184
238
219
187
183
188
192
184
214
188
198
180
163
179
214
208
213
180
220
199
228
188
198
202
326
300
197
192
232
258
290
379
498
273
225
279
323
261
165
209
186
175
176
190
179
174
167
172
178
184
172
177
191
176
176
194
176
175
164
179
196
195
208
181
168
180
194
168
189
176
176
175
189
179
176
181
181
175
190
176
203
199
175
173
177
170
171
189
176
188
175
179
166
187
191
218
179
186
207
184
183
193
189
179
230
186
186
208
185
186
214
176
207
179
179
180
202
177
175
196
184
176
194
175
167
206
207
183
181
166
177
220
200
175
185
170
173
213
197
193
240
170
178
189
173
177
204
190
206
176
179
212
220
171
204
199
163
211
201
180
176
210
174
203
223
176
206
193
175
192
202
194
170
198
227
205
175
208
258
181
182
251
345
386
246
353
363
201
205
188
181
182
195
172
223
188
172
176
173
181
201
177
165
176
169
162
188
224
173
170
166
190
181
223
169
204
194
180
153
183
174
224
164
189
171
186
181
184
165
183
187
188
194
174
180
215
193
207
173
188
194
224
179
177
172
197
175
193
188
189
180
168
204
212
182
182
212
180
173
202
185
191
214
178
194
194
189
208
182
213
194
184
198
185
172
220
183
178
184
197
185
174
180
174
204
170
183
178
182
185
209
187
177
173
175
200
204
194
183
236
197
178
190
167
182
182
210
188
174
179
175
176
191
206
184
209
192
186
317
175
204
162
187
196
233
181
193
234
344
253
207
215
157
185
194
188
182
195
177
183
188
210
179
176
163
210
202
195
177
230
201
183
194
221
204
178
185
175
212
206
176
192
193
187
248
176
179
205
167
182
247
201
173
179
