197
186
211
264
372
240
204
297
236
233
284
195
253
196
215
195
238
214
273
194
217
194
207
190
174
181
205
234
188
193
185
196
246
182
181
177
191
222
193
209
193
226
184
208
211
191
189
177
195
213
184
196
227
224
190
183
194
203
189
174
185
206
194
195
212
244
243
219
181
212
202
168
200
202
203
201
230
239
207
221
224
193
205
196
203
206
221
198
253
219
217
213
246
204
206
219
213
224
250
228
269
379
587
208
230
198
216
230
193
195
240
210
212
207
235
256
213
225
206
219
262
232
225
226
231
229
223
248
194
236
217
222
202
595
243
218
216
222
216
241
215
217
206
216
220
213
203
241
219
222
209
218
251
240
251
216
327
215
232
251
209
218
300
225
275
226
245
310
223
242
381
231
242
316
252
303
226
255
331
231
373
276
259
256
219
263
262
270
231
231
258
247
246
245
257
244
236
220
245
230
239
264
275
211
255
215
211
239
261
222
266
197
260
218
231
331
226
213
285
258
211
214
210
394
267
266
205
220
221
223
221
270
272
246
243
217
266
212
264
249
357
217
210
278
220
263
341
228
196
243
225
202
275
265
229
261
216
239
214
211
275
218
218
214
218
228
232
311
216
254
208
263
283
226
328
209
276
204
194
216
234
362
227
245
237
197
202
218
255
336
223
214
199
233
220
201
216
199
217
233
204
197
208
223
262
239
224
216
213
228
196
222
224
245
221
222
199
207
238
214
270
216
342
228
232
223
218
213
373
225
229
212
225
272
202
230
237
202
217
215
213
215
244
222
239
323
206
211
247
202
220
220
212
223
310
214
217
223
210
194
345
239
308
188
231
217
198
202
220
209
220
316
222
259
326
189
222
205
228
244
289
216
221
277
214
218
349
215
208
394
213
214
214
308
249
257
299
214
245
216
208
211
210
193
228
192
214
218
224
213
201
270
214
209
217
189
198
210
214
201
216
191
206
226
193
213
199
245
244
200
179
210
233
205
311
211
200
201
221
201
250
194
278
198
216
205
228
210
223
182
209
194
212
202
185
203
178
230
204
188
251
232
279
192
206
262
202
193
266
238
209
201
238
191
185
189
184
189
203
195
201
196
184
180
210
194
219
199
184
201
194
192
189
192
214
187
198
190
194
186
185
193
199
185
205
198
252
233
230
199
181
186
180
205
197
194
191
206
180
204
192
227
189
210
185
182
206
201
209
188
191
178
192
182
308
177
207
174
220
188
266
199
216
183
178
189
195
220
181
190
211
194
176
184
184
199
202
214
182
182
206
179
219
191
227
185
211
209
196
175
183
206
212
189
220
195
187
191
189
207
194
200
207
292
343
191
184
181
257
187
196
204
190
200
184
180
228
261
216
210
183
198
223
217
171
206
217
186
185
203
205
189
222
207
202
176
186
211
192
215
189
187
180
212
175
186
193
199
202
191
194
191
180
191
195
192
197
183
209
186
190
179
197
191
205
189
185
189
187
193
202
184
179
183
178
220
179
180
261
195
184
182
190
195
204
232
195
218
250
190
180
209
218
188
200
183
177
232
185
178
202
231
206
213
230
179
196
195
237
199
250
182
183
201
192
195
221
194
202
217
180
187
233
219
184
216
188
206
187
213
221
186
184
181
185
188
209
175
207
211
217
181
207
186
196
183
194
183
185
219
200
218
190
219
198
206
187
190
241
187
194
196
186
211
211
258
206
222
187
208
210
215
242
192
191
185
192
188
226
171
191
236
211
194
182
193
223
283
267
230
230
229
201
185
192
214
175
256
203
183
200
180
167
189
227
185
185
186
184
200
231
193
171
192
197
176
213
187
224
179
211
195
207
179
238
226
215
181
190
177
182
190
194
203
186
192
180
205
201
193
187
176
204
182
233
198
197
238
234
186
222
191
214
178
185
180
188
196
199
224
189
235
184
234
188
220
181
203
194
219
228
197
175
191
200
210
191
182
192
173
203
209
190
185
188
171
209
180
196
194
170
225
174
236
197
188
194
210
193
213
175
179
228
184
234
173
171
194
386
177
198
229
189
219
182
269
180
198
219
173
223
177
239
193
203
241
183
231
190
222
195
180
220
194
196
194
226
169
235
193
203
176
185
222
212
199
197
182
177
211
240
193
196
173
182
229
191
186
193
259
159
204
231
233
183
195
232
172
231
211
189
192
200
227
181
197
190
175
233
206
237
249
258
183
195
192
171
194
177
192
176
242
243
186
181
207
190
180
174
227
180
184
170
181
179
180
178
226
182
191
254
186
182
188
263
179
213
177
236
253
