149
103
146
162
119
155
153
155
121
152
149
166
172
147
131
161
162
146
144
140
161
147
148
122
123
202
165
158
135
196
115
126
141
122
169
118
158
148
122
124
160
151
154
156
170
150
149
123
122
161
157
157
149
155
128
171
144
135
172
160
148
161
110
145
144
156
160
145
154
174
186
123
142
121
158
142
157
108
165
148
165
127
112
132
154
177
150
159
106
157
164
147
166
126
158
131
119
120
131
165
172
169
178
129
131
161
157
137
114
194
174
157
127
148
154
161
164
164
165
155
158
140
137
108
150
153
126
121
104
166
150
141
295
162
153
155
156
108
132
150
164
163
150
165
159
126
169
156
149
180
144
163
143
144
143
133
175
127
161
124
124
122
124
121
158
155
124
162
162
165
147
128
148
150
118
159
158
171
172
165
122
156
152
156
173
163
128
150
148
130
180
150
154
122
172
159
160
124
146
161
150
150
208
178
127
178
176
757
210
138
172
145
130
164
151
160
117
168
153
156
170
125
145
150
162
144
137
165
152
153
173
155
119
162
162
151
125
123
154
150
150
108
160
143
174
160
153
154
172
151
162
178
154
121
137
146
153
126
122
150
183
162
169
166
159
161
148
144
142
155
117
148
130
176
160
176
118
178
170
144
123
118
151
184
109
198
166
158
158
124
173
147
163
159
159
141
171
139
157
153
163
162
143
176
111
165
144
157
122
127
169
122
124
126
118
155
154
159
110
157
147
151
156
159
165
114
132
138
145
148
124
165
153
134
124
155
146
177
160
145
137
149
96
161
163
142
197
148
149
138
126
154
117
170
160
153
153
112
128
171
158
155
158
148
139
162
168
139
107
156
153
149
151
137
158
105
173
149
152
106
139
156
159
153
165
163
172
152
178
149
112
97
122
147
147
100
152
171
161
147
158
123
175
144
165
100
163
180
105
159
181
183
169
162
168
165
117
124
166
120
173
125
163
168
142
117
149
142
161
154
168
134
154
123
173
162
159
122
167
151
133
141
111
155
102
114
157
149
165
101
125
172
121
190
115
149
154
156
117
120
161
146
167
106
177
120
167
167
128
118
121
176
167
190
321
121
128
345
172
398
168
192
205
376
200
118
148
122
175
160
152
118
157
339
123
124
125
119
118
122
108
182
148
154
141
155
164
154
157
124
179
143
146
167
139
160
159
124
94
143
155
153
147
164
154
113
124
149
175
150
147
155
152
148
164
140
108
114
182
159
161
145
173
144
132
151
138
173
114
126
131
157
156
111
170
143
152
159
128
184
175
216
166
148
160
181
166
163
167
132
172
176
113
161
149
164
128
171
175
165
184
170
125
148
173
156
160
136
206
173
173
151
155
157
169
139
139
148
144
123
126
160
167
159
128
184
127
153
161
150
164
171
165
136
112
154
122
155
166
209
195
136
169
159
179
159
179
157
142
769
160
170
131
146
170
157
171
159
155
174
168
154
138
155
139
149
154
120
152
145
131
121
150
151
156
130
202
128
159
170
146
148
114
124
164
171
146
126
105
146
163
173
171
184
124
214
147
244
207
189
170
146
115
171
157
118
176
192
148
131
175
159
114
118
191
146
185
160
178
171
154
153
164
150
157
165
163
123
156
129
173
168
161
122
167
122
131
161
149
148
155
158
158
155
124
129
175
144
169
162
185
141
166
135
166
121
165
176
122
121
187
125
151
174
171
171
116
111
126
123
154
131
151
148
160
161
155
179
123
154
168
156
146
122
153
161
122
165
155
173
120
130
144
160
115
159
179
192
205
190
157
161
163
177
148
121
178
183
166
173
118
164
172
157
158
122
126
158
160
165
109
168
151
158
176
171
178
167
191
129
177
107
174
125
147
163
176
133
151
175
176
165
123
131
153
191
192
145
215
207
156
172
242
279
296
180
226
366
198
302
268
195
314
281
195
212
269
262
213
303
192
290
173
270
317
202
213
290
273
268
179
173
258
283
250
165
267
228
170
247
202
197
306
243
250
296
260
223
138
145
196
189
175
112
172
184
178
140
127
137
127
129
169
153
122
163
154
153
150
153
165
138
112
130
126
152
159
152
129
160
147
151
131
121
173
146
159
190
191
211
140
196
180
140
156
156
173
148
161
166
134
176
140
178
155
153
145
126
159
116
173
161
159
153
132
174
176
167
164
170
170
200
179
168
139
137
140
165
134
126
175
169
164
170
131
138
166
162
178
127
113
117
170
137
129
152
194
206
252
196
187
171
147
134
169
158
164
146
124
127
162
253
136
167
124
170
166
144
165
173
