202
141
202
187
188
152
189
130
152
121
158
116
132
203
192
125
132
219
184
185
134
189
134
136
134
177
200
200
158
157
217
146
321
133
137
158
156
130
213
209
149
138
166
198
135
154
143
205
206
147
212
204
136
128
184
201
201
148
186
135
137
146
177
201
140
140
213
146
137
157
177
153
197
142
153
191
195
142
139
191
144
159
139
147
211
160
148
188
124
193
144
167
134
145
145
147
155
194
145
141
155
198
202
143
145
203
140
147
143
200
139
136
143
168
173
156
139
212
190
157
148
190
203
142
164
146
174
188
149
194
189
152
147
182
217
143
147
195
144
216
159
192
143
147
148
203
142
149
147
163
164
197
145
165
187
204
177
195
199
161
214
179
196
147
194
1740
143
146
194
150
151
145
168
156
151
149
215
142
206
159
216
178
221
195
130
192
227
202
145
208
181
150
147
147
158
147
188
150
168
183
155
170
158
185
158
197
227
231
168
154
190
236
254
171
211
160
162
153
171
165
165
158
149
163
162
158
184
175
195
213
158
195
438
176
166
210
229
181
165
219
202
159
148
206
293
244
227
226
180
338
204
161
201
201
164
197
153
161
172
223
220
218
153
147
175
204
166
152
191
205
210
217
166
227
315
166
212
172
164
212
216
161
151
461
151
235
232
178
217
146
183
155
238
164
174
142
152
214
180
161
222
171
147
163
140
144
144
168
239
218
172
196
207
216
156
212
224
150
152
216
218
217
163
166
207
156
159
140
144
146
161
222
189
154
161
225
218
205
151
219
143
147
244
165
156
165
225
228
147
172
208
164
147
169
146
162
143
163
162
144
143
221
204
226
165
167
169
154
162
168
247
159
160
159
233
350
157
222
230
267
216
327
155
218
158
177
150
154
210
241
153
207
262
229
163
395
156
171
158
149
166
151
201
223
183
153
225
194
215
170
135
144
157
169
152
169
150
200
174
240
256
156
229
234
150
262
163
152
328
199
261
195
186
269
274
207
224
148
176
225
232
142
164
197
229
199
143
211
151
143
148
219
143
248
193
230
159
282
206
173
164
179
231
219
162
146
147
148
152
152
225
164
143
186
158
240
232
158
209
218
168
181
229
152
150
172
165
141
230
159
216
156
180
217
138
257
243
162
236
292
152
208
172
141
146
150
210
165
136
250
224
167
176
221
159
149
167
154
223
177
175
151
225
153
246
168
142
164
153
154
157
162
269
192
205
214
176
202
157
236
158
160
165
263
152
248
247
157
233
164
132
157
151
144
152
166
158
156
192
233
163
154
229
134
157
194
176
259
226
347
198
279
256
254
247
294
247
275
204
183
208
157
218
166
142
159
174
189
137
141
198
142
156
162
154
205
212
240
254
237
206
131
196
132
127
140
206
144
199
165
204
196
248
237
178
189
136
144
144
197
192
139
150
193
219
149
141
159
311
215
132
205
140
204
133
201
164
204
166
152
132
224
140
221
199
210
141
179
188
199
131
201
193
187
129
143
136
204
130
196
166
192
139
143
133
141
137
195
134
177
132
166
208
148
149
179
137
136
145
186
191
189
131
134
148
142
181
192
210
146
148
137
142
136
179
127
136
131
191
151
120
195
129
134
156
196
139
135
133
142
188
200
136
184
203
191
151
143
205
141
129
126
136
180
135
145
177
141
140
133
176
197
132
132
143
143
207
137
196
136
192
137
137
148
177
148
189
185
205
143
182
200
205
137
144
141
147
152
149
177
144
144
119
206
155
138
132
190
189
143
129
203
138
149
130
134
202
131
129
141
206
162
206
203
273
303
182
201
128
180
143
184
119
199
135
202
130
197
135
189
130
176
129
137
145
134
197
194
205
129
191
206
199
140
212
262
224
186
227
190
174
188
229
192
188
195
128
153
144
191
190
135
152
189
159
201
208
242
147
203
155
181
152
192
141
244
164
190
130
209
165
202
122
215
206
224
292
250
212
196
214
142
132
157
191
178
143
261
132
178
221
228
227
239
259
242
217
224
588
243
232
192
129
210
135
197
233
274
235
335
248
140
182
250
184
132
147
170
175
143
135
177
195
134
140
129
169
170
134
135
147
146
160
148
138
176
130
181
234
149
147
218
256
212
144
136
187
123
121
144
131
133
131
179
197
148
157
184
238
268
208
184
138
262
198
161
168
145
140
129
127
183
188
136
127
129
182
129
134
191
186
152
155
218
233
225
297
175
239
188
188
126
145
180
187
131
130
132
191
136
187
146
138
147
198
136
147
175
148
158
133
141
132
127
191
194
131
204
203
196
