149
227
216
214
225
236
244
265
242
224
204
209
203
189
129
183
133
140
129
135
168
165
190
178
196
176
128
168
182
185
194
131
181
146
189
289
200
208
189
170
141
143
134
127
144
217
133
136
127
131
137
176
144
186
127
180
187
204
172
128
141
125
191
136
204
128
168
197
143
135
177
196
188
141
185
133
184
131
191
190
191
135
399
261
188
123
218
189
142
136
181
179
188
134
183
126
149
146
184
172
124
181
180
136
141
176
135
180
139
171
126
130
140
139
222
191
141
191
151
146
141
137
154
195
146
149
184
156
145
151
201
151
147
158
202
162
145
205
196
153
147
164
142
145
151
197
179
222
209
245
155
222
157
200
157
188
192
154
202
182
204
156
314
173
274
152
197
219
157
225
191
213
190
204
147
159
128
190
139
193
198
185
137
222
221
206
252
205
160
211
220
144
315
314
197
152
153
189
148
151
217
165
203
153
211
162
152
223
168
167
139
200
161
157
153
152
162
169
174
175
209
209
231
222
195
250
243
201
151
165
154
152
179
166
208
196
215
152
145
149
156
211
155
136
230
203
156
155
163
239
153
223
197
154
166
151
153
212
149
148
165
144
145
212
217
165
138
205
152
157
197
188
202
141
160
206
135
149
133
196
156
138
194
158
157
151
140
144
199
165
139
161
182
140
154
152
185
151
158
191
152
140
160
274
148
198
150
190
157
147
160
142
203
154
131
244
212
200
161
142
195
175
290
195
151
149
183
209
202
162
163
202
206
157
149
160
161
146
154
202
176
152
155
145
207
146
145
140
198
213
161
204
139
162
211
151
212
167
184
178
136
166
226
182
149
148
211
227
148
230
194
191
159
190
200
152
166
151
214
151
153
170
156
146
151
155
165
166
165
152
165
164
162
218
162
142
148
212
233
155
153
166
176
161
165
223
241
175
196
165
155
164
151
236
141
153
150
162
162
214
177
151
146
208
143
182
278
147
249
226
202
155
222
208
143
210
164
198
158
160
206
169
182
193
150
149
196
178
164
165
144
258
207
140
181
241
195
150
261
202
219
196
204
193
141
145
266
235
302
261
239
203
173
163
180
145
284
197
152
196
222
166
276
248
167
200
137
147
159
193
126
173
212
172
150
151
153
146
194
178
204
153
175
200
183
182
190
145
144
185
374
577
233
147
146
321
159
143
135
199
148
159
150
150
164
154
182
210
159
157
194
143
154
142
187
147
150
149
221
137
148
206
203
139
162
199
155
155
156
161
201
250
148
153
159
181
180
224
266
358
199
239
211
205
153
193
402
329
324
239
267
205
304
142
172
197
202
154
189
174
144
204
182
240
281
189
233
209
154
237
320
223
286
144
175
183
130
139
188
128
192
147
205
174
135
138
146
182
184
145
174
186
130
197
193
142
129
187
187
165
212
193
270
183
146
238
140
174
163
195
133
189
197
174
123
145
145
193
180
139
134
199
205
201
169
141
179
120
180
186
197
134
146
165
128
190
179
164
144
178
172
132
132
146
185
128
178
196
202
129
164
182
210
139
188
132
185
132
206
131
194
141
132
190
154
174
169
262
183
158
188
158
273
162
142
264
177
113
203
167
188
184
166
175
162
138
131
172
186
125
186
156
131
135
168
123
128
141
129
190
131
135
198
138
162
123
176
176
190
130
182
154
118
141
175
171
169
123
230
173
138
221
182
199
135
139
180
122
121
119
124
160
177
130
173
136
122
126
165
178
125
183
195
129
122
155
171
171
130
150
175
161
131
171
224
207
202
146
124
170
170
126
134
131
193
130
129
148
174
133
119
154
168
124
139
172
182
128
117
165
122
128
139
132
166
127
140
180
135
140
118
137
189
130
126
170
176
122
131
156
167
130
182
122
131
131
162
180
192
130
136
143
127
120
126
121
126
117
180
176
137
160
207
244
269
273
246
193
165
137
157
175
175
127
173
134
125
138
173
184
128
118
181
142
131
140
129
173
132
150
185
189
134
142
168
180
123
130
121
141
131
119
147
122
120
152
192
173
254
127
162
133
128
109
164
141
170
121
169
131
173
130
165
122
186
131
134
127
127
168
197
144
138
196
169
200
140
132
138
137
140
172
157
148
222
153
208
132
155
147
177
277
204
182
146
175
142
138
134
188
167
196
152
187
135
184
155
147
204
186
190
143
162
199
155
143
161
158
134
203
156
149
153
140
218
143
166
180
154
148
199
154
164
155
149
191
139
139
155
156
161
142
181
156
201
135
340
163
161
194
161
172
161
191
175
164
134
152
152
168
