161
155
233
170
229
147
220
152
158
147
161
231
146
150
150
223
160
145
151
140
205
199
147
223
237
221
151
221
157
182
147
209
164
155
158
154
233
144
156
139
223
229
170
213
158
150
166
162
301
160
153
152
152
213
159
178
164
141
155
146
149
144
155
182
163
226
213
152
164
138
220
153
167
150
234
196
145
163
149
157
152
220
180
151
180
155
151
181
221
148
152
151
153
218
146
216
151
148
144
182
217
149
141
151
213
163
145
155
146
211
148
192
233
156
155
157
229
148
157
141
145
156
156
179
145
221
155
145
226
205
183
151
157
154
217
165
146
172
214
156
284
150
169
234
161
220
155
156
215
145
142
159
151
142
181
142
149
161
149
217
148
158
141
149
200
151
156
143
147
155
150
147
205
153
155
161
214
160
147
162
162
148
156
210
160
145
160
175
207
145
132
145
145
219
147
146
145
143
131
147
223
141
151
145
144
150
153
151
169
157
212
147
198
185
166
223
166
146
154
153
212
152
177
154
153
155
232
152
150
145
156
158
131
159
213
150
168
208
145
209
142
147
169
206
147
151
146
157
155
224
179
167
138
152
170
161
229
148
140
150
151
145
159
216
144
162
147
140
146
156
143
164
146
142
161
150
143
161
144
173
205
227
167
161
151
131
161
150
151
165
150
216
157
141
153
145
223
161
145
154
152
147
153
146
147
217
148
154
149
149
161
160
224
152
133
165
155
155
158
221
147
213
140
149
154
153
136
185
153
216
235
140
154
150
155
169
146
151
156
218
148
163
162
134
227
146
212
146
156
161
160
223
148
157
151
148
160
149
221
158
161
147
159
163
157
160
226
208
147
206
134
144
147
199
163
140
141
203
204
161
162
132
209
141
224
140
243
149
155
148
145
246
143
158
159
146
215
150
247
137
224
213
226
146
143
158
142
152
151
146
149
147
209
159
243
162
162
183
155
157
155
180
162
152
167
170
217
213
142
149
167
144
139
149
207
134
148
150
155
159
145
217
153
144
149
145
142
142
150
148
143
194
143
160
153
145
156
153
165
142
191
157
133
161
160
192
147
158
138
142
178
148
142
146
141
141
138
197
141
137
151
126
208
137
154
144
185
130
149
156
154
141
164
162
173
151
147
191
159
137
181
143
165
146
195
148
165
153
148
151
210
156
141
150
215
160
186
148
168
203
138
180
155
177
157
163
143
143
178
158
150
149
156
160
143
186
183
153
159
134
156
161
181
164
144
188
142
133
199
140
151
137
182
151
149
138
145
143
143
153
176
193
184
226
153
166
160
169
171
144
153
157
164
175
170
168
177
158
148
261
176
145
150
186
142
150
153
149
175
151
190
168
163
203
152
141
141
213
151
142
144
158
194
209
138
161
205
141
144
211
163
145
197
137
153
152
181
165
135
195
243
171
149
180
148
196
137
139
142
194
164
294
177
225
167
153
164
138
137
152
205
142
138
190
135
142
176
156
198
134
140
146
144
152
134
149
146
149
147
130
143
139
133
161
136
140
130
158
210
133
144
138
142
141
193
138
169
152
136
201
145
209
143
128
202
143
192
145
140
139
157
203
145
147
210
208
161
148
242
157
230
157
222
166
157
165
176
219
161
158
172
225
153
169
190
157
157
168
157
157
169
224
172
162
208
153
138
158
166
166
151
248
169
153
159
155
153
162
161
174
178
216
176
155
153
176
220
156
233
152
148
155
159
155
167
206
170
154
222
156
157
150
168
163
276
160
223
153
167
165
154
161
160
217
156
168
159
229
229
228
223
154
220
220
175
162
166
238
153
164
222
150
178
159
179
213
168
215
152
153
208
146
148
238
224
145
146
207
153
161
150
199
165
168
231
222
231
150
162
152
148
202
149
150
150
169
227
209
150
173
167
165
149
168
241
217
159
153
216
141
149
140
213
133
215
139
138
193
148
140
144
150
206
153
154
141
232
215
143
213
144
211
162
149
144
162
157
203
144
165
202
146
212
141
170
153
143
153
158
212
138
144
160
132
219
142
145
141
143
142
147
194
148
199
155
141
136
145
142
150
160
138
216
134
229
149
147
236
138
222
144
159
144
145
160
166
170
149
216
157
206
172
163
163
140
205
149
217
145
217
213
145
216
160
213
146
144
202
140
137
148
199
140
141
194
243
210
200
149
215
145
207
165
136
145
145
213
139
208
150
147
216
140
204
141
138
143
217
144
174
208
176
209
209
223
143
142
152
154
219
151
213
157
159
194
145
145
137
154
221
163
226
144
180
143
138
216
143
193
151
