52
48
47
76
62
60
53
82
50
82
79
54
43
46
75
39
40
58
63
42
41
82
78
46
41
54
75
33
79
66
77
39
39
75
73
90
40
48
66
42
42
45
54
78
50
47
50
56
41
44
42
42
54
44
60
44
80
54
43
51
78
41
47
40
330
74
60
83
47
41
47
80
49
69
64
83
74
59
58
56
68
40
57
47
83
86
49
76
41
70
44
86
41
46
40
86
47
44
53
42
85
41
43
47
41
74
52
52
58
40
41
66
91
44
54
86
43
42
52
77
42
80
48
69
43
43
43
45
52
62
54
43
41
43
44
46
51
41
43
53
47
70
61
48
62
51
61
53
72
45
53
41
73
48
48
82
41
48
41
42
62
42
46
49
51
61
54
100
74
60
93
70
61
73
58
71
44
74
40
46
60
55
64
49
41
40
61
45
55
43
48
44
44
50
48
70
42
45
48
71
45
65
55
42
52
41
89
57
66
79
42
44
58
50
79
59
44
89
47
43
44
52
84
44
54
48
51
67
52
76
46
50
43
46
68
52
73
44
44
85
49
55
64
43
48
88
91
43
48
52
55
82
44
44
142
46
49
48
68
46
45
54
84
58
58
46
46
57
44
43
53
80
65
58
52
45
94
45
51
48
45
45
50
79
146
74
45
45
48
45
51
42
50
46
50
47
46
55
46
44
109
72
57
55
44
59
57
487
43
49
74
58
46
51
53
91
50
56
85
45
42
48
45
61
59
42
81
83
54
41
42
71
49
53
51
52
45
45
79
51
41
44
56
49
52
53
43
49
41
56
52
50
47
85
77
52
41
60
60
54
42
42
40
51
54
61
48
59
42
64
41
49
43
56
42
79
56
42
51
42
55
55
50
65
76
44
43
75
83
78
41
49
65
76
61
39
48
40
50
49
50
93
75
63
40
44
51
62
72
47
49
89
49
83
53
40
40
71
49
59
41
40
50
42
50
65
41
42
81
83
46
48
43
96
53
44
42
47
42
76
48
40
39
50
40
47
44
68
50
47
40
47
62
60
52
80
49
64
40
48
40
51
64
40
83
41
40
54
41
52
94
42
80
44
44
39
74
38
50
40
43
87
46
47
39
55
39
49
69
58
84
49
47
81
39
39
42
43
81
42
92
39
53
44
56
39
41
41
47
50
47
86
78
48
55
45
38
41
54
73
39
58
41
46
59
45
84
58
41
47
54
65
71
49
39
40
69
73
59
46
46
64
83
42
59
41
91
48
45
40
45
74
40
50
49
41
42
48
43
45
43
41
40
51
43
84
77
60
51
77
73
69
50
46
43
68
74
48
60
48
51
48
42
50
42
43
43
47
43
56
81
77
64
50
71
49
56
45
43
41
50
45
43
41
42
54
48
44
41
48
49
49
44
41
42
47
40
41
43
49
61
48
52
46
77
80
45
84
43
42
53
45
45
52
51
41
51
52
43
42
42
43
91
50
49
41
48
43
72
74
59
45
46
73
50
50
44
56
82
41
54
40
43
43
42
52
39
41
43
43
40
44
42
42
41
48
41
54
62
57
74
43
55
48
75
42
42
48
43
42
42
44
40
43
42
42
57
33
52
51
50
44
52
58
49
44
44
48
43
46
43
41
43
52
56
58
50
44
44
81
49
56
52
45
59
41
42
50
41
42
52
61
72
84
77
53
50
42
54
43
50
45
53
43
42
44
52
43
41
49
45
52
76
77
52
48
60
50
45
51
45
70
48
62
54
43
64
44
43
52
92
42
42
60
54
126
81
45
47
87
61
60
50
48
73
84
48
77
39
42
42
48
43
48
51
50
48
51
40
41
53
69
50
42
58
73
82
51
83
34
67
53
49
54
45
69
48
41
79
56
71
45
80
41
82
83
41
85
49
40
48
52
43
43
76
44
50
39
42
40
58
41
43
42
45
43
42
55
42
55
49
43
53
46
42
41
43
73
44
42
42
51
50
45
43
42
40
42
44
47
50
50
83
53
80
74
53
43
78
44
48
40
48
48
82
55
50
49
83
85
59
41
42
68
49
69
48
75
42
81
39
91
50
47
55
78
86
47
43
52
86
42
76
42
79
48
46
40
40
82
42
42
43
74
51
77
40
84
42
41
45
338
85
50
47
53
69
39
46
49
76
68
51
75
55
42
68
49
74
84
55
53
51
81
52
73
39
77
86
56
85
48
74
49
48
41
80
40
48
75
55
84
45
72
49
73
47
48
41
41
79
39
45
50
84
39
48
55
53
40
79
73
43
58
76
41
80
50
80
45
