143
151
231
154
280
140
147
144
146
139
149
164
163
207
162
149
238
152
155
201
143
166
151
211
152
167
161
198
156
199
138
213
144
152
153
237
142
212
143
199
163
224
148
159
145
224
144
218
140
143
168
206
144
232
177
208
177
217
223
142
211
165
147
145
150
215
232
155
160
210
157
236
156
158
143
162
138
229
158
222
230
161
148
152
141
160
164
160
148
152
160
163
160
167
167
161
146
143
151
150
238
255
231
172
162
163
158
142
251
175
223
226
152
147
263
235
151
170
164
263
172
164
173
151
165
163
176
171
223
174
174
152
168
168
162
159
157
166
185
178
156
192
163
145
157
151
174
170
176
161
165
155
154
177
246
188
177
154
175
166
148
153
195
175
205
159
163
149
169
166
153
154
175
167
178
175
175
175
154
234
157
223
170
221
163
175
193
157
170
179
155
173
223
218
201
168
178
201
157
242
160
152
180
178
165
186
156
166
184
167
168
149
178
177
166
184
253
177
185
213
257
166
180
169
235
180
187
195
163
277
170
173
177
185
159
179
487
183
184
181
175
181
180
165
264
168
175
168
167
183
173
175
235
220
157
192
167
185
185
166
176
177
179
213
254
201
174
208
244
174
189
175
239
232
190
170
183
170
225
207
173
178
185
187
196
217
167
254
175
199
224
179
167
210
190
192
193
172
170
195
169
176
269
182
171
170
179
177
162
253
175
195
158
170
171
203
198
192
257
257
185
203
176
369
185
272
185
185
279
177
194
196
186
191
182
189
750
679
262
249
419
204
209
216
180
186
193
198
190
176
188
180
189
181
172
252
262
248
179
168
189
189
224
166
178
180
196
158
175
203
175
207
433
171
254
165
170
172
176
180
159
177
167
172
165
168
160
179
151
182
199
162
207
166
163
172
180
191
175
169
147
157
162
229
161
218
234
166
159
156
167
157
210
164
217
169
173
160
230
150
162
157
215
171
174
164
155
174
158
172
168
157
173
162
192
158
162
176
163
166
253
171
157
171
162
172
156
156
159
154
154
158
158
154
164
154
164
159
170
243
158
157
165
172
155
148
155
161
155
154
161
187
159
156
167
211
156
152
159
161
156
170
183
153
153
154
177
151
164
220
187
173
171
247
199
194
211
300
151
130
221
175
135
134
123
133
125
132
128
143
169
157
135
146
137
135
132
127
137
131
125
119
127
146
139
265
138
190
127
133
136
171
132
136
135
179
136
127
189
137
129
145
180
123
183
131
120
137
122
170
185
135
121
136
130
123
142
159
125
137
126
124
126
129
134
140
119
137
138
123
172
123
126
121
172
134
181
137
119
139
144
138
127
126
177
172
132
120
140
181
139
174
132
149
129
206
130
148
141
155
134
129
151
136
152
157
149
133
129
150
137
153
136
192
193
184
159
141
159
143
140
207
160
143
149
186
123
186
140
157
146
145
180
136
143
152
153
143
145
154
163
153
135
143
141
145
153
161
144
147
154
154
168
164
137
140
141
149
144
147
146
144
133
153
131
144
160
138
140
148
170
144
179
157
161
156
158
153
151
162
172
170
161
172
156
190
159
173
150
168
146
173
154
158
192
154
237
173
160
174
203
150
153
142
168
157
156
181
229
157
150
162
156
236
211
155
148
157
160
156
152
163
215
159
149
152
194
153
190
169
201
162
233
169
223
157
156
159
152
147
207
210
153
155
153
167
223
142
214
149
147
134
154
141
150
151
164
172
158
235
156
156
158
162
146
147
162
145
144
146
148
150
141
150
148
167
147
214
140
217
169
223
154
203
154
158
163
156
156
154
145
148
153
148
152
162
145
149
225
156
156
149
149
155
147
147
150
157
216
145
147
152
150
149
152
149
148
146
164
152
150
149
153
155
148
230
224
148
165
154
151
147
163
158
160
149
134
150
139
165
175
148
207
191
151
146
142
148
163
167
140
143
151
142
148
199
138
181
139
132
142
198
150
134
157
142
183
164
162
212
139
242
176
193
198
157
189
173
193
137
185
149
152
141
147
157
140
199
151
136
209
157
141
138
181
149
133
151
193
160
139
149
158
158
131
159
142
153
191
143
132
211
147
224
139
176
160
164
182
388
202
146
224
201
146
154
148
209
150
145
150
198
146
161
144
189
155
154
152
205
153
216
198
162
202
156
140
150
195
136
144
134
143
141
138
141
136
149
142
151
141
144
139
139
151
137
142
143
140
153
145
135
141
147
143
142
136
134
135
149
155
126
153
140
136
200
152
198
137
194
136
138
149
151
146
142
152
142
143
149
