41
52
86
72
39
67
41
39
80
43
62
75
47
72
76
93
74
39
53
60
75
74
69
59
56
88
87
76
71
44
85
91
77
83
48
69
54
49
96
73
49
40
68
49
49
70
79
42
41
87
47
74
84
44
79
76
53
41
54
44
88
91
45
44
46
50
82
52
45
41
49
47
83
49
39
90
71
69
83
41
49
85
42
55
78
40
51
71
48
48
72
50
79
89
75
56
52
42
93
89
92
85
61
40
75
78
133
95
58
38
67
49
73
47
82
59
46
47
72
39
40
82
44
49
70
53
66
73
45
65
43
41
73
49
60
47
56
79
82
52
42
70
50
87
41
48
44
48
50
41
46
47
69
60
54
72
46
76
53
76
58
49
39
197
52
43
79
56
46
78
58
57
62
47
76
52
41
73
48
48
67
76
58
46
48
79
59
41
53
68
49
87
49
42
51
88
40
71
444
40
42
44
43
42
86
81
45
50
41
51
44
41
53
77
44
41
88
56
55
67
75
71
46
62
55
70
97
90
85
73
56
80
90
63
47
46
40
71
69
43
58
73
42
73
52
54
53
41
88
80
40
76
107
64
65
43
82
88
50
87
71
39
79
57
77
68
39
48
48
52
78
70
71
81
92
63
64
42
47
57
65
87
77
79
71
39
72
75
71
73
47
46
81
57
59
76
41
38
48
77
39
76
39
44
81
45
70
109
45
51
138
84
73
70
130
92
93
76
53
87
45
56
39
57
72
50
79
96
59
60
81
84
48
108
48
63
71
77
57
84
128
54
61
57
42
40
39
144
47
46
77
44
49
40
92
41
38
39
44
40
39
70
51
39
79
62
39
43
51
68
65
85
71
75
87
44
70
42
95
38
44
50
82
40
69
40
75
43
38
84
42
39
39
73
75
39
42
56
39
40
55
45
82
46
50
51
69
66
40
44
62
43
72
67
38
77
46
70
79
41
72
75
78
81
39
71
78
46
113
54
105
57
44
43
44
149
93
44
43
45
97
51
43
99
99
44
109
49
45
70
57
61
62
60
44
94
46
51
56
60
52
52
53
53
46
49
79
47
52
44
77
94
52
44
47
49
60
49
60
45
44
80
57
44
54
81
67
78
84
44
43
59
44
56
49
45
75
46
56
44
54
68
75
58
54
74
49
75
50
82
73
45
78
139
47
44
61
46
134
99
79
48
53
47
58
89
71
69
47
44
47
76
48
47
48
47
57
58
74
61
49
52
44
46
45
58
79
53
46
45
57
68
46
55
47
44
55
52
61
53
51
45
72
45
76
52
73
62
43
82
44
55
42
56
53
43
43
45
69
62
46
44
53
57
59
57
74
55
91
53
52
51
42
56
49
45
53
78
50
53
44
64
43
44
53
48
48
54
66
46
51
71
43
49
78
45
73
49
43
61
52
80
49
43
50
83
42
41
44
51
34
43
44
50
46
43
62
68
71
53
50
52
43
50
50
53
57
49
59
86
85
61
47
74
42
43
53
51
72
45
60
74
48
68
42
46
60
41
41
68
34
44
49
60
62
42
56
69
89
70
103
48
73
44
73
39
54
84
50
82
47
42
43
49
46
43
74
48
82
43
43
49
53
40
46
50
76
44
41
40
43
72
69
67
71
52
48
52
49
81
58
41
41
48
41
75
49
43
39
40
44
64
42
44
50
42
77
47
41
80
49
43
76
41
61
43
56
41
42
40
43
44
48
53
85
55
68
52
84
72
49
117
55
52
54
41
83
55
40
42
38
65
45
46
74
44
43
46
46
58
82
43
41
42
42
43
69
40
49
43
74
78
75
41
40
47
42
40
46
40
40
75
49
54
39
42
40
52
39
40
50
63
56
74
51
77
42
41
76
73
50
42
69
57
41
41
68
39
52
52
40
41
63
77
50
60
52
64
93
50
46
40
41
53
40
47
58
79
79
49
43
77
48
72
52
72
40
34
42
42
41
76
41
51
55
55
83
54
49
74
77
50
42
52
46
62
59
80
94
39
65
80
50
74
40
83
46
41
65
76
45
77
63
65
63
45
42
52
41
43
73
74
106
94
47
83
72
58
76
41
47
73
63
84
68
51
62
49
39
111
70
85
69
71
41
49
100
68
55
42
41
49
73
82
73
43
45
68
74
40
54
57
75
40
62
55
39
45
43
57
41
77
60
61
96
69
102
80
48
49
83
74
48
49
64
40
94
53
60
41
47
93
45
76
68
53
83
82
82
82
79
61
40
82
79
73
85
71
85
48
91
50
83
46
87
70
46
87
74
85
