50
65
67
94
53
79
55
70
44
49
53
77
55
43
61
54
74
87
51
55
55
55
78
72
43
46
71
48
52
51
73
54
61
98
60
93
146
54
119
113
49
79
48
42
53
72
73
50
50
42
46
43
53
106
46
78
83
94
47
91
81
97
56
58
57
63
52
50
70
79
63
43
43
81
41
43
53
84
56
57
46
82
41
47
49
72
68
51
54
68
71
54
43
79
74
51
80
44
59
42
77
79
58
45
43
54
102
57
75
43
49
49
43
69
47
41
94
58
48
45
91
44
51
47
44
57
50
50
55
87
50
82
50
42
58
43
54
46
43
52
43
48
72
57
44
44
45
51
50
74
79
41
52
49
71
49
51
49
52
83
68
73
69
69
81
71
42
77
49
42
43
58
92
64
53
71
42
85
52
87
44
77
48
41
43
65
45
42
52
44
41
42
62
44
77
42
47
44
47
57
90
51
75
118
49
51
82
42
46
42
46
44
62
53
51
52
56
109
70
77
44
76
75
55
45
43
42
81
46
46
42
86
46
85
43
79
49
63
59
65
43
87
60
82
44
44
55
44
47
75
86
44
54
76
73
79
44
44
52
79
46
52
49
85
44
75
86
50
45
44
48
46
51
87
89
107
67
77
98
111
46
73
44
66
47
91
41
44
49
87
51
73
54
86
50
78
63
49
49
62
56
68
54
42
51
80
61
76
57
74
56
85
47
69
63
89
41
70
61
94
61
75
44
84
46
84
61
45
42
87
46
72
45
87
51
74
42
74
42
93
49
42
43
45
54
54
75
51
91
43
69
58
79
54
77
53
48
58
87
78
87
45
43
45
44
102
84
48
44
157
42
78
48
68
48
91
43
114
50
74
42
84
43
71
76
63
50
81
46
44
55
42
47
45
93
51
43
52
44
43
43
88
76
46
43
49
68
44
52
45
78
44
88
114
73
80
63
53
44
58
86
66
42
53
77
80
73
52
46
77
77
44
66
43
44
46
72
42
82
45
74
49
67
80
60
75
49
102
47
69
83
57
78
76
53
50
337
69
84
43
44
64
48
54
88
47
89
75
52
46
47
55
49
52
76
45
46
52
94
52
66
52
36
45
52
41
75
82
47
70
97
62
63
53
52
75
78
50
47
77
74
68
62
82
46
67
61
299
115
86
59
80
44
52
58
88
47
83
81
68
123
93
104
52
106
69
60
95
52
66
74
50
58
64
87
43
81
72
76
52
50
44
43
48
45
46
51
64
43
53
52
37
42
42
98
83
53
74
43
44
51
46
47
82
48
80
56
86
44
46
52
79
44
45
63
76
44
44
45
90
47
47
70
71
60
107
52
101
46
91
78
69
51
46
51
83
46
98
46
89
46
46
46
37
45
71
43
91
47
44
48
78
62
55
44
44
53
87
88
48
115
72
82
46
49
93
84
47
54
44
100
63
69
44
92
64
77
45
93
43
94
52
66
52
78
46
76
52
60
42
51
53
70
44
59
53
81
55
57
47
44
93
52
81
76
80
56
68
68
62
59
80
45
48
51
73
44
52
80
75
44
44
44
87
50
69
43
45
56
44
52
43
61
84
50
46
49
40
76
73
45
49
56
81
49
51
49
36
63
80
84
91
81
40
79
56
54
35
80
64
48
79
45
80
93
45
49
50
50
49
43
75
78
49
116
92
97
69
44
84
84
50
45
82
80
78
41
44
40
73
56
49
40
74
74
45
42
69
48
46
43
69
78
75
41
43
44
48
59
42
57
50
79
42
41
50
46
67
81
46
74
76
51
44
41
60
77
45
88
89
58
55
124
78
54
100
98
60
72
52
129
67
52
91
46
78
72
48
48
85
101
102
88
87
56
45
60
75
76
97
45
75
53
47
47
87
51
74
38
65
55
41
79
54
39
49
65
64
43
44
66
39
51
48
77
93
39
47
45
47
39
39
47
38
86
51
82
50
67
74
83
73
82
64
52
90
51
74
78
39
69
53
38
75
40
51
45
77
42
49
46
57
65
72
59
88
85
96
98
82
67
40
68
74
80
44
72
77
38
40
67
68
46
79
80
81
42
79
75
46
48
50
66
38
39
44
49
41
67
57
38
42
74
51
67
44
53
43
82
45
71
50
79
78
47
40
65
40
51
51
102
80
52
77
60
70
90
81
68
76
46
62
88
87
49
48
42
64
44
43
81
68
42
47
88
84
47
60
81
71
44
44
80
80
39
48
59
110
70
124
71
77
74
70
63
69
52
67
52
61
115
38
71
44
72
39
87
57
77
42
