148
137
231
192
132
154
213
162
156
139
126
190
188
180
258
195
130
195
193
180
134
178
188
150
168
189
188
138
150
128
165
160
188
227
176
200
142
139
182
208
152
211
157
196
147
152
162
213
142
160
206
220
158
146
162
155
255
335
175
164
189
204
202
219
227
213
161
157
138
197
158
212
195
213
185
137
140
149
183
144
196
139
149
219
153
137
170
146
190
142
144
192
137
189
205
193
212
133
136
149
166
174
161
138
143
181
131
139
186
172
146
134
126
139
146
127
188
169
142
170
180
161
131
294
150
136
143
136
134
141
171
142
150
184
140
168
138
131
167
172
176
146
131
135
173
143
128
126
184
131
131
189
122
170
129
172
135
133
130
177
159
133
165
140
127
142
144
132
180
184
142
130
187
136
172
135
127
179
142
123
144
119
148
332
131
180
127
174
176
179
169
132
135
141
150
140
173
180
192
141
192
134
149
189
139
117
120
162
136
153
177
171
156
151
158
139
154
145
183
166
153
124
195
130
129
126
151
174
217
145
144
153
156
168
144
188
199
179
137
139
157
187
156
127
173
136
169
135
140
184
185
177
155
136
132
145
138
180
133
144
124
178
175
136
129
133
131
183
189
180
145
151
172
146
141
178
176
145
131
140
180
175
154
141
144
179
160
137
168
127
130
131
138
140
143
191
177
177
140
182
178
143
158
140
148
178
154
141
177
146
139
123
194
190
140
142
236
148
195
285
151
130
221
136
124
158
129
182
216
214
195
147
144
189
152
160
140
188
129
148
172
127
183
154
145
180
155
180
141
157
148
155
127
199
148
191
186
136
141
176
199
187
197
180
177
187
180
136
143
154
184
162
198
124
184
137
175
160
147
178
179
149
181
168
127
133
161
175
136
136
134
135
157
144
206
224
155
165
132
212
152
145
210
135
145
147
148
150
158
217
160
149
151
142
208
148
161
188
161
143
298
144
203
227
147
163
150
142
177
169
211
204
143
203
163
145
144
194
202
152
148
192
203
162
136
127
173
162
153
162
158
222
167
146
156
157
154
154
146
215
226
255
156
156
201
164
155
225
150
237
187
172
262
189
157
165
209
165
170
216
150
157
202
211
157
495
157
232
161
157
239
170
165
203
150
161
224
153
140
169
161
229
210
140
237
157
198
151
165
221
213
201
226
160
172
161
208
294
179
201
261
163
218
262
250
228
184
391
205
235
205
234
285
361
228
277
290
205
238
288
338
240
210
200
225
200
257
208
169
190
145
239
159
205
226
221
149
231
275
200
331
152
193
155
157
211
154
142
141
205
178
376
284
220
250
189
178
166
320
203
158
156
135
137
226
196
158
210
158
140
148
148
277
236
307
245
248
265
317
280
252
157
166
229
316
238
262
316
196
167
197
142
154
139
267
196
226
330
837
337
179
250
278
343
336
168
204
246
263
189
139
145
137
194
146
130
127
137
148
145
182
181
223
223
184
149
149
138
151
223
159
194
135
191
140
188
141
150
255
337
411
311
265
171
156
152
149
194
199
143
146
196
192
135
145
211
184
231
153
179
175
144
194
205
246
194
138
159
224
154
158
149
202
164
195
183
158
150
129
232
134
193
149
139
180
214
146
182
202
199
138
207
143
222
133
137
164
194
139
221
221
209
210
169
169
202
225
139
130
154
152
230
213
174
188
243
224
291
184
214
226
228
150
134
204
136
151
125
217
201
215
144
133
207
134
132
161
299
186
308
251
192
193
167
380
142
147
196
204
180
179
300
212
154
182
354
324
201
279
249
202
240
147
220
264
221
142
138
156
131
129
203
137
140
160
205
134
147
144
136
151
161
220
129
135
131
203
144
149
144
147
168
144
199
158
191
162
196
225
178
128
145
131
158
204
194
181
213
214
206
195
118
143
129
220
127
208
213
187
142
162
242
143
148
208
127
194
204
144
134
138
212
160
139
205
214
133
202
194
209
156
214
203
137
121
211
133
140
149
211
187
141
155
215
135
120
205
197
201
125
149
203
129
132
175
216
149
210
203
139
137
136
160
145
208
132
203
137
146
138
145
144
201
153
137
131
133
212
154
129
149
199
139
137
142
138
138
148
139
197
144
209
155
206
134
130
190
182
147
198
138
137
145
170
131
148
140
144
140
129
140
189
135
128
146
141
136
141
135
183
117
179
183
142
151
189
185
134
128
124
178
117
179
148
181
127
175
134
139
197
190
162
140
127
162
129
191
131
199
165
202
182
130
173
202
164
233
200
155
206
201
199
123
196
191
131
138
182
189
134
