41
41
53
83
40
42
73
67
45
48
50
90
42
40
76
85
46
47
69
48
38
40
50
50
52
45
81
69
80
50
81
85
91
51
47
70
40
42
59
93
76
53
71
41
52
54
66
48
49
73
48
42
83
40
35
70
45
61
42
42
77
41
44
49
40
68
60
46
67
51
47
78
74
48
78
49
53
83
52
46
51
75
40
58
41
81
51
42
93
41
38
84
41
67
42
39
71
41
53
44
41
40
80
59
72
50
54
53
77
172
41
47
50
95
85
86
40
38
84
39
40
43
41
40
50
44
41
48
50
77
47
53
79
42
42
53
48
43
40
43
43
41
43
48
40
41
47
71
42
50
52
56
42
47
42
52
41
53
40
44
79
52
53
83
42
40
82
44
43
81
43
54
87
43
48
101
50
85
82
43
55
83
78
44
56
87
46
76
70
43
47
55
44
54
51
41
45
50
44
54
72
45
133
44
47
54
59
46
42
51
63
44
54
47
81
44
61
59
58
55
44
67
61
45
56
52
55
85
45
55
50
44
52
59
54
44
46
47
43
44
45
49
86
82
47
56
52
78
78
53
45
165
45
50
54
50
53
90
46
64
59
49
44
44
52
48
51
44
52
43
43
49
44
43
88
44
52
52
62
92
61
42
72
43
42
78
52
47
61
50
43
41
81
40
43
73
41
63
83
63
54
58
54
41
69
53
43
43
42
65
72
59
59
52
44
40
48
57
52
48
57
48
64
46
65
48
54
43
34
152
279
56
41
65
53
49
77
60
50
89
53
39
72
40
49
95
42
47
44
55
85
45
50
43
50
80
87
53
41
56
51
53
40
79
43
49
50
41
40
39
41
41
73
41
49
49
43
42
42
78
44
41
70
42
47
80
42
46
40
40
82
49
42
50
42
52
66
49
42
43
57
78
47
42
96
42
46
49
40
58
58
49
83
53
44
89
42
44
47
41
42
74
41
46
51
46
48
73
41
51
88
52
75
46
46
49
39
54
95
59
45
53
80
68
85
51
85
43
51
85
75
52
46
51
41
45
51
84
40
59
58
61
83
77
84
40
46
74
47
39
42
39
59
40
41
42
38
81
47
47
75
40
47
43
42
40
52
42
42
51
82
49
41
51
42
41
75
53
47
70
41
78
59
46
47
49
64
70
48
40
61
51
54
39
40
57
50
41
41
39
74
60
49
40
80
40
47
59
83
43
45
66
50
72
40
39
42
71
75
61
66
42
51
48
72
48
50
47
46
77
40
56
47
50
81
41
48
77
47
40
48
49
78
40
58
48
52
75
51
51
76
54
39
39
56
80
42
63
60
50
43
52
47
81
49
46
75
44
41
42
60
66
49
46
90
46
50
53
79
68
74
50
44
72
52
40
76
45
43
76
48
40
68
52
50
38
39
72
41
45
38
48
41
79
48
39
76
61
78
48
48
72
69
53
52
47
38
40
96
47
42
40
51
52
78
42
39
49
40
58
38
41
42
88
47
39
53
41
52
66
41
48
40
49
58
73
39
50
85
47
66
79
48
46
47
78
54
47
40
44
51
64
84
60
49
42
67
48
47
39
40
87
76
48
82
50
53
70
49
71
40
47
96
43
48
78
42
53
73
54
38
41
48
78
57
47
43
41
43
74
42
46
82
76
41
86
76
38
57
76
78
64
39
39
71
58
39
53
49
75
42
59
75
77
42
83
47
41
83
39
41
79
49
53
70
44
46
79
39
38
67
42
42
71
40
42
41
74
120
45
41
41
69
41
51
77
76
45
41
49
40
47
42
40
40
39
41
87
41
47
78
41
49
60
79
45
63
65
49
47
79
48
43
68
42
45
40
49
78
43
59
76
51
48
77
48
53
84
43
41
38
45
75
46
85
48
39
42
41
50
51
47
42
55
48
54
39
42
39
54
42
65
58
48
48
43
48
89
43
53
64
46
46
48
72
41
49
41
41
40
41
41
58
52
78
52
47
41
43
47
47
51
55
45
59
76
53
61
100
57
39
78
46
50
59
44
53
41
48
51
51
48
86
51
44
41
47
88
47
41
48
45
66
57
41
84
39
41
45
51
77
89
44
43
42
52
88
56
50
77
54
38
47
64
40
44
47
84
49
47
68
80
42
40
48
75
53
42
53
43
51
58
49
42
44
77
48
40
84
42
40
48
54
50
170
39
41
48
49
72
53
41
72
56
47
59
41
42
49
41
48
42
41
74
42
49
40
55
51
49
46
78
48
44
56
58
61
73
39
41
49
80
55
49
46
40
42
76
56
51
