39
40
54
45
45
48
49
40
59
40
52
73
67
48
79
51
50
53
81
59
72
68
55
76
39
87
58
92
39
39
48
34
71
63
39
61
39
51
40
60
45
51
72
65
48
60
53
47
50
52
47
67
44
63
54
58
43
49
60
48
46
48
52
52
71
67
54
78
39
84
63
66
54
74
43
45
42
76
49
72
46
81
83
41
86
44
78
83
82
59
61
49
77
39
44
87
39
40
56
84
77
87
52
69
51
43
61
39
82
57
67
52
66
39
78
42
90
72
46
83
54
83
41
65
55
80
75
44
74
48
64
50
82
39
38
41
54
73
39
67
43
54
53
42
85
48
45
39
41
51
38
78
44
39
46
77
49
45
76
42
67
40
73
40
45
59
83
82
61
80
40
78
40
89
69
40
53
48
40
76
46
68
54
55
40
55
75
48
84
45
91
77
45
76
38
53
39
40
80
162
39
53
55
60
41
79
42
40
93
83
41
182
79
73
92
39
39
45
91
96
41
44
52
77
41
57
66
49
53
42
52
83
64
42
61
59
76
48
82
50
73
47
42
51
41
80
41
77
63
85
55
92
59
71
51
39
75
52
41
39
76
39
41
43
40
76
46
74
45
58
56
40
90
42
71
42
68
61
47
72
40
95
39
39
86
58
39
71
95
47
88
72
40
39
40
39
40
49
51
77
50
130
50
56
53
48
38
74
39
44
51
41
50
56
41
86
50
76
54
48
49
91
48
49
48
63
44
40
57
43
43
79
67
43
42
44
50
50
68
40
42
52
42
50
81
53
49
43
44
41
100
43
42
69
49
51
46
51
88
49
72
55
44
50
106
47
68
43
83
61
48
65
53
42
85
43
42
57
49
44
66
93
54
53
44
44
45
44
52
61
68
64
59
52
53
83
43
44
51
50
65
44
52
45
79
54
43
53
57
58
44
45
47
99
43
45
44
80
44
45
47
53
51
70
52
46
45
81
56
45
54
52
103
59
72
62
45
43
101
44
66
49
51
49
79
66
56
52
58
44
58
48
53
50
42
43
62
79
78
42
75
51
42
44
68
45
43
83
51
82
50
97
44
82
50
68
62
68
47
79
54
40
69
48
87
72
43
59
76
41
48
47
42
87
39
43
57
72
73
48
42
51
63
42
69
43
61
60
73
83
74
44
48
43
78
41
47
49
46
77
42
100
83
50
41
73
46
83
40
75
45
58
70
60
47
64
50
67
60
48
47
47
56
81
44
51
82
67
122
67
55
81
40
51
66
93
60
90
40
66
46
42
42
49
44
78
41
40
44
56
96
60
58
51
77
47
43
41
56
43
51
49
39
41
77
85
45
46
40
39
76
88
54
47
39
69
48
75
48
41
64
41
79
48
66
38
61
77
47
40
41
65
44
48
59
49
38
44
81
46
90
49
80
56
52
44
41
87
45
80
54
40
52
47
75
40
48
39
51
71
48
69
51
41
49
86
75
43
39
39
76
45
41
48
38
40
40
41
43
52
82
39
82
47
57
59
73
62
63
71
73
60
84
47
74
46
79
58
43
41
46
77
54
73
66
42
89
54
65
59
68
51
71
67
40
86
48
74
41
50
54
69
63
78
55
49
44
50
73
41
49
47
62
42
85
40
60
53
72
39
43
61
38
89
41
74
40
50
52
44
67
48
98
45
48
92
61
74
62
45
76
47
73
60
40
47
39
72
48
45
55
38
74
42
78
54
84
41
86
47
69
94
75
65
81
41
80
50
56
58
50
43
68
41
53
90
46
46
49
76
54
75
47
76
65
46
64
53
48
51
53
78
55
77
50
64
44
40
42
51
48
63
40
55
39
72
54
51
46
39
42
56
45
93
37
40
49
67
80
49
95
62
60
55
86
40
75
83
46
39
59
65
56
41
43
79
39
73
43
55
42
41
70
42
75
57
49
67
46
78
40
97
74
88
76
38
72
57
64
52
40
88
40
66
40
71
79
49
40
48
78
39
49
42
71
39
73
41
62
44
45
40
75
39
38
58
52
62
47
84
45
40
58
42
48
60
78
48
69
51
47
46
74
40
74
82
70
75
55
38
48
46
90
42
79
55
48
40
49
83
44
40
82
80
46
38
45
46
70
41
84
70
40
66
73
79
59
90
47
69
52
78
48
77
65
53
51
68
42
76
42
42
88
40
73
49
75
70
40
76
39
78
41
95
52
85
77
71
72
48
49
40
73
46
39
44
43
90
60
49
83
52
81
39
42
76
74
76
51
44
54
47
80
70
39
42
53
45
70
56
