177
187
166
206
192
212
157
198
148
138
147
187
205
144
207
154
164
318
206
141
188
148
197
191
142
147
145
155
193
145
140
221
136
198
145
131
145
157
158
163
212
192
197
194
132
143
145
194
132
164
193
146
155
155
135
208
158
141
208
167
161
132
139
153
151
180
221
164
260
257
193
139
140
212
129
163
188
183
138
134
146
133
148
264
192
139
176
135
142
129
141
183
147
141
148
204
143
143
205
223
156
212
213
151
191
185
138
191
138
127
175
217
202
141
193
154
142
149
198
148
193
198
203
193
139
147
138
159
197
139
201
141
212
135
203
197
202
181
166
144
159
190
136
145
145
160
141
149
202
149
204
197
176
135
179
163
145
142
139
140
135
179
148
199
137
195
168
212
137
151
189
163
149
215
176
204
165
185
235
151
223
190
152
189
141
156
218
198
148
135
181
182
135
128
132
135
137
194
175
175
191
176
136
181
167
146
178
127
128
133
149
188
141
137
122
138
132
188
176
134
156
187
126
185
202
165
145
139
139
206
149
210
336
135
186
187
147
140
132
148
138
138
188
151
145
148
137
141
229
136
163
168
196
152
128
191
197
132
183
185
159
125
200
185
129
180
130
131
132
184
183
130
124
151
128
178
133
130
209
134
168
170
157
198
135
200
136
120
165
130
192
142
200
153
167
206
150
177
225
159
161
179
153
174
125
177
143
131
184
141
189
132
151
184
141
177
145
197
142
169
171
188
190
166
138
120
130
186
137
126
181
143
174
122
142
134
130
139
164
177
120
203
182
115
182
124
166
129
185
182
131
124
178
182
131
125
182
143
196
191
178
196
133
188
161
131
135
134
191
202
167
144
176
140
196
136
121
178
121
142
184
144
156
144
166
134
142
188
188
201
133
168
125
161
190
283
314
315
158
182
184
128
179
113
125
131
179
133
133
256
128
166
196
138
124
141
129
192
133
193
174
178
142
127
136
158
119
140
187
204
123
141
174
183
173
130
189
123
123
140
133
193
142
180
130
180
173
120
124
127
123
173
172
147
133
128
141
123
130
169
138
185
178
127
126
131
191
137
191
178
130
186
116
133
195
135
162
141
142
203
141
182
138
130
129
182
143
174
182
117
147
129
167
172
129
132
131
195
130
121
141
180
133
116
137
157
194
184
137
144
137
149
136
155
186
188
144
132
192
126
138
143
177
146
127
157
123
154
176
132
132
128
142
138
186
179
160
198
250
222
203
143
125
169
192
135
128
195
134
131
178
172
142
131
140
150
151
222
190
142
192
135
154
142
203
139
152
193
138
125
156
136
147
141
190
141
151
154
187
191
189
204
143
159
195
152
141
310
148
141
160
195
139
136
203
133
195
154
162
138
305
194
227
301
287
165
180
217
147
150
137
139
138
141
191
203
140
158
151
140
139
196
147
158
196
149
160
210
141
140
142
165
203
152
202
148
213
151
190
162
138
184
222
147
175
153
140
132
155
133
193
186
141
210
157
192
139
205
153
206
137
199
209
150
139
140
141
199
178
192
144
140
134
195
134
164
222
152
207
154
154
157
215
125
135
133
213
153
297
219
137
146
219
153
133
209
234
191
198
207
211
204
163
205
144
149
139
155
145
148
142
146
161
145
156
203
144
146
149
174
216
203
137
168
137
258
223
176
282
225
334
313
156
187
217
185
130
202
147
200
215
206
202
145
220
144
220
204
148
149
162
159
227
145
191
215
194
155
133
143
162
149
249
203
186
275
224
255
146
158
188
368
206
219
140
270
217
153
211
193
192
143
155
198
142
146
201
162
144
225
147
290
161
206
199
134
192
144
163
168
197
308
146
154
148
181
153
146
224
155
148
195
205
146
162
159
164
166
220
190
147
176
173
156
146
148
149
137
166
204
218
193
155
147
214
228
194
220
149
164
161
155
231
184
195
222
148
205
164
153
240
152
149
153
214
204
141
160
164
152
153
155
161
151
222
158
217
221
140
168
158
200
215
199
169
211
177
151
161
260
255
190
317
209
232
156
152
174
151
164
154
153
216
204
196
148
213
146
172
149
165
168
206
214
202
150
161
145
264
214
166
130
146
161
208
235
151
205
223
150
135
274
163
192
208
168
150
157
167
199
150
136
170
148
199
146
220
229
160
215
146
159
194
147
181
143
206
193
159
158
147
159
204
162
156
163
153
206
152
260
224
142
186
148
152
168
167
216
151
162
158
193
147
164
232
150
165
175
231
213
254
159
223
157
162
222
231
167
204
169
163
154
147
165
246
168
205
211
157
172
