144
150
172
262
263
254
224
145
131
149
173
130
163
236
204
135
140
145
140
197
197
154
185
151
213
198
132
191
195
137
202
150
214
146
146
142
145
193
226
170
142
139
144
223
196
197
130
124
205
141
202
151
137
155
142
207
167
205
212
135
137
141
220
230
269
163
306
135
220
193
137
188
187
133
218
182
201
139
131
202
150
230
195
162
146
139
306
229
195
163
157
139
203
138
147
152
216
215
225
165
205
139
147
188
138
139
164
133
136
198
179
224
184
171
147
144
172
206
173
141
193
157
250
222
179
193
161
195
150
164
133
175
202
190
198
153
199
206
201
201
136
230
207
215
223
200
215
147
193
206
190
152
124
153
201
135
210
213
144
152
220
143
211
147
195
209
140
154
154
137
172
144
215
152
152
196
133
142
153
135
194
202
198
199
149
157
210
132
212
137
138
196
156
137
204
137
215
141
164
216
139
218
197
137
220
210
138
209
151
208
218
147
208
194
149
135
140
137
190
141
136
203
209
265
213
143
204
200
149
212
128
193
210
134
144
140
167
224
198
185
285
161
137
210
147
128
141
218
152
141
154
145
232
149
141
174
211
197
139
205
137
206
123
137
209
140
209
217
166
208
188
244
152
179
215
138
307
276
206
149
215
214
130
228
152
220
151
148
186
148
154
246
187
241
183
205
145
141
201
142
133
143
212
153
136
142
215
151
219
205
207
140
152
139
171
220
169
200
171
149
135
184
203
134
142
214
209
138
153
198
203
139
139
134
152
205
203
156
130
202
132
195
136
228
138
146
193
209
147
127
143
137
206
140
190
144
136
196
136
186
127
144
187
128
139
181
134
136
180
132
147
136
200
200
129
186
148
122
202
136
126
148
144
179
133
180
187
127
145
144
134
135
146
153
144
213
131
187
132
149
194
124
137
181
139
132
147
133
146
191
146
132
181
149
197
146
149
192
133
161
141
147
171
142
142
141
144
141
200
145
137
181
130
181
139
151
132
135
144
153
131
143
190
189
129
120
125
154
127
204
142
206
141
146
188
287
134
160
143
145
127
131
135
188
198
129
129
183
153
139
147
140
192
165
137
130
187
132
145
132
134
133
130
199
142
144
151
158
159
146
195
145
144
137
159
163
195
143
208
202
147
156
148
136
185
145
217
144
147
151
123
189
182
132
136
145
124
137
127
130
121
127
179
146
137
125
118
140
132
164
185
130
191
145
144
341
140
187
134
131
114
143
170
148
180
121
140
180
143
200
132
134
206
119
195
147
126
128
190
132
139
136
135
131
134
135
170
142
153
140
154
143
148
133
201
142
139
145
130
166
168
172
227
155
182
134
207
134
138
221
160
215
204
207
205
130
126
146
170
147
193
124
210
136
135
197
139
200
271
228
197
144
134
136
208
131
220
198
137
223
137
191
222
133
134
218
134
221
213
151
218
196
209
219
155
224
212
137
165
145
152
202
153
218
212
269
184
204
134
219
215
144
140
165
143
202
130
132
208
130
210
131
140
127
187
200
219
196
164
137
135
128
139
146
147
135
130
147
201
145
142
153
134
131
157
139
137
196
133
222
213
149
212
203
212
212
151
138
218
132
193
128
206
198
124
124
137
130
155
197
150
200
191
192
213
132
284
209
202
139
195
208
142
226
218
151
152
134
148
202
164
214
205
119
212
221
205
129
198
136
197
203
127
215
127
208
207
144
136
132
128
210
136
214
136
136
213
202
206
215
202
133
204
139
204
196
131
149
209
220
142
207
130
225
228
137
216
132
145
137
130
145
148
126
216
135
133
201
134
165
147
140
222
208
131
164
143
198
135
143
130
211
146
207
180
235
303
300
221
135
193
138
142
135
137
201
132
134
136
148
147
211
155
203
204
141
201
141
143
147
153
205
207
148
153
217
138
190
223
144
203
271
213
213
200
132
204
157
203
210
141
141
214
135
137
147
147
149
160
155
213
207
131
156
131
132
204
135
202
230
135
131
146
150
133
210
194
136
135
234
153
150
135
219
181
216
134
263
180
200
158
242
168
139
136
147
145
164
145
196
148
217
227
131
218
163
138
148
157
145
181
182
230
179
238
199
197
131
137
208
172
134
174
136
138
133
140
147
178
197
268
212
134
254
209
140
139
142
200
200
200
195
131
140
148
139
184
159
156
183
135
148
143
150
149
121
126
202
140
133
204
138
191
148
194
136
136
133
201
138
148
152
197
191
134
135
158
143
202
140
135
144
144
201
204
137
135
132
134
191
209
195
149
137
222
144
144
148
173
196
