271
262
232
181
251
250
282
232
330
315
256
284
252
274
293
322
411
275
327
297
291
292
229
281
224
191
165
250
187
230
180
191
181
126
158
168
135
159
187
181
180
190
165
200
261
197
241
261
216
213
255
224
226
223
277
324
368
353
319
291
321
289
322
290
264
334
240
267
329
208
240
221
169
135
151
173
189
150
194
175
179
152
170
194
188
161
199
211
133
146
166
139
185
179
177
178
183
192
173
137
156
200
174
181
153
176
166
192
209
226
317
216
214
276
267
254
263
233
286
245
259
558
169
176
151
137
177
196
179
184
140
135
156
176
151
176
184
185
174
159
268
204
129
131
155
179
191
202
189
183
126
174
158
131
192
175
163
179
230
182
187
188
126
137
178
132
185
177
185
170
158
141
133
165
155
166
161
175
162
167
146
160
133
164
158
157
186
168
209
160
138
203
185
172
256
166
176
142
164
182
174
179
183
156
194
183
178
198
169
160
197
181
172
184
172
166
148
165
332
143
169
203
179
199
144
178
173
174
137
183
319
174
176
187
181
181
185
152
178
189
154
181
181
271
195
197
183
195
177
178
178
188
137
185
202
189
166
192
182
172
190
145
173
182
201
138
176
192
178
179
138
183
201
139
158
200
134
163
151
182
148
143
147
146
183
121
171
175
151
180
159
147
134
193
188
156
190
172
136
132
181
155
169
171
131
174
129
185
175
197
152
176
134
167
173
188
160
179
171
154
181
138
177
190
205
148
199
190
141
175
193
164
201
162
176
200
155
181
130
150
145
190
137
180
200
166
204
220
199
271
253
271
265
178
266
348
282
233
211
237
301
243
269
212
232
295
231
203
215
242
208
205
193
219
269
271
291
328
303
328
226
226
251
227
225
273
278
301
349
355
279
265
234
214
254
262
243
199
198
232
232
238
216
216
191
173
170
188
194
165
224
246
276
313
270
195
192
164
190
237
184
186
203
199
202
189
221
213
207
208
542
210
214
200
330
178
193
182
203
431
199
223
204
222
206
163
202
185
193
212
217
193
193
184
188
204
211
188
207
220
206
213
183
195
193
201
217
227
191
202
217
188
176
209
197
220
185
217
167
206
182
219
210
199
195
182
214
225
203
168
211
207
200
204
189
222
199
194
181
200
161
221
196
189
210
201
167
192
194
211
180
214
228
221
214
228
192
160
186
205
220
216
208
203
174
195
196
145
204
205
205
198
214
231
203
169
196
158
198
203
196
225
206
165
203
219
224
204
197
200
202
208
197
243
213
196
207
202
208
195
185
180
198
200
202
191
204
192
209
203
175
203
191
235
169
192
173
190
224
164
212
205
202
178
213
183
213
190
178
186
203
190
224
202
223
205
204
303
167
220
194
157
200
199
202
209
200
152
202
216
158
217
198
226
194
187
201
201
214
209
170
202
211
162
244
202
206
196
222
188
204
214
163
203
214
207
202
168
190
206
203
220
203
181
215
164
268
190
192
205
180
214
208
222
162
225
193
200
219
232
283
230
215
217
202
224
207
182
209
212
171
357
326
176
255
215
213
185
221
210
201
224
194
208
209
197
185
214
176
155
207
198
195
184
206
169
227
279
245
239
219
225
272
271
309
294
272
274
254
232
297
305
256
254
269
248
265
251
245
263
324
349
288
294
254
251
291
277
323
411
415
428
431
427
379
280
295
213
203
195
201
203
207
202
189
182
196
183
225
204
188
192
178
210
206
192
206
192
196
170
207
212
188
204
328
207
203
193
204
205
189
200
202
226
247
257
261
252
244
279
292
337
252
199
210
198
215
283
260
234
188
186
213
223
203
174
185
205
215
207
195
199
201
171
214
171
197
207
222
200
205
198
183
202
220
195
198
196
165
199
242
157
193
166
198
199
208
158
205
201
174
211
201
221
209
186
217
203
197
176
221
189
208
161
213
209
208
364
195
197
190
245
189
210
195
160
148
199
207
184
224
191
163
203
195
222
194
150
188
194
187
242
215
318
213
191
174
216
167
189
226
208
207
226
175
188
211
218
192
202
184
188
201
182
211
200
203
254
263
179
189
194
206
191
190
198
189
193
186
183
183
191
187
187
214
209
200
185
210
240
237
258
187
219
238
227
207
180
223
209
442
247
249
285
286
201
209
206
240
198
186
196
204
191
210
213
204
217
193
157
205
211
157
203
174
190
184
231
224
218
196
214
215
201
216
216
197
199
207
208
193
220
212
196
205
194
189
182
178
201
184
227
179
193
215
207
207
205
185
194
235
249
206
207
270
228
196
242
213
222
