184
230
159
183
217
231
225
148
228
168
158
224
155
162
230
157
156
236
188
183
216
230
167
232
207
173
218
254
164
195
168
153
153
169
165
168
236
154
171
178
153
177
154
232
160
158
163
164
182
227
169
187
204
166
157
164
151
164
237
172
158
219
237
173
157
159
149
220
240
166
159
164
165
223
152
154
229
237
164
152
154
152
310
219
157
158
148
154
149
155
179
173
189
175
167
207
158
170
176
160
164
159
223
161
164
220
162
225
158
156
228
167
139
145
155
141
143
220
142
131
145
150
181
145
135
148
142
149
202
136
137
141
142
136
150
205
142
135
205
139
141
135
136
216
137
141
136
138
141
147
143
160
188
147
142
145
204
147
151
140
158
141
153
143
139
158
141
197
149
140
151
139
155
153
139
146
205
135
142
148
138
207
135
136
139
138
138
145
141
196
145
151
206
192
173
138
221
180
144
140
124
154
132
206
147
137
186
230
145
139
131
200
144
135
242
142
174
140
140
179
152
137
139
149
202
137
155
216
138
147
141
144
187
151
148
142
144
221
161
153
148
136
224
148
144
152
161
139
168
161
208
157
150
225
136
143
161
160
170
216
144
149
139
161
142
208
145
146
221
224
160
148
180
160
151
198
148
146
210
142
145
157
218
143
155
211
177
143
244
140
134
132
156
225
160
146
147
142
145
172
154
143
217
155
181
208
212
150
145
224
142
141
214
152
143
210
217
144
144
228
155
141
156
148
215
149
183
150
167
214
161
151
152
174
160
248
217
181
164
171
152
215
212
237
145
161
207
220
169
209
170
150
165
154
151
167
151
157
205
150
157
162
155
158
163
229
151
152
202
151
155
152
154
193
155
150
160
185
153
165
143
199
206
153
155
147
212
150
150
171
143
157
164
143
152
149
143
147
168
148
204
152
150
142
149
156
215
163
156
237
150
162
149
152
147
150
153
221
251
151
154
191
156
167
151
218
165
149
147
147
181
158
151
197
163
175
228
147
145
155
232
156
155
161
145
161
148
148
146
162
161
168
187
166
159
172
168
263
164
209
204
159
163
159
172
162
215
136
148
165
146
150
150
172
142
142
184
146
158
155
197
153
154
162
168
148
152
153
151
191
146
145
209
150
161
154
206
149
147
169
154
211
166
153
218
145
148
148
148
192
162
146
161
172
152
146
199
173
152
207
217
153
164
168
164
149
162
173
158
164
160
144
165
199
283
156
156
151
142
156
148
159
163
180
152
188
190
173
150
157
153
157
149
152
164
196
149
151
150
163
149
219
153
149
172
144
149
152
207
154
200
198
168
155
162
152
153
220
144
154
161
152
157
147
160
156
226
151
163
181
160
159
156
230
217
146
153
233
160
154
176
225
160
161
163
149
231
231
154
155
151
162
158
170
180
149
156
170
152
171
162
154
156
164
173
180
151
170
179
156
216
154
160
226
157
188
142
150
152
154
160
154
155
154
157
152
152
162
161
214
152
152
150
154
181
221
153
157
217
155
156
189
156
167
153
155
217
149
223
216
154
156
266
178
167
163
222
156
155
230
237
183
158
177
154
232
150
150
225
151
155
216
147
161
165
235
157
156
167
172
158
214
150
154
238
161
163
223
153
177
183
236
152
153
236
180
151
162
219
153
153
226
163
174
149
153
152
159
215
154
159
163
154
160
222
150
152
155
194
172
179
165
191
307
164
152
151
161
153
153
190
191
158
156
158
153
166
166
152
245
149
158
1005
165
154
223
150
154
160
147
154
154
155
156
153
136
156
228
154
161
225
169
158
158
155
170
158
156
171
227
150
156
219
169
230
182
162
174
214
161
168
229
170
161
159
170
233
149
176
223
169
150
225
168
171
152
164
159
224
152
160
163
156
151
153
140
141
144
141
139
197
148
150
148
155
155
145
137
154
194
147
135
144
150
144
148
149
142
157
192
143
146
199
139
159
196
144
135
157
152
136
184
152
173
206
139
133
152
180
138
134
203
200
147
136
153
137
137
147
135
198
196
132
139
157
150
145
139
136
143
140
132
166
147
147
131
196
131
173
138
194
149
142
184
140
134
137
139
198
136
141
199
138
153
148
138
140
200
139
142
137
139
185
149
194
137
139
139
132
172
137
138
141
174
134
138
141
221
153
139
131
140
135
151
169
147
136
183
136
141
153
141
129
176
140
150
192
139
145
160
133
142
151
138
144
142
187
136
142
131
146
150
133
147
156
217
137
144
159
192
131
156
139
134
152
145
151
150
145
147
143
144
143
135
181
130
147
133
190
145
