47
88
48
46
79
42
59
46
48
91
42
47
41
39
78
51
65
47
56
39
82
56
49
50
73
45
77
42
55
87
42
50
47
79
52
65
50
78
40
79
42
46
42
76
51
50
51
49
72
50
41
77
53
82
62
41
42
41
55
49
48
53
41
38
50
91
52
52
76
49
62
43
41
46
40
47
43
41
39
82
46
62
58
76
52
83
51
84
45
41
87
82
74
40
90
73
43
52
39
55
49
50
41
48
42
49
44
78
52
66
53
80
50
55
41
82
41
81
52
40
48
83
47
82
58
73
42
51
56
41
48
52
41
96
40
69
46
49
51
65
55
88
40
50
70
48
88
98
100
77
78
41
41
59
57
72
43
77
51
39
77
38
47
88
50
40
57
40
45
41
56
78
66
42
47
41
40
43
90
42
39
73
55
68
47
40
73
45
42
44
73
47
55
55
41
43
93
47
65
44
56
42
54
45
79
43
71
42
50
53
42
42
60
48
61
48
51
53
59
71
71
52
40
42
77
44
45
56
43
42
73
44
44
41
42
79
52
83
48
82
56
47
47
72
49
51
51
53
42
40
41
78
42
42
54
41
86
43
54
44
81
40
48
41
53
82
42
75
40
60
44
40
52
76
41
52
79
52
42
63
42
44
48
43
58
52
58
75
42
52
43
43
48
73
44
80
59
50
45
57
67
68
51
46
43
52
50
81
53
50
43
75
54
44
54
55
64
74
44
43
52
64
44
49
68
57
46
54
90
45
49
43
46
45
53
45
46
54
45
46
56
47
61
97
72
48
55
87
45
85
45
80
70
87
56
85
46
57
53
83
54
79
45
44
55
45
63
46
51
47
61
44
46
48
64
44
53
45
67
48
69
84
52
60
45
56
54
90
51
44
44
55
84
56
77
47
90
49
98
80
51
46
46
60
107
52
71
43
95
82
88
55
44
44
89
52
74
55
77
57
88
50
69
61
58
42
87
188
52
59
45
80
44
53
43
51
48
61
42
42
41
43
49
58
48
86
42
63
60
71
40
42
51
51
50
91
46
62
53
50
50
49
48
40
40
90
44
68
49
53
57
57
57
49
41
50
55
51
57
44
54
41
43
52
53
85
69
43
42
85
72
50
46
51
79
56
41
41
89
71
57
42
42
73
76
53
68
72
57
60
74
49
52
41
42
48
71
45
50
71
42
53
73
73
47
42
52
43
39
51
43
58
46
68
51
78
51
58
59
39
46
45
42
57
47
43
41
42
49
41
72
41
78
47
73
53
72
55
77
51
77
47
49
56
51
56
56
56
47
48
41
43
54
41
58
60
42
43
89
74
54
47
44
68
39
44
48
42
47
41
50
49
41
50
82
52
83
50
83
50
47
48
85
58
76
46
49
47
42
68
48
40
39
86
49
80
54
76
44
51
39
52
54
60
44
61
47
48
53
53
41
42
51
47
41
41
52
76
41
55
46
78
44
61
47
86
53
75
41
41
42
43
53
55
51
87
49
42
40
57
50
58
47
42
49
46
50
61
40
43
47
62
43
54
57
47
82
40
42
40
51
44
46
81
40
50
56
70
58
40
57
75
47
49
54
85
45
44
40
75
49
59
47
79
42
49
53
44
47
55
69
44
83
42
72
39
42
50
84
41
90
52
43
42
39
48
38
68
38
75
57
41
48
73
47
74
46
52
57
74
46
40
48
39
54
45
41
39
70
48
52
47
85
44
41
40
91
53
49
96
52
47
42
65
52
48
48
76
48
61
39
43
80
50
63
48
40
57
47
65
72
62
43
59
62
44
48
59
50
52
47
40
58
42
43
50
57
51
42
51
46
52
44
67
81
59
78
68
62
39
43
40
45
50
51
47
61
49
41
57
48
61
42
53
40
71
48
62
48
59
43
65
56
59
41
52
53
47
79
43
59
42
48
49
43
49
46
60
52
40
43
47
48
53
50
50
41
39
40
47
49
54
42
48
44
61
49
40
38
48
46
76
38
47
47
55
47
55
40
47
39
50
50
46
45
40
52
72
39
58
45
40
64
47
51
53
61
43
47
51
63
49
76
46
32
49
49
54
48
56
41
49
49
39
44
50
41
56
49
76
53
71
61
68
41
50
51
60
41
45
41
53
56
44
41
66
45
59
55
44
43
45
49
44
51
50
58
83
63
63
70
46
65
58
50
42
55
41
56
49
55
50
48
41
43
40
40
40
40
44
42
89
45
41
41
82
51
43
40
83
46
42
39
58
62
58
50
39
74
50
42
56
48
80
40
41
44
49
77
75
