232
191
234
192
167
179
195
203
183
149
215
208
211
201
197
225
186
142
217
218
197
223
175
179
171
232
246
232
225
242
225
245
308
197
212
165
196
189
212
177
212
196
189
228
178
156
151
176
160
107
160
173
145
173
178
150
115
151
151
151
122
148
157
183
167
153
158
141
152
115
141
173
161
182
147
152
152
168
141
152
154
124
180
155
204
160
151
170
166
148
147
153
163
161
157
156
153
153
174
157
164
156
142
164
177
147
179
133
115
145
159
165
153
172
160
141
155
115
173
143
161
163
161
151
170
158
174
140
164
179
162
154
167
158
159
153
151
149
179
146
162
171
151
150
149
165
115
161
148
170
163
160
180
411
161
166
141
176
159
148
170
163
172
165
173
171
161
154
176
162
152
188
150
152
147
130
158
199
156
180
147
173
157
153
153
158
179
184
185
150
166
148
156
152
182
150
181
198
207
157
135
146
165
139
146
153
160
152
151
163
115
151
161
153
208
160
175
166
144
172
150
165
164
157
153
108
157
186
162
151
176
178
141
129
174
136
162
151
168
190
164
155
165
156
173
159
183
147
149
235
143
165
150
161
169
147
157
156
146
108
161
172
157
182
151
163
171
197
151
144
172
167
160
187
160
165
198
159
123
156
181
159
167
192
152
161
159
167
180
146
158
155
148
385
131
155
167
154
171
150
148
155
227
148
161
180
167
183
180
150
162
165
167
151
125
144
158
129
179
232
162
145
175
141
149
157
171
185
138
156
160
157
159
162
131
169
165
132
171
146
164
149
189
137
141
154
158
160
162
161
161
200
152
154
154
180
141
197
140
161
163
152
146
165
162
165
157
174
168
159
172
158
166
171
157
123
166
157
175
152
160
147
163
163
155
162
150
160
180
171
122
146
117
131
183
156
148
153
149
156
165
180
148
162
144
172
142
166
178
120
173
158
187
154
188
152
153
147
153
167
172
156
181
152
118
156
143
166
198
156
147
117
159
183
140
151
146
167
149
153
146
131
177
147
167
172
168
149
200
193
148
148
147
164
153
155
170
159
198
173
157
149
157
166
170
164
139
152
159
163
149
149
142
169
141
170
161
139
161
140
147
157
157
158
154
144
156
144
141
159
183
159
145
146
154
158
152
153
167
182
155
151
158
140
167
153
155
134
137
143
157
172
156
153
151
149
125
161
188
146
149
146
154
148
149
152
121
142
139
167
164
172
163
122
150
145
174
152
181
170
201
117
155
165
150
165
174
116
149
156
168
132
160
157
151
154
183
169
161
143
157
151
148
139
164
153
192
185
165
146
159
181
169
145
272
157
160
167
158
162
166
166
191
169
150
148
214
183
166
167
164
178
164
173
153
148
160
160
174
157
141
165
165
148
161
155
149
164
165
144
156
162
152
171
153
142
152
166
153
162
157
149
156
168
166
156
167
138
146
609
157
149
144
147
139
178
168
156
153
168
150
153
142
169
136
166
158
162
165
165
153
149
176
166
151
166
105
151
146
265
153
166
148
174
201
178
160
151
188
146
161
173
148
119
183
141
182
151
157
166
171
171
169
161
815
175
180
178
163
176
157
169
135
144
163
151
153
161
153
153
188
184
132
183
161
159
164
156
173
138
186
180
147
160
171
180
194
174
176
165
162
171
176
164
159
144
160
142
169
158
145
160
148
141
174
153
166
156
145
148
159
155
141
154
162
169
143
150
183
144
157
148
164
153
151
170
149
167
163
159
168
149
144
142
180
177
148
168
158
170
169
140
197
173
143
153
151
151
131
158
151
162
164
180
154
161
178
171
162
204
152
162
168
150
151
156
166
176
153
167
172
143
162
160
158
167
171
144
178
148
116
166
159
163
163
142
150
155
148
156
155
133
169
138
165
149
159
151
148
160
201
149
145
158
154
162
183
191
184
149
143
169
157
156
146
166
187
154
164
155
168
154
172
149
150
171
175
107
152
166
178
172
159
116
185
175
147
159
170
170
157
171
159
146
168
159
169
165
162
174
149
153
153
178
139
142
161
164
150
183
168
160
164
165
142
173
163
157
156
191
180
155
179
188
185
186
211
196
186
181
150
208
180
191
186
227
209
204
215
185
216
208
186
182
176
222
190
182
173
213
206
171
155
198
194
217
203
152
153
184
186
194
217
195
214
180
191
197
139
225
216
206
196
221
187
165
161
204
201
194
195
149
180
218
139
199
152
185
209
172
152
167
185
171
184
192
140
187
193
174
161
196
202
169
200
187
206
161
211
208
174
135
193
183
171
168
190
195
153
220
