133
152
204
147
164
184
137
147
160
129
158
205
152
153
144
135
150
137
203
135
148
218
181
293
230
181
228
205
140
193
279
245
281
172
239
174
226
221
163
282
158
190
207
145
143
137
145
200
204
145
138
138
155
139
286
180
244
208
210
268
229
206
162
205
140
137
136
138
209
198
133
147
205
141
219
221
155
221
209
137
211
249
145
194
215
135
154
204
137
157
205
160
224
203
137
205
203
151
220
212
143
220
197
135
143
209
201
205
138
223
228
137
198
150
160
136
228
132
216
142
140
222
217
150
161
143
151
173
167
184
320
210
135
187
141
140
153
211
135
204
135
135
148
193
137
210
139
130
159
136
207
135
149
138
142
149
217
212
259
161
154
265
230
322
208
151
196
131
140
154
965
166
221
203
142
139
206
148
141
145
144
135
205
157
222
170
191
210
152
153
131
135
153
154
137
147
140
224
133
143
205
143
204
197
147
170
154
147
154
223
155
141
123
216
212
138
166
225
151
144
209
137
141
235
148
140
153
152
161
223
140
208
137
136
210
204
138
130
205
134
197
210
131
140
220
202
201
205
150
150
197
142
215
148
135
140
214
180
213
137
148
196
208
140
226
204
132
202
209
132
202
136
145
148
203
133
134
161
196
194
148
208
211
146
142
212
149
125
141
147
152
150
163
153
140
150
137
152
160
144
139
130
152
164
166
136
137
136
135
134
152
145
120
156
151
152
163
135
132
130
124
155
160
146
120
137
139
135
130
134
137
146
131
130
125
141
174
184
134
143
214
160
137
134
143
134
209
132
144
137
132
135
217
142
141
136
123
136
149
140
213
142
210
130
130
151
205
150
129
197
137
161
133
132
134
200
138
153
200
147
140
143
200
132
137
131
135
134
200
139
139
126
134
150
150
162
145
205
136
148
149
153
134
142
210
158
210
210
138
135
146
135
139
148
218
241
293
188
225
182
225
234
217
199
194
132
189
145
144
165
158
136
195
157
194
190
157
124
138
142
122
148
136
121
158
227
342
238
321
168
216
142
236
205
206
174
260
196
301
206
286
227
241
225
189
190
187
200
210
142
133
180
145
155
141
195
149
206
152
134
150
187
137
160
140
134
129
206
135
148
147
170
137
230
215
139
152
138
140
140
136
142
157
145
143
150
142
137
140
220
206
140
214
145
163
147
216
138
175
202
144
154
220
157
217
144
163
202
197
137
223
137
148
197
141
147
184
151
154
209
139
136
143
140
150
197
214
138
203
197
149
135
141
220
223
158
152
151
140
208
143
230
137
139
209
233
155
210
214
139
135
154
168
153
137
209
151
145
210
132
132
137
140
137
213
150
217
134
141
125
198
154
209
140
138
139
211
204
140
139
205
150
164
220
141
129
199
138
161
141
138
140
205
158
143
139
167
139
229
154
139
154
921
162
204
175
141
141
209
153
139
208
139
148
142
163
211
209
157
186
141
147
142
163
218
137
153
198
138
137
143
161
139
200
158
133
164
166
143
154
152
150
139
144
146
142
157
135
125
150
151
126
146
147
202
143
138
209
149
208
151
138
155
148
139
138
197
141
144
201
137
137
135
140
151
240
124
143
140
145
145
211
143
125
154
137
141
197
145
134
153
150
203
220
140
152
225
212
195
208
201
133
153
206
157
142
135
153
142
202
136
130
137
197
142
206
148
155
215
141
138
156
194
138
216
139
152
138
138
136
214
141
139
137
138
156
223
193
138
131
137
137
147
142
136
156
135
231
277
299
201
370
180
333
172
162
167
258
189
237
140
223
202
134
243
223
171
149
197
145
145
143
138
132
201
138
135
140
139
148
201
228
203
152
152
153
223
133
139
164
158
156
194
164
192
201
144
154
289
222
219
297
229
154
227
141
146
145
206
162
138
240
171
217
212
145
172
134
205
152
218
217
160
151
146
137
295
131
146
227
137
129
197
136
160
231
199
139
208
151
163
162
155
130
225
166
221
139
150
139
135
133
142
205
147
148
152
124
203
201
129
140
163
219
134
190
217
139
159
140
165
211
144
238
146
151
142
206
134
156
212
138
134
201
142
136
171
129
176
259
261
281
180
209
149
213
224
128
143
216
208
155
205
196
135
159
127
137
203
218
134
143
137
160
195
126
206
232
140
165
152
138
198
134
208
143
137
139
209
138
213
148
138
143
184
135
222
135
137
133
218
126
216
132
151
148
138
216
135
163
212
146
143
130
147
141
198
153
152
216
150
179
159
137
127
207
221
163
210
152
137
161
145
152
141
210
223
138
144
192
