41
76
41
90
45
46
48
59
54
47
44
98
40
50
50
41
78
59
60
61
53
53
47
53
76
40
71
47
74
53
70
89
52
40
54
42
64
45
70
54
53
64
40
70
39
46
39
73
46
67
46
45
81
49
41
43
41
72
70
39
54
40
43
69
40
51
40
67
48
46
53
39
38
48
41
75
42
38
40
79
54
78
47
38
50
68
80
66
49
40
42
60
52
76
54
39
65
43
70
81
53
41
54
60
68
53
40
49
58
46
49
76
72
39
60
46
81
47
41
40
42
40
50
38
50
45
45
80
40
43
48
50
46
40
78
74
40
43
43
50
78
47
52
51
77
55
58
62
44
50
66
71
41
41
42
39
85
46
40
52
76
40
67
40
48
71
39
49
39
47
41
53
48
87
48
50
89
49
89
40
43
86
68
44
39
42
41
57
47
53
44
68
63
44
89
49
82
42
43
78
48
42
55
48
73
51
59
75
181
52
40
39
44
75
47
48
48
65
85
80
49
79
42
82
72
59
79
50
50
47
56
90
48
71
42
51
80
42
89
66
43
73
46
53
81
72
81
75
61
47
43
56
67
87
52
46
51
73
61
46
49
50
78
42
49
49
48
63
54
53
81
49
74
57
56
63
40
58
76
40
84
40
47
57
51
53
59
72
55
76
40
40
108
39
42
52
41
73
42
75
39
44
40
56
66
42
60
41
53
46
43
70
48
42
50
45
68
44
42
41
51
157
83
69
45
60
78
48
51
51
64
54
55
59
52
80
48
38
44
45
59
68
104
78
42
42
63
42
42
55
64
74
70
48
46
49
63
48
50
72
43
43
69
56
83
43
48
44
78
43
75
43
44
44
47
50
52
43
51
43
86
56
43
58
90
42
85
59
50
80
45
45
44
79
79
43
68
45
43
54
45
56
53
100
86
43
85
46
43
69
70
96
44
84
44
46
44
53
47
45
45
59
46
76
54
48
78
46
45
55
45
100
48
74
44
45
51
49
44
44
67
64
73
46
48
96
55
79
53
45
54
46
85
60
58
43
51
44
93
52
51
73
50
53
80
44
74
44
43
73
44
48
49
94
49
83
81
43
62
52
89
48
42
43
61
74
56
41
42
49
50
67
72
76
55
71
62
48
76
51
60
70
83
55
82
69
72
40
90
40
40
44
42
83
70
75
49
72
53
39
76
65
57
51
55
79
72
46
55
58
74
87
58
77
45
79
50
39
55
81
40
77
80
60
38
42
39
77
53
73
54
77
75
62
82
48
40
47
40
82
85
45
41
49
32
76
59
90
91
40
59
50
76
31
39
80
43
46
77
43
53
67
56
61
41
59
84
52
81
41
81
73
44
51
87
55
74
42
48
76
41
40
51
41
46
48
41
67
39
90
41
39
70
71
78
69
53
65
62
82
41
49
77
81
73
63
92
81
73
52
74
73
41
74
50
47
41
46
41
72
51
48
47
47
64
39
43
79
40
39
45
71
42
52
68
39
71
41
40
46
41
48
46
40
84
41
52
57
84
43
54
41
81
101
50
96
55
43
109
42
42
43
46
43
90
58
58
48
63
52
48
71
53
86
41
78
81
73
42
44
85
50
85
82
46
60
45
79
79
48
79
39
73
67
65
78
65
80
49
76
77
70
80
56
84
50
46
42
43
64
60
107
47
98
77
49
47
74
57
80
64
83
59
51
57
65
64
60
81
45
92
39
40
98
48
34
80
55
73
52
64
49
66
49
67
61
57
56
66
57
54
73
72
58
63
54
88
69
59
39
58
126
44
52
39
82
68
70
47
39
68
91
55
39
78
46
75
81
38
48
41
73
74
44
86
58
39
83
48
82
39
39
65
39
71
46
73
77
73
73
58
55
46
39
77
71
41
46
50
48
72
59
43
94
40
58
67
54
56
52
92
63
53
62
104
72
98
55
58
87
82
52
41
46
78
75
39
97
70
72
46
74
79
45
45
49
92
70
39
79
38
46
85
40
45
81
45
38
73
39
60
48
47
71
45
87
46
57
52
48
39
68
40
40
46
41
91
41
71
51
51
48
40
48
44
38
63
40
40
49
40
40
75
61
54
40
75
40
39
54
62
75
49
42
46
80
45
52
39
40
39
50
51
84
73
39
44
93
46
42
55
72
49
54
45
45
66
41
59
40
45
41
47
58
45
49
74
39
45
41
41
40
67
48
66
41
67
77
40
58
45
56
73
46
52
40
80
41
49
40
77
38
39
40
52
63
42
73
53
79
64
45
41
71
39
73
40
40
74
49
