135
204
149
143
144
158
196
138
204
205
206
273
188
201
184
137
195
141
137
144
210
144
223
204
152
139
127
201
140
152
139
138
138
141
140
168
157
145
193
138
145
138
147
138
205
141
214
187
139
206
137
196
133
139
137
143
137
156
146
132
139
141
245
156
225
135
141
160
215
219
143
224
159
150
153
145
157
148
151
146
163
208
147
144
219
148
159
154
149
157
265
216
143
151
143
223
142
146
136
211
176
171
143
226
159
144
164
149
218
145
156
230
158
150
151
159
157
150
151
163
155
215
221
155
144
178
234
153
156
167
137
239
149
166
148
147
151
150
146
155
202
168
175
153
149
149
159
147
220
205
166
149
156
156
164
157
150
146
157
166
237
168
150
157
148
151
217
163
150
152
145
164
227
219
146
171
152
214
151
236
152
209
222
150
187
147
154
228
159
161
154
215
167
249
212
143
225
155
146
151
229
139
145
141
230
224
144
224
152
131
150
217
233
223
150
158
158
162
213
153
146
154
158
167
155
161
149
215
151
229
163
193
154
188
160
150
230
147
157
151
147
151
155
134
232
168
236
160
148
165
171
149
153
222
155
156
155
156
244
224
225
163
165
153
230
162
153
164
148
226
157
154
153
223
168
229
149
176
244
172
247
156
232
137
220
154
237
220
151
159
149
202
157
156
159
208
148
163
233
145
155
151
230
148
153
155
221
158
243
154
142
228
147
232
151
162
147
163
144
224
160
163
151
199
205
159
225
150
226
230
146
232
159
259
156
219
161
165
165
173
223
148
154
167
169
152
145
157
144
151
216
163
168
145
243
243
171
168
192
167
151
139
143
201
187
140
143
146
147
136
151
150
150
141
200
144
150
142
199
135
157
219
143
196
147
141
142
195
142
144
151
160
143
160
153
150
155
201
149
165
163
185
137
153
145
201
196
164
160
149
154
140
135
140
163
198
149
143
129
145
198
156
143
142
154
137
155
147
135
157
198
136
133
139
193
137
166
193
148
210
136
156
142
202
185
197
143
137
141
136
153
145
143
141
150
143
139
143
146
202
206
163
140
143
142
148
135
137
137
149
147
205
156
147
143
195
192
155
146
235
149
146
198
227
153
142
128
156
196
142
199
142
144
154
200
156
136
203
149
211
146
174
209
139
200
149
137
150
198
202
150
152
161
217
157
151
149
242
150
160
214
172
141
163
223
162
229
222
156
162
151
217
210
146
137
162
225
143
159
152
215
159
173
207
144
164
151
226
172
145
145
197
217
177
137
146
179
192
140
193
215
228
167
222
144
159
162
159
209
146
145
158
219
170
146
148
214
152
158
216
148
147
143
141
148
144
163
190
140
163
146
150
144
179
164
156
221
143
154
143
151
145
146
156
149
143
158
153
148
210
219
168
145
212
144
166
152
212
214
150
170
147
148
148
164
149
236
159
156
149
209
154
168
180
323
267
164
149
154
197
151
152
171
207
147
159
149
172
164
153
150
169
149
145
162
154
151
227
224
165
153
151
175
155
173
156
148
157
154
166
173
150
153
149
167
167
169
160
153
158
196
205
168
150
164
170
152
153
152
151
153
155
152
156
176
168
150
198
159
211
158
161
208
211
163
149
223
161
164
155
149
151
147
165
160
152
160
155
171
159
213
168
165
150
226
152
154
175
161
222
151
171
154
156
156
217
164
145
166
167
166
168
165
191
162
159
160
153
155
165
175
148
225
218
194
212
158
248
195
210
149
216
167
162
164
148
169
161
220
154
158
148
205
163
146
146
168
161
161
156
156
160
148
170
143
147
150
142
168
146
155
160
148
201
219
149
156
166
199
147
160
141
154
156
157
164
170
156
166
139
136
144
146
139
133
148
181
150
155
143
141
142
140
206
138
140
146
147
140
148
143
149
215
147
202
192
137
156
145
209
139
137
144
197
141
199
142
139
141
153
190
152
141
149
201
161
154
211
138
147
140
152
171
139
140
139
136
142
198
140
123
154
190
136
201
137
143
146
207
201
187
142
150
146
139
170
153
147
175
145
197
132
150
195
137
219
203
156
165
174
194
197
137
137
137
145
143
147
157
217
154
139
211
135
146
131
135
208
139
198
201
205
139
135
201
197
184
140
138
219
194
154
138
142
186
136
148
140
135
204
134
144
151
134
148
140
175
156
143
139
143
138
190
148
184
141
204
147
162
149
172
146
148
160
152
156
153
193
216
162
148
143
155
147
227
157
205
154
169
185
161
220
161
131
146
144
153
161
153
152
232
146
184
233
142
168
148
184
144
162
