144
202
263
278
203
185
216
225
140
212
196
145
195
206
150
227
201
206
149
144
196
140
226
218
142
192
209
147
153
216
142
205
228
156
216
149
139
153
214
139
224
252
143
151
200
165
149
156
153
145
143
237
224
236
319
229
249
207
221
214
177
202
208
168
202
159
196
198
145
137
140
141
200
201
145
131
139
138
211
148
201
134
143
145
200
137
146
154
197
190
130
184
152
149
158
148
206
199
163
229
208
138
210
223
157
135
146
189
141
139
139
138
135
159
210
215
146
128
130
138
198
136
189
201
138
200
161
157
142
204
232
188
154
180
212
138
136
227
166
156
204
210
144
138
217
206
214
189
140
192
169
140
197
162
194
167
145
154
189
158
169
194
142
145
146
214
215
196
143
148
207
225
160
154
140
141
210
198
204
152
132
150
206
198
137
197
150
143
138
201
201
141
137
149
135
207
186
158
136
143
141
205
199
138
134
122
122
195
211
131
213
206
130
205
143
127
137
195
211
198
177
137
143
136
144
205
193
150
197
133
154
153
206
141
138
124
133
149
202
120
135
147
191
202
185
136
138
134
206
155
137
141
197
147
209
216
137
139
153
196
136
198
141
142
214
141
192
151
198
143
129
190
157
234
208
133
203
204
136
189
142
154
150
158
212
202
145
146
203
191
159
152
143
194
140
216
188
138
209
206
138
159
143
194
206
154
142
145
167
143
144
188
225
152
215
141
195
140
200
134
157
138
196
142
135
195
151
181
193
148
143
167
141
123
198
199
190
166
137
156
150
195
134
139
150
138
146
213
130
200
206
136
192
143
216
137
136
135
147
140
204
137
127
136
143
137
228
209
171
208
276
156
141
139
224
278
212
198
238
200
228
199
159
220
195
152
211
216
148
205
148
154
222
208
137
157
145
155
141
162
220
150
132
219
164
223
203
139
257
159
151
210
216
198
212
216
160
143
150
180
143
149
230
191
144
152
205
138
204
147
148
214
158
135
144
158
160
155
194
160
161
131
169
156
236
174
205
153
235
228
173
211
156
222
160
161
214
160
152
157
140
168
218
237
155
155
210
154
218
227
147
222
205
158
211
215
135
212
168
153
151
163
172
203
144
189
156
156
158
185
151
150
151
165
176
215
142
182
207
186
224
354
272
244
172
211
228
148
267
211
216
197
210
210
204
153
217
217
166
216
216
160
219
228
156
220
278
218
183
213
159
146
150
231
201
210
201
211
145
256
209
156
225
218
148
221
158
178
216
199
221
198
205
216
149
148
227
143
144
129
208
164
214
157
149
207
209
141
161
207
158
205
181
213
219
214
146
149
146
152
152
155
268
227
209
238
261
333
199
303
230
211
250
201
155
144
151
234
145
153
216
143
184
140
189
143
177
234
288
242
235
250
248
264
337
226
341
224
223
266
450
238
317
290
258
214
196
203
209
134
219
153
163
205
216
154
158
221
224
148
141
209
148
235
198
164
229
222
212
175
178
244
217
170
158
192
216
204
210
219
134
144
157
220
154
146
245
160
205
146
146
158
144
135
152
222
142
177
220
221
220
210
209
233
142
156
151
145
139
210
167
153
213
148
126
148
129
132
151
191
185
124
127
182
140
144
144
179
142
191
128
131
142
132
195
135
130
125
130
147
182
130
132
131
151
126
147
190
129
153
192
138
131
142
128
148
141
130
145
179
174
127
138
171
136
141
187
143
144
128
125
181
215
177
127
119
153
138
194
129
125
191
126
143
130
136
155
121
137
184
128
187
124
194
138
169
299
255
209
190
152
180
160
196
190
145
184
141
114
147
131
129
143
211
125
139
147
134
134
142
134
131
151
188
134
131
198
139
130
144
126
130
130
196
131
137
181
213
199
192
190
131
130
182
137
138
164
188
202
141
142
139
194
119
134
128
141
137
142
139
201
178
130
135
193
130
135
129
142
127
174
189
152
204
131
267
280
251
236
174
216
181
179
210
131
189
198
126
188
173
194
196
146
157
153
201
141
124
146
198
202
149
133
193
134
124
130
145
139
130
185
143
167
204
130
147
201
129
140
136
196
150
185
205
127
197
203
141
145
147
177
131
159
182
129
180
178
149
127
128
195
145
134
136
153
189
129
151
131
130
145
147
142
202
197
181
196
201
135
143
205
154
129
126
150
195
141
129
187
134
124
146
124
193
140
125
180
128
179
125
182
139
122
142
129
131
183
145
124
128
134
203
143
130
128
185
243
137
147
201
133
193
134
151
198
144
135
133
149
129
142
134
187
253
213
134
197
123
130
139
