42
64
70
71
59
69
51
77
44
42
72
43
46
109
51
106
58
54
69
82
69
95
114
83
67
141
142
140
70
78
125
61
114
50
53
41
114
94
129
114
62
85
176
112
87
53
56
140
90
48
92
112
42
67
54
83
71
50
71
112
73
43
81
40
73
82
40
75
81
52
72
81
40
85
44
80
47
93
83
68
86
56
49
82
39
67
60
96
85
43
86
40
74
64
72
39
77
89
75
88
86
39
80
49
88
74
67
72
85
64
74
69
42
78
71
51
35
64
65
61
58
48
52
93
109
109
87
43
84
41
86
91
80
83
97
57
109
51
72
79
79
73
81
71
72
48
41
79
48
80
78
43
69
40
66
85
49
84
69
51
81
62
49
51
73
53
50
51
106
43
74
160
50
42
67
82
79
74
78
67
74
49
81
76
75
42
86
71
78
33
42
46
85
75
42
46
45
53
78
45
47
48
95
41
33
89
46
64
76
153
40
74
67
69
51
70
65
85
41
41
699
84
68
142
70
66
52
93
69
44
176
54
85
41
71
81
69
41
70
82
39
41
43
86
36
79
77
90
95
44
35
65
43
64
91
68
78
80
75
75
42
42
66
82
84
75
95
81
41
71
44
42
78
89
107
77
42
75
38
44
84
74
41
70
62
94
36
79
42
47
42
78
85
126
53
88
69
42
44
71
78
43
79
62
74
61
51
51
75
63
83
69
43
58
50
74
41
43
52
74
41
71
49
41
50
51
72
43
41
67
68
53
43
79
45
75
89
83
82
78
36
76
59
50
89
44
43
73
73
50
96
82
48
81
60
91
48
40
44
79
94
69
50
44
80
108
49
99
91
74
43
96
58
68
34
82
43
50
85
93
49
68
62
42
71
53
54
62
61
48
43
80
83
58
43
71
72
42
72
70
74
54
94
44
42
61
69
62
80
59
71
41
77
51
75
88
46
48
68
65
42
82
77
50
72
52
82
50
108
65
45
43
41
78
60
70
91
79
43
43
90
45
91
70
28
51
81
42
49
66
64
42
51
34
79
80
43
34
72
43
102
105
126
64
68
132
46
63
72
74
47
52
50
48
107
48
72
39
65
52
42
77
47
70
80
72
36
41
45
71
35
43
54
71
39
82
39
41
31
71
52
59
55
64
42
77
39
45
85
39
32
68
40
84
79
69
41
59
42
74
68
67
60
74
40
67
45
39
78
77
79
41
66
74
81
39
66
87
76
70
69
40
75
71
39
40
63
83
76
47
44
41
66
72
37
60
68
90
68
74
39
66
72
32
74
74
63
32
59
74
42
87
78
41
68
86
89
78
42
41
66
40
40
84
62
71
89
42
59
75
49
50
45
94
78
82
42
91
62
69
82
83
45
68
73
41
56
45
75
79
84
42
72
83
65
43
68
77
72
69
77
86
83
77
43
69
63
60
69
68
50
66
63
43
86
39
83
43
42
56
49
42
70
48
49
79
53
42
50
69
85
83
80
43
80
59
49
86
80
98
92
82
43
42
49
50
71
82
84
51
63
43
82
85
76
74
73
85
75
81
41
91
46
78
44
49
88
68
80
41
98
46
70
50
43
73
42
83
76
81
51
72
72
69
42
74
44
79
42
79
76
183
116
43
85
85
41
42
85
96
84
66
41
49
75
76
76
42
71
88
69
74
61
77
69
71
74
42
49
75
78
42
49
72
40
39
64
40
39
67
35
65
81
84
65
56
92
87
50
65
93
75
89
78
41
50
39
42
68
84
62
73
82
43
74
34
44
99
107
108
60
51
107
92
116
60
124
107
96
114
109
92
104
53
135
139
135
84
87
72
66
38
72
74
58
66
73
71
68
81
45
71
74
62
89
71
90
68
39
88
64
39
39
83
40
55
57
48
46
80
48
75
69
43
69
58
41
49
84
38
76
74
75
76
69
67
45
82
44
41
90
85
71
80
48
47
84
65
51
52
43
125
47
52
89
44
60
57
63
68
72
119
65
87
52
65
61
137
86
105
63
55
61
58
56
53
91
97
79
69
142
83
107
118
68
71
69
68
83
106
98
69
98
100
84
115
67
117
56
90
92
46
44
47
66
70
49
49
92
42
43
51
90
91
94
81
76
72
46
69
39
83
46
48
78
69
69
84
67
62
91
39
51
65
79
51
78
70
70
85
55
103
59
69
64
100
56
65
62
118
126
102
54
82
81
92
49
66
72
97
59
90
113
52
69
39
48
46
56
111
64
57
55
50
70
41
74
39
69
50
42
40
39
62
81
43
64
47
39
40
