213
180
156
213
148
133
160
208
201
147
135
209
142
194
148
134
139
196
147
216
143
143
143
151
198
206
136
142
136
215
202
136
219
189
224
147
144
146
139
228
157
198
136
147
235
149
147
150
138
138
210
212
124
151
226
144
157
194
149
143
151
136
160
152
226
147
138
136
191
208
132
219
148
160
196
160
205
160
155
148
223
197
147
152
145
221
147
234
188
202
156
154
190
171
172
213
151
163
150
151
144
212
151
150
154
210
147
164
200
216
164
147
153
199
149
214
158
154
150
157
138
164
207
204
216
141
145
225
211
214
162
137
219
203
159
204
207
146
221
145
147
207
147
162
216
147
152
144
214
157
173
199
151
156
192
152
147
235
206
226
149
158
214
196
217
210
140
206
213
225
161
157
203
133
159
159
142
135
161
159
212
157
202
160
211
138
144
199
142
147
159
144
220
150
157
180
144
182
153
161
228
142
137
211
152
214
147
152
139
143
145
219
159
202
221
152
144
145
156
147
140
213
147
145
218
235
138
148
221
146
161
145
142
161
150
213
149
148
227
212
146
164
190
190
213
162
153
223
143
222
228
193
143
167
211
138
155
216
147
225
147
153
146
215
218
143
145
135
143
217
131
205
138
155
235
140
146
159
148
157
146
150
143
183
229
147
144
146
210
196
160
154
222
149
145
163
170
145
149
141
146
150
149
149
202
216
178
149
146
140
227
149
148
150
210
145
144
143
145
159
147
217
145
220
145
146
215
176
167
138
209
144
156
144
191
145
149
206
156
220
144
151
173
157
230
146
162
201
140
157
147
146
210
141
151
138
160
143
209
139
150
151
144
158
142
141
139
148
204
156
157
231
169
207
147
144
149
157
156
242
147
146
148
221
140
149
144
133
148
158
229
160
154
190
152
140
145
177
135
194
145
157
140
146
149
140
212
139
151
140
131
213
144
145
158
151
142
157
140
211
144
143
141
144
147
143
222
148
150
182
141
168
135
195
151
232
144
141
155
158
159
193
156
220
217
143
144
142
165
212
146
153
187
143
141
227
146
140
141
157
130
214
139
147
168
147
221
146
155
141
170
215
149
159
143
147
207
213
145
159
203
189
150
142
146
133
135
124
187
150
216
157
146
220
158
213
139
171
205
146
138
138
170
137
150
157
219
140
147
187
149
135
141
148
150
152
129
135
142
151
135
202
138
146
128
143
172
157
142
152
136
139
147
153
216
153
142
148
195
145
153
145
208
138
144
144
192
209
142
156
152
160
187
143
152
131
139
201
156
155
139
151
146
137
141
153
140
140
145
144
139
200
150
143
200
152
204
134
139
158
153
195
143
155
167
155
198
138
157
143
149
206
137
140
143
146
199
142
205
194
149
138
138
173
140
144
131
152
140
209
141
141
140
144
213
135
139
165
131
140
149
145
147
148
196
148
170
143
183
147
138
189
142
156
144
200
144
144
195
192
162
148
144
156
143
155
193
153
162
193
159
142
163
132
167
139
142
223
194
139
136
153
202
145
167
144
194
137
136
141
142
147
195
159
143
151
163
200
139
135
192
160
146
158
139
198
148
157
153
140
153
145
174
147
198
143
139
143
153
194
138
144
141
141
186
156
141
135
142
137
139
145
145
199
142
143
146
138
148
137
142
139
198
155
150
147
145
195
157
148
149
138
151
147
148
161
187
191
151
157
143
142
149
140
142
177
158
148
139
156
138
154
163
153
151
150
143
227
158
158
151
153
227
148
218
151
156
222
214
156
160
171
235
152
156
151
157
219
191
155
166
151
169
154
222
149
160
150
158
149
164
167
165
172
161
208
172
157
161
158
230
231
185
226
163
149
156
165
232
222
236
163
158
148
235
150
161
235
160
151
157
224
224
155
154
153
173
227
157
165
151
159
237
151
182
158
149
227
150
151
168
166
226
146
158
166
167
159
149
213
173
237
217
159
147
164
234
145
160
225
166
165
156
182
230
153
154
161
160
233
152
190
152
235
154
181
164
157
150
171
211
160
180
215
218
150
158
165
220
226
159
148
226
140
140
140
147
140
202
133
204
136
137
200
145
147
156
157
152
158
138
147
172
223
153
139
152
154
191
147
141
154
188
192
138
150
139
141
164
142
133
137
153
153
142
148
205
175
150
174
141
142
152
199
141
191
168
336
134
198
142
135
159
139
160
205
138
162
136
127
141
140
162
151
136
201
145
154
148
164
223
196
152
139
137
142
148
150
143
154
155
173
141
144
141
136
208
198
142
143
197
197
143
135
204
145
152
211
211
150
