180
170
172
190
125
200
191
167
166
184
135
189
134
154
172
175
126
171
158
147
163
158
129
164
181
165
173
181
156
175
158
144
175
176
187
179
220
188
149
167
168
136
139
113
189
132
183
189
177
188
167
132
165
138
167
136
129
112
187
115
133
180
192
193
195
151
135
161
164
140
161
182
172
171
170
127
165
300
193
167
217
210
183
317
197
152
193
132
191
120
146
137
137
130
139
166
137
174
181
130
142
194
146
137
136
204
135
135
175
183
148
141
137
128
171
124
129
170
120
195
139
130
129
176
126
185
131
135
167
180
196
128
163
176
139
168
179
138
136
129
139
157
183
141
139
173
182
162
203
139
208
173
198
187
134
163
177
175
187
176
125
138
137
144
145
217
176
172
147
170
185
169
172
136
128
200
206
128
187
145
144
175
207
145
184
116
128
146
109
171
149
252
155
185
159
150
239
129
210
183
114
210
232
264
153
134
135
134
178
187
113
127
159
188
184
201
161
171
179
189
167
188
192
189
175
179
170
134
175
172
111
180
177
112
185
131
150
152
180
136
123
195
225
132
250
205
138
189
178
181
130
129
174
129
128
127
127
172
180
168
210
208
107
171
130
130
125
127
163
206
166
124
149
120
197
196
183
128
137
171
181
130
126
177
128
125
138
178
139
184
196
131
196
175
119
189
121
129
178
142
160
238
328
275
279
218
199
186
192
184
165
151
134
184
135
184
136
116
175
213
251
172
172
137
210
132
119
174
137
183
144
148
123
198
200
164
187
135
206
210
187
182
193
120
182
194
139
196
195
128
164
182
136
185
182
137
161
179
138
171
172
120
186
146
137
175
186
145
187
170
181
185
199
126
158
174
174
137
124
136
194
191
186
155
184
124
134
194
137
135
126
190
174
139
103
168
137
192
198
124
184
182
119
175
180
130
127
198
127
125
138
189
136
136
184
127
170
123
125
180
166
185
193
137
111
178
174
160
129
120
123
115
114
113
130
162
172
154
162
135
176
129
162
150
148
152
170
138
127
155
133
215
135
134
129
124
184
121
155
145
121
172
163
114
167
165
136
131
138
168
114
127
134
159
163
169
197
129
114
121
121
129
178
189
121
119
173
176
173
161
137
147
144
108
172
118
129
134
186
326
201
199
191
169
202
184
184
179
140
141
143
180
123
175
135
141
172
145
122
177
137
152
191
184
171
157
192
157
172
156
153
120
157
138
152
174
135
156
141
121
129
167
176
182
175
184
131
129
139
146
149
123
182
161
164
137
140
148
163
169
146
147
141
185
120
162
168
129
141
133
135
120
122
140
163
120
181
176
131
151
220
127
164
140
121
192
179
170
140
177
155
169
190
145
113
123
135
121
177
128
164
157
152
108
123
170
180
167
165
171
126
111
181
155
147
189
146
165
137
149
122
177
175
128
162
125
175
134
114
184
159
197
174
164
153
157
197
159
190
182
129
143
170
136
130
169
128
142
193
144
153
189
162
160
183
166
151
135
160
126
159
160
159
114
140
121
156
164
136
119
167
181
129
189
155
124
127
119
182
123
178
173
146
170
189
181
180
182
120
129
124
164
165
172
158
129
136
168
114
141
163
123
134
167
187
183
171
131
147
164
114
154
173
148
136
165
126
116
127
157
120
161
141
137
125
126
121
122
177
127
176
182
113
155
166
131
130
148
137
133
136
135
188
251
164
122
224
148
158
128
123
113
130
119
144
130
125
127
137
180
136
159
139
142
136
122
172
159
163
158
137
124
158
149
165
179
161
123
158
137
145
109
126
130
158
129
159
133
131
145
186
147
151
186
135
250
135
166
151
169
144
159
188
166
177
128
128
123
161
164
180
167
169
182
131
160
128
162
156
147
141
144
185
171
164
122
160
132
160
152
146
135
145
141
253
157
189
136
128
202
219
190
173
123
158
159
115
127
168
137
188
131
165
167
170
131
130
132
174
131
187
135
119
131
136
183
117
155
124
153
124
168
129
119
189
139
123
121
157
113
194
130
196
127
171
161
129
170
184
134
130
160
122
138
126
159
160
120
139
166
127
129
170
146
181
114
137
219
131
147
188
168
140
168
123
126
134
213
144
162
167
154
125
174
130
136
171
187
137
176
170
122
143
138
141
125
162
123
183
157
167
146
121
139
133
193
189
123
190
169
205
132
162
191
235
158
177
203
211
236
192
215
229
267
178
178
216
245
167
215
185
288
223
190
228
374
199
207
177
185
225
254
228
267
309
312
393
355
251
369
307
252
349
357
388
515
385
319
294
391
