200
254
223
211
202
235
210
215
249
211
218
177
209
206
214
222
219
197
243
218
226
212
209
208
289
223
207
236
208
190
226
238
212
236
244
211
223
384
216
208
232
211
230
240
343
195
188
201
219
192
197
186
203
243
230
182
193
241
187
195
195
251
185
197
258
195
215
186
183
196
207
194
192
176
233
196
191
197
245
193
193
235
202
214
200
206
201
208
210
241
202
204
193
187
248
205
215
202
235
221
200
239
233
198
205
223
202
191
193
208
202
206
173
217
205
179
223
205
194
241
186
192
197
187
194
198
196
200
197
200
190
295
315
386
180
288
202
271
223
225
200
201
305
317
206
234
244
208
239
256
375
241
284
273
245
304
232
212
223
240
237
228
264
243
348
228
213
224
231
307
250
229
245
251
225
252
252
281
237
236
235
247
278
254
233
230
223
248
227
247
255
216
254
260
236
228
230
240
229
234
234
251
231
218
237
310
231
306
224
269
243
332
207
228
235
220
229
255
210
235
469
209
251
243
213
217
227
225
269
250
222
254
211
215
263
221
246
230
227
262
212
274
201
203
236
227
204
210
213
206
228
269
263
436
234
207
256
244
276
194
224
221
232
238
214
197
220
195
196
197
250
196
213
263
196
213
198
208
193
286
199
205
191
190
205
189
220
204
195
238
281
171
191
185
231
192
185
201
325
186
174
223
215
233
357
193
194
183
176
202
198
242
210
196
390
205
214
290
202
246
211
202
209
196
201
213
207
214
227
199
390
204
448
198
202
211
274
202
194
263
218
223
231
194
190
340
232
293
339
240
242
262
225
275
227
304
260
246
199
237
223
355
236
301
218
210
303
294
237
303
223
231
220
206
185
306
192
185
256
191
225
200
191
254
189
174
197
197
198
204
195
186
196
182
191
190
198
196
183
179
174
182
175
188
172
174
176
174
170
179
206
164
166
170
212
212
167
160
205
161
208
217
164
169
211
168
168
151
165
156
165
228
160
158
209
205
163
177
217
159
155
176
154
165
163
192
195
198
158
162
163
168
226
151
156
178
163
165
166
159
211
200
180
158
197
200
161
153
216
149
160
164
172
211
155
161
214
156
202
186
151
197
184
152
154
155
152
152
180
210
144
141
154
173
154
141
211
165
175
168
154
146
233
202
152
153
203
210
136
182
179
177
184
170
154
195
175
187
159
183
144
247
152
146
168
228
232
154
157
142
156
217
216
153
169
207
155
184
165
249
165
178
157
190
165
165
166
172
158
229
153
163
194
230
154
161
173
207
157
184
158
200
154
141
179
192
200
195
154
148
199
163
150
154
163
193
146
175
163
154
153
194
157
154
159
171
159
164
189
179
144
195
146
155
161
151
182
158
150
190
189
187
194
146
142
196
140
149
184
210
173
207
189
191
218
242
195
236
189
196
206
181
192
192
185
199
183
167
202
214
173
200
225
193
196
188
218
191
222
164
170
211
209
214
194
185
178
199
174
192
194
195
167
232
162
216
202
218
197
163
193
191
203
217
177
194
223
175
243
174
211
182
184
171
196
186
185
163
193
200
186
184
183
184
207
185
194
200
212
195
207
190
165
202
234
205
218
215
223
174
179
199
160
196
196
177
182
189
184
198
196
196
198
199
246
190
171
194
198
203
196
193
229
200
195
188
228
176
182
228
173
190
166
144
164
187
184
176
191
192
222
167
175
183
183
175
173
211
214
181
183
218
295
325
166
179
176
170
171
192
215
281
223
208
176
171
225
163
198
219
201
173
162
175
222
172
200
239
318
183
177
170
164
215
212
160
169
218
192
195
264
196
214
163
165
157
218
161
177
228
164
181
170
173
157
211
168
170
176
158
165
191
158
172
192
158
173
206
171
168
162
209
175
160
201
171
165
200
198
174
171
181
168
188
177
188
176
165
204
186
177
194
180
181
174
155
177
190
168
185
237
185
194
200
203
219
207
189
193
215
229
230
204
207
196
208
185
220
202
194
206
222
190
193
220
239
191
197
194
215
214
220
227
234
225
195
250
253
208
245
187
198
190
235
189
175
185
192
205
207
205
216
198
190
241
204
180
219
224
206
194
203
194
211
184
216
219
190
186
254
202
193
211
192
185
188
225
200
198
188
188
189
193
205
335
185
212
197
187
203
208
187
194
238
179
183
190
167
257
194
191
192
191
196
221
187
199
248
254
183
190
210
236
177
215
211
191
192
205
193
193
187
199
203
203
191
186
194
242
189
207
212
204
225
191
208
265
180
241
206
185
198
203
224
199
193
272
199
182
251
