48
38
51
53
54
71
70
58
78
50
105
64
81
53
64
75
43
42
72
73
50
78
53
46
39
91
76
68
60
50
40
48
83
80
60
77
79
61
63
52
52
75
64
88
90
78
48
89
39
90
69
38
101
38
40
78
39
64
41
43
77
39
57
46
67
53
85
76
48
91
72
39
67
49
38
77
55
46
76
57
74
61
45
86
49
74
52
78
44
53
38
94
73
85
58
75
67
57
87
39
50
61
78
40
82
42
40
39
49
106
87
54
79
48
85
89
47
46
32
57
77
65
42
80
78
58
61
101
73
85
73
66
69
81
70
51
40
69
66
73
48
49
70
39
67
106
76
96
78
85
47
39
109
64
50
51
58
42
40
50
47
72
47
45
52
92
48
54
56
42
43
86
49
48
77
43
64
89
41
40
43
57
82
40
40
88
42
54
40
54
84
41
50
77
58
65
47
43
51
76
44
50
49
52
39
74
61
83
51
49
42
40
41
41
44
79
51
43
42
40
77
41
39
42
40
47
64
59
86
53
60
49
64
65
84
76
95
68
62
57
82
44
62
40
48
93
61
71
56
97
48
70
46
65
81
54
49
83
50
47
68
64
46
84
49
49
40
46
78
54
68
53
76
43
47
44
40
39
78
64
83
77
48
39
31
41
44
65
44
77
78
82
41
41
95
32
82
92
77
74
51
43
50
50
42
51
79
43
42
47
57
71
90
42
49
43
52
60
87
78
51
87
50
44
43
57
42
44
79
42
42
76
53
60
58
83
62
60
70
41
70
79
43
73
75
69
45
43
44
73
45
54
44
65
44
95
54
85
76
83
55
83
56
43
71
65
62
46
49
53
82
63
79
42
44
44
37
144
76
380
61
80
87
78
44
45
46
57
44
72
43
83
45
43
54
52
84
44
85
35
43
80
119
76
45
45
65
43
63
81
43
96
46
44
59
52
57
66
77
71
54
57
64
46
73
53
88
54
82
45
63
51
74
69
70
76
45
46
48
49
45
82
62
52
82
80
51
57
52
85
77
53
48
53
43
71
61
78
56
76
48
66
74
67
84
59
85
86
34
56
45
57
66
50
81
49
42
44
77
51
45
62
43
89
69
49
52
72
62
43
62
50
86
54
71
44
40
49
41
79
52
51
40
43
43
64
41
99
54
80
42
44
77
44
81
42
75
42
115
52
67
44
42
52
50
83
50
45
67
41
42
49
54
55
49
77
49
69
85
52
41
41
56
73
72
43
69
51
43
70
77
40
63
63
76
43
42
71
40
64
42
73
47
41
81
63
48
40
50
63
40
53
52
39
69
52
53
76
42
87
44
49
47
42
68
44
41
49
77
55
85
52
42
72
72
65
73
40
55
42
76
68
40
48
46
44
84
62
40
53
72
47
68
47
66
52
47
66
54
39
59
56
44
42
64
71
83
41
49
47
43
48
99
61
79
43
46
55
43
52
53
47
51
81
71
33
57
47
83
66
55
43
47
46
91
86
41
97
46
75
48
44
41
43
80
41
84
49
49
44
63
46
77
40
43
79
58
73
43
47
71
47
40
93
71
61
56
47
50
46
49
54
41
40
38
49
61
66
47
63
53
68
53
42
61
82
44
46
41
45
49
75
43
58
47
49
40
41
64
43
41
39
42
73
62
39
59
41
42
64
42
40
76
63
61
82
42
39
41
59
77
83
43
75
43
42
72
43
68
41
41
75
40
49
85
48
40
58
46
48
53
42
39
46
43
80
66
49
56
52
48
71
64
49
50
67
41
41
53
48
42
65
40
47
56
82
41
73
45
49
60
41
39
52
40
76
76
54
47
56
41
43
51
85
79
47
49
77
75
74
77
46
40
82
63
51
1361
62
71
50
42
78
47
62
43
64
46
69
40
40
40
73
1452
80
77
44
40
49
47
49
44
76
51
56
52
72
77
62
50
89
77
69
47
42
53
81
81
67
40
38
48
57
76
82
40
40
49
77
49
81
41
78
70
42
44
60
51
64
49
42
41
40
82
74
91
46
47
70
43
49
72
38
40
63
49
79
48
46
47
45
41
78
42
45
47
41
40
46
41
76
84
40
40
52
43
75
42
71
72
73
64
41
47
46
75
41
68
72
56
41
52
49
48
67
58
67
42
40
61
62
64
54
50
69
40
77
39
46
85
38
47
43
41
71
40
41
42
53
82
75
43
76
54
52
45
60
83
70
48
47
47
39
71
57
69
42
51
53
77
68
80
47
55
41
49
73
44
66
59
59
40
82
54
47
54
50
74
56
49
46
