228
244
136
139
221
148
134
140
149
155
153
212
211
211
147
260
221
134
198
219
250
180
198
153
172
170
158
150
198
205
175
207
162
214
199
138
154
207
179
208
212
134
263
166
202
194
145
216
226
153
158
162
149
209
149
149
212
145
219
209
146
157
146
161
206
144
164
179
148
157
208
147
161
221
221
159
158
149
149
158
145
229
145
164
145
142
160
194
157
148
139
174
253
188
166
225
205
149
146
168
153
207
221
139
141
216
207
151
151
155
155
154
220
140
155
147
151
140
193
156
147
216
147
161
135
150
145
213
151
207
142
211
198
144
170
146
154
157
141
159
209
152
212
222
144
140
198
163
141
301
148
157
150
158
160
163
164
209
151
166
146
155
150
180
177
163
164
213
217
145
146
135
154
214
153
236
346
209
184
150
159
144
147
218
156
142
190
153
213
145
136
212
157
159
147
212
141
153
195
148
153
143
208
139
210
148
144
147
150
161
195
151
144
155
166
154
141
134
151
152
145
230
144
149
156
162
146
229
148
149
162
145
141
148
145
170
155
150
209
148
209
144
140
142
152
157
145
147
155
137
151
148
153
155
165
170
157
209
208
142
170
143
159
228
131
155
146
146
163
223
148
144
150
131
122
137
120
141
111
115
118
133
126
165
114
168
121
114
130
130
132
163
124
128
126
121
161
121
158
134
121
122
113
129
105
149
129
114
111
123
130
162
156
149
112
124
124
108
125
138
135
110
157
123
177
120
119
133
156
122
167
125
117
114
116
122
132
160
133
114
121
114
131
156
111
147
129
120
114
130
163
157
149
117
168
111
115
158
104
105
112
129
151
115
117
139
133
153
175
118
160
165
144
120
112
113
110
115
113
135
145
168
168
130
130
113
122
165
115
166
135
115
119
127
120
129
268
141
115
122
123
170
118
131
114
116
129
109
143
115
115
113
117
126
163
120
129
116
125
121
162
119
121
125
139
115
145
116
124
113
129
119
145
122
117
115
141
118
173
123
124
133
126
122
154
126
124
121
134
116
121
133
148
112
121
140
117
128
151
140
115
154
131
117
117
116
158
145
121
150
114
115
113
126
132
157
140
131
125
149
180
124
115
135
165
163
158
162
117
171
142
105
166
117
132
121
184
124
122
118
168
112
121
132
132
131
125
195
175
126
125
182
127
128
174
136
143
180
127
118
127
122
138
138
158
174
136
120
134
129
125
182
117
135
186
127
130
133
124
141
142
138
139
143
117
146
166
143
171
185
122
182
240
360
166
196
242
150
145
207
194
185
139
147
120
182
194
129
123
173
127
126
139
117
121
141
145
129
148
173
125
124
122
164
122
152
136
178
180
143
125
165
125
122
176
184
140
191
122
127
178
129
129
129
125
126
165
135
125
166
124
145
189
178
129
133
120
164
169
127
129
125
135
179
127
169
194
122
175
125
130
178
247
147
146
161
147
126
129
136
123
152
177
183
123
131
122
137
192
187
134
137
121
182
166
130
194
177
125
180
196
171
162
122
180
126
123
140
172
123
120
132
180
196
132
125
127
150
141
201
175
139
135
169
141
133
172
172
136
98
169
136
174
121
158
124
122
118
183
131
120
218
190
177
120
175
135
123
178
118
145
143
122
159
204
133
125
131
133
109
177
125
177
166
123
133
175
133
200
133
130
203
214
154
129
177
212
201
137
138
151
200
153
134
199
133
183
186
150
138
133
148
189
147
136
127
135
132
200
132
186
204
187
147
148
184
155
205
132
132
279
210
182
127
176
192
284
242
214
177
203
127
131
134
151
138
138
163
128
151
130
126
145
139
140
150
135
137
128
141
138
144
133
128
145
138
131
135
130
131
170
174
174
193
172
204
135
136
124
125
143
141
145
142
147
137
134
168
197
236
331
275
171
156
186
130
146
158
130
199
153
141
129
132
134
140
142
193
133
142
191
193
185
189
138
131
182
141
196
193
174
152
127
136
169
188
191
190
187
131
163
185
227
191
139
180
189
148
189
173
179
187
144
178
138
133
135
131
161
143
151
185
145
128
187
231
184
199
173
192
138
201
194
132
140
202
152
197
141
216
192
148
146
185
127
193
189
134
207
191
208
202
130
136
193
171
139
197
199
210
169
133
219
153
194
191
128
135
183
141
140
204
132
146
199
131
197
193
195
145
129
131
142
141
198
164
169
136
206
151
138
210
197
139
143
172
159
204
190
207
181
147
145
195
145
208
164
199
209
136
131
198
164
207
228
154
198
204
141
138
135
212
141
209
179
189
201
218
181
200
