219
143
226
143
145
140
221
155
178
144
170
209
221
151
219
163
144
204
143
163
168
161
164
274
153
135
148
227
215
147
205
158
199
229
209
144
158
155
166
211
145
195
146
176
214
158
239
146
157
142
216
137
218
159
170
161
148
187
153
146
156
152
156
166
181
150
224
169
174
209
150
153
197
153
153
149
158
166
153
153
164
164
158
164
158
151
164
169
147
173
213
150
164
171
213
165
212
160
222
215
132
203
138
199
166
207
147
132
142
155
135
160
136
141
142
148
232
194
141
144
214
142
143
146
144
150
169
141
143
138
170
158
155
149
157
157
159
180
152
158
154
209
149
151
148
141
151
152
143
159
150
152
151
162
196
145
154
136
210
208
154
168
218
177
209
155
165
225
145
207
141
196
237
143
194
146
163
152
184
148
175
226
143
195
165
169
147
205
159
153
162
137
161
202
143
202
139
142
150
202
222
137
146
191
205
156
141
148
151
148
139
206
165
158
149
149
160
149
145
147
147
163
143
146
148
136
142
202
162
212
144
167
191
157
155
147
213
219
193
193
150
202
144
210
147
138
139
205
216
139
143
204
208
139
143
148
169
167
209
142
207
159
165
179
152
205
141
212
149
200
168
224
144
140
156
211
205
156
140
152
209
146
221
221
197
213
140
139
137
215
145
134
139
142
210
151
137
168
146
176
204
134
144
142
210
145
155
138
140
206
154
190
150
140
157
207
141
142
137
190
220
157
185
141
140
146
149
151
214
140
147
154
201
154
155
165
189
197
138
213
193
194
162
139
143
136
159
213
137
126
150
214
203
144
200
139
146
160
141
144
222
145
166
141
139
135
197
147
156
207
148
164
142
136
137
137
157
163
142
142
150
153
193
147
190
222
139
188
157
135
201
155
143
157
155
136
154
143
141
134
140
135
146
141
151
146
139
149
158
140
198
208
160
145
141
203
167
201
197
144
215
148
144
145
156
139
222
146
191
143
213
204
246
153
162
167
151
143
221
146
159
140
215
150
151
147
154
158
167
138
158
216
156
155
156
153
146
150
151
143
190
162
140
222
142
140
166
144
138
153
179
172
137
143
157
139
152
161
165
148
155
168
144
158
148
146
137
145
197
155
139
144
208
147
166
142
143
163
136
143
136
186
205
147
142
228
142
158
243
209
137
157
148
210
141
157
157
218
202
144
170
140
217
138
161
153
158
231
157
158
163
152
153
172
168
156
149
152
219
172
230
156
170
224
161
157
151
210
215
161
156
153
206
158
170
221
162
175
180
160
162
168
174
170
234
160
179
174
254
227
165
160
175
153
161
192
154
157
222
162
226
191
185
228
155
170
190
150
163
147
157
207
168
188
223
158
160
238
212
151
234
162
220
173
190
171
223
169
182
157
163
155
153
216
149
180
157
163
240
153
149
229
219
168
226
227
253
160
159
154
168
145
152
156
218
318
250
155
152
150
211
143
183
150
154
235
168
165
226
212
161
161
166
170
147
155
154
153
145
159
166
159
165
150
159
158
151
223
232
173
224
158
179
153
223
162
185
239
172
154
149
149
177
231
161
168
152
241
219
150
154
173
218
147
161
154
219
153
218
157
232
166
224
223
229
157
154
251
154
174
166
195
156
158
217
152
170
158
158
165
153
170
157
152
174
160
176
178
175
180
157
167
170
153
162
154
172
157
154
194
165
236
157
180
172
229
154
163
168
167
157
162
163
164
152
168
158
177
242
165
163
154
164
231
158
162
166
165
159
219
161
173
174
237
213
157
153
168
236
161
156
176
226
157
165
164
202
172
170
174
169
149
155
166
169
225
161
162
165
179
168
185
173
172
179
171
175
176
174
173
165
173
162
169
163
157
157
235
217
164
166
171
160
190
175
173
162
170
169
176
159
241
155
219
159
156
217
235
162
165
163
159
160
176
161
163
160
173
160
176
172
167
161
163
158
174
161
161
167
173
207
162
225
173
203
142
145
133
187
161
151
146
186
150
197
143
152
138
142
142
148
217
210
185
157
153
136
139
150
182
156
135
137
195
142
139
150
210
211
205
143
137
194
150
141
157
154
140
158
143
149
141
149
189
139
147
137
153
142
155
143
154
151
155
141
142
201
194
138
125
137
179
157
159
146
1196
161
141
148
141
156
149
198
162
145
137
192
144
148
142
181
217
160
219
279
165
200
140
158
203
203
134
155
139
185
261
161
146
269
232
134
244
197
226
142
179
172
130
133
181
146
134
169
143
183
147
126
145
140
136
141
136
133
141
127
141
139
129
152
138
