220
182
159
198
255
188
148
278
258
153
171
223
160
206
166
180
161
156
223
161
198
218
155
206
210
187
159
228
194
311
165
198
169
169
160
240
211
197
178
200
176
202
158
224
156
181
176
183
183
195
168
212
176
219
157
171
165
243
197
162
214
253
224
184
212
166
186
192
210
174
166
195
228
172
205
164
179
214
199
202
166
163
163
223
167
179
164
235
166
202
171
157
168
183
184
211
171
210
167
162
189
210
218
183
163
209
206
225
193
167
167
173
206
215
224
233
166
215
224
167
204
205
188
218
187
171
164
250
168
240
181
163
166
204
163
207
229
165
175
164
199
177
161
168
217
208
173
210
198
209
186
242
174
183
211
195
176
268
214
181
236
182
204
183
191
296
187
211
220
182
342
221
175
221
257
212
225
172
169
189
209
178
175
217
220
212
218
168
174
200
209
236
201
182
176
201
211
220
163
183
185
204
179
166
213
182
237
174
227
218
178
189
185
173
164
166
181
219
214
293
179
174
176
167
186
187
234
165
211
215
203
188
161
174
215
174
180
249
181
175
196
222
181
198
169
187
180
211
204
192
211
196
200
182
222
174
232
220
178
175
232
186
206
208
172
174
193
175
185
220
173
184
226
203
185
188
165
169
172
167
177
178
170
165
226
192
171
174
198
187
169
166
183
171
168
179
170
169
173
173
178
236
183
167
174
170
219
352
245
186
225
186
161
166
182
217
176
177
163
199
164
167
191
177
188
162
171
190
208
188
187
166
177
187
179
192
175
172
153
168
192
197
182
164
199
159
204
279
163
231
172
191
173
225
177
173
189
182
175
172
188
191
183
186
177
170
179
171
179
187
244
181
176
193
175
179
173
175
176
227
168
203
171
254
194
239
189
191
206
240
190
261
324
208
205
266
205
206
201
202
193
196
209
198
264
187
197
193
252
195
245
195
194
213
289
193
245
191
191
196
264
192
164
195
187
191
287
209
190
191
228
189
196
195
247
188
239
201
244
199
278
201
194
206
245
226
186
181
184
227
186
232
189
239
253
254
248
192
185
250
193
199
191
183
227
263
186
187
187
188
184
198
259
200
185
199
193
198
275
187
194
237
189
257
197
197
196
196
183
191
185
193
188
188
193
189
187
183
212
194
206
192
190
190
186
191
188
203
212
234
194
202
285
316
404
229
192
245
188
176
186
205
252
217
189
169
200
244
225
173
256
188
245
180
239
185
250
189
183
188
234
185
184
182
180
185
198
250
172
182
162
201
157
167
161
190
206
212
243
219
214
190
239
163
158
172
226
171
176
173
173
177
184
238
178
219
176
189
177
188
172
171
167
171
177
212
167
183
248
194
231
166
194
214
188
192
223
177
196
178
186
211
170
226
174
209
207
218
206
189
168
197
172
257
188
175
176
182
181
172
181
169
166
172
201
228
211
177
200
182
207
172
208
177
173
193
180
171
166
210
173
183
183
211
181
219
187
183
242
169
190
173
201
203
257
241
175
168
214
179
233
172
228
184
186
189
233
207
222
177
236
188
167
187
242
185
203
217
180
203
228
238
193
174
207
200
183
219
241
312
157
180
177
223
239
202
183
188
173
171
176
206
191
202
218
193
175
181
221
191
205
232
205
218
168
173
177
175
186
169
166
171
206
177
172
160
238
178
169
173
206
191
175
173
194
195
167
171
170
163
216
189
170
187
176
167
187
192
202
179
214
163
188
180
196
163
179
170
178
164
193
164
183
174
194
172
165
174
210
169
173
160
196
164
200
170
190
174
182
170
206
198
198
174
167
195
174
191
159
184
170
232
161
165
172
174
216
198
165
191
179
187
234
280
243
168
169
189
182
194
174
178
185
176
230
190
173
169
188
168
265
192
185
174
187
200
186
252
206
191
179
172
232
181
177
176
198
275
209
233
207
189
208
213
205
202
202
198
190
185
156
206
242
244
192
190
201
195
203
182
202
189
217
172
201
188
204
185
206
169
184
186
209
192
202
187
190
171
325
184
212
190
205
197
200
216
230
217
231
219
258
218
235
255
206
238
251
233
229
248
223
245
240
212
206
209
238
204
238
340
216
231
225
216
213
223
222
225
227
228
242
218
586
214
213
281
211
222
231
254
199
213
223
219
201
227
239
237
236
236
202
208
235
219
228
210
213
209
208
245
193
224
206
219
216
230
305
210
259
212
207
222
224
215
232
217
211
234
239
232
212
210
246
201
249
210
220
228
272
227
221
243
237
294
198
199
252
227
206
192
216
208
223
183
225
219
272
407
342
223
