198
199
186
321
268
232
238
233
202
214
220
278
213
183
216
213
163
218
178
192
274
240
231
226
209
168
202
168
172
233
206
194
206
163
207
174
196
198
171
182
218
204
206
163
189
198
171
209
201
225
191
222
217
244
208
197
167
228
198
203
207
190
183
184
244
185
178
209
195
227
217
169
212
208
227
246
293
234
295
219
166
210
175
235
192
181
176
189
175
200
230
228
322
196
219
215
209
214
201
218
226
188
192
228
175
214
216
165
222
187
172
214
185
224
225
171
197
173
235
228
187
229
215
167
254
172
218
219
181
236
171
181
233
219
230
189
238
163
224
178
173
192
188
171
174
232
182
208
184
175
170
242
411
245
234
190
200
157
220
184
216
202
221
171
218
173
190
227
171
215
231
225
177
169
181
183
212
223
207
189
182
207
374
226
204
169
186
202
201
241
170
180
217
199
201
219
222
204
170
179
177
228
209
216
202
227
238
207
177
222
216
205
256
199
183
183
227
254
167
213
182
211
201
209
218
232
180
212
199
187
209
206
172
177
221
324
247
169
165
190
237
219
232
174
172
201
184
226
161
173
190
204
234
220
195
182
220
184
180
177
192
198
208
208
260
252
203
234
239
153
193
211
322
176
194
197
263
237
291
300
325
366
375
451
432
352
347
392
227
362
269
236
169
199
198
195
174
168
207
195
235
184
227
224
229
172
195
237
200
208
210
187
200
171
200
225
183
236
198
215
215
214
277
221
236
197
198
217
221
223
185
186
252
219
219
202
177
161
199
188
185
225
230
194
216
219
336
201
173
241
218
233
221
193
223
191
259
200
226
215
208
209
159
152
166
173
165
224
186
171
222
225
202
196
199
193
290
213
225
160
188
222
222
193
175
185
202
224
222
209
201
191
210
237
177
214
214
182
229
195
190
223
185
214
212
215
220
183
161
187
178
214
190
223
170
177
215
296
232
174
196
190
179
177
188
170
230
166
218
295
255
294
286
227
223
252
256
363
320
301
384
414
305
448
247
297
263
254
290
265
362
465
290
256
222
222
246
194
226
211
208
200
174
230
229
292
255
362
431
431
435
384
330
272
221
208
227
227
199
208
229
217
195
200
207
211
207
206
181
182
220
227
211
217
208
216
202
177
183
195
266
183
201
210
193
199
229
199
207
259
229
218
221
174
213
234
177
213
240
222
203
197
204
246
229
320
199
202
242
202
203
273
353
343
334
270
223
253
174
227
200
229
196
196
168
227
207
235
196
204
190
217
245
243
219
191
193
220
234
200
218
205
220
219
206
200
197
231
206
367
178
229
184
228
209
206
203
191
220
199
205
213
234
193
265
258
295
343
422
339
379
188
206
228
203
204
191
167
194
236
213
189
237
202
195
221
210
218
236
177
186
204
216
200
277
302
402
336
347
243
231
219
201
222
193
276
230
186
227
208
309
212
197
184
219
206
214
183
174
200
206
195
204
191
201
224
243
273
288
304
284
210
294
274
253
243
246
255
212
208
240
303
323
513
452
304
333
386
244
221
199
234
211
229
213
216
220
219
170
204
232
204
228
224
231
227
287
232
209
193
200
251
188
271
236
250
207
397
214
228
207
173
208
191
344
164
247
219
206
213
231
201
213
211
229
211
214
221
234
200
190
221
203
221
184
203
193
232
219
199
190
221
193
192
335
232
243
183
214
223
204
218
189
194
227
196
297
244
179
290
195
218
185
204
197
195
190
235
219
195
221
199
222
188
251
188
223
229
209
215
227
199
330
230
217
205
209
196
210
192
225
248
204
243
204
205
232
246
218
196
209
206
206
223
240
227
194
191
177
182
215
206
210
219
217
224
222
215
212
198
208
234
197
206
177
214
191
199
192
192
194
239
208
187
203
240
193
213
228
180
192
229
232
216
190
168
216
218
220
210
210
190
205
243
236
220
225
183
263
222
199
233
192
203
210
211
258
190
201
215
199
212
171
197
242
217
212
209
219
222
205
240
325
249
210
170
186
233
178
183
169
183
195
210
205
182
279
189
224
212
197
224
199
218
173
196
202
223
209
187
199
221
210
238
222
194
213
179
217
193
198
211
168
265
180
166
214
201
206
233
208
173
247
200
219
203
162
221
177
181
238
206
242
229
241
284
252
263
176
190
213
195
172
167
185
194
183
249
207
210
175
216
182
215
208
188
215
236
220
232
210
204
207
200
163
186
205
212
174
189
171
187
195
195
203
230
220
164
195
206
213
212
204
223
214
260
252
173
184
200
187
257
321
325
316
347
305
300
284
239
