196
216
202
209
231
224
201
207
213
227
217
207
256
203
206
179
202
196
226
221
236
201
168
198
243
180
204
218
247
202
214
220
228
207
245
207
226
210
212
200
213
228
199
201
243
196
258
229
208
227
218
232
206
246
211
179
215
177
210
216
211
209
220
215
208
243
198
214
207
214
240
215
214
212
192
221
203
271
224
215
216
215
218
211
213
221
246
210
216
206
227
212
262
224
209
204
244
229
217
188
216
198
225
208
237
222
224
229
206
227
224
219
268
206
210
217
215
226
220
207
220
216
200
254
203
199
207
218
223
217
244
223
215
229
223
211
254
215
241
215
224
213
237
227
239
216
251
228
213
198
228
222
222
197
218
198
223
227
228
211
225
237
402
191
225
212
222
198
214
186
204
201
208
215
236
215
199
216
249
253
239
216
212
203
205
213
201
222
208
219
208
226
203
195
248
244
213
222
231
246
303
249
230
233
219
199
215
221
238
239
209
226
268
255
219
256
224
189
248
478
221
201
223
224
213
247
230
328
217
214
249
231
224
216
227
232
244
268
254
267
234
234
252
262
315
217
241
313
336
375
325
272
355
261
220
240
215
221
213
266
250
228
249
221
215
224
224
221
244
248
303
447
446
254
444
216
214
230
217
272
284
244
304
241
256
294
262
333
225
230
224
244
192
231
235
216
221
210
209
225
212
204
240
212
214
246
224
223
215
191
211
200
231
202
234
216
202
232
231
210
247
227
213
224
212
205
233
238
201
210
208
242
214
222
206
219
221
240
208
246
227
213
374
232
246
227
207
254
224
251
256
382
313
274
360
240
236
227
219
242
209
236
226
226
215
254
247
378
280
240
211
304
332
288
510
286
182
179
173
166
163
167
193
183
212
217
173
207
159
206
167
174
166
197
159
157
189
158
404
156
212
175
165
177
164
186
222
193
191
245
363
205
263
352
501
325
234
191
187
177
162
168
164
168
214
200
211
216
181
171
176
213
240
224
169
165
161
200
211
203
193
188
166
170
170
169
171
334
178
166
165
167
163
213
204
188
206
202
163
192
204
245
167
231
200
174
218
191
170
172
206
178
196
154
185
160
161
222
163
165
202
176
178
219
167
171
172
178
179
171
181
177
223
169
233
170
166
172
224
178
167
180
164
165
178
190
171
220
169
156
177
173
160
176
214
175
171
194
189
170
691
275
246
168
224
159
187
208
179
169
159
181
163
231
166
233
243
206
229
169
177
176
176
174
195
193
205
171
167
250
161
174
216
176
183
180
246
191
167
232
216
175
168
176
178
209
177
179
224
179
165
177
197
172
173
221
172
162
197
173
174
191
176
171
226
165
177
166
157
207
198
206
172
159
167
157
268
207
168
164
169
196
192
190
172
158
181
175
197
192
195
156
221
163
178
156
156
224
202
163
168
169
168
160
171
221
214
164
202
166
172
237
234
213
1181
234
235
234
209
235
205
183
225
228
225
252
236
208
220
203
228
212
218
252
182
253
188
208
240
213
195
242
190
194
232
231
237
191
201
170
215
230
204
206
214
218
213
216
197
234
217
219
228
211
250
202
211
228
225
238
201
243
188
233
224
191
224
240
209
228
220
206
205
235
224
215
224
224
245
268
236
277
292
224
239
200
246
224
221
206
245
203
212
233
223
221
219
242
198
205
235
206
212
251
283
238
260
289
215
196
224
215
214
200
228
207
220
205
192
244
186
256
212
217
206
202
219
241
262
242
200
227
242
218
221
234
215
226
202
232
220
203
198
216
212
247
219
193
200
208
241
236
186
223
222
243
176
199
222
208
260
212
216
209
225
211
194
190
211
198
232
209
197
221
228
203
211
216
196
222
230
221
186
197
239
206
189
222
244
207
237
221
194
211
236
232
219
203
212
180
204
239
211
222
210
180
235
235
186
191
213
178
254
225
188
220
220
202
221
244
208
243
198
200
238
215
225
217
190
226
212
238
231
227
211
214
222
220
252
220
191
238
195
209
233
192
205
216
213
197
231
217
214
223
200
238
210
207
232
236
246
212
210
212
214
216
241
207
196
207
220
207
231
170
150
160
168
222
158
171
180
171
223
170
149
175
153
197
222
162
181
168
165
172
161
210
176
168
204
211
183
193
189
169
162
156
189
212
227
173
200
155
195
197
153
179
146
243
159
181
157
199
201
172
216
168
165
163
153
186
169
220
169
178
166
174
218
162
167
204
170
208
232
197
167
153
166
219
194
215
181
183
185
182
159
161
179
214
170
222
206
234
211
169
158
187
221
212
178
168
