201
216
282
215
186
210
260
184
214
190
218
177
234
194
198
202
229
196
200
207
203
255
207
198
207
219
187
166
211
238
188
193
202
189
170
178
256
254
176
190
278
160
186
207
204
171
190
194
178
182
178
244
158
207
204
222
171
260
191
197
199
236
215
210
221
254
223
248
225
250
194
241
301
203
283
280
237
213
238
327
245
289
211
223
224
213
190
210
218
224
217
228
210
223
222
192
239
248
245
208
206
223
219
204
252
212
218
239
211
201
208
210
224
232
207
228
211
244
238
243
241
247
236
248
189
217
248
255
206
211
379
229
238
259
219
338
223
226
264
264
231
214
199
228
358
218
235
251
363
246
282
257
215
240
295
213
256
230
232
271
226
214
216
197
214
232
212
246
255
296
252
353
211
225
214
209
224
206
204
221
208
206
285
223
226
296
239
244
233
235
229
226
239
238
227
227
314
248
225
241
287
244
218
233
231
337
235
219
235
371
262
234
246
419
241
362
250
248
326
240
288
243
253
338
307
225
238
238
282
233
269
233
222
258
246
311
250
336
233
328
234
240
254
245
303
239
242
237
242
319
246
256
247
433
278
331
249
240
240
314
284
291
223
221
433
242
645
237
287
311
245
298
237
321
219
236
235
237
468
231
331
254
231
261
241
239
242
448
280
276
249
276
250
250
231
297
311
237
260
321
454
219
257
253
240
271
246
239
248
319
239
265
240
239
246
299
232
218
275
232
231
221
252
244
241
226
234
213
244
223
227
232
277
230
231
239
265
293
257
221
234
211
213
275
223
240
223
224
209
195
213
263
207
212
210
204
215
240
253
208
205
211
283
207
187
205
198
214
195
297
227
212
212
236
207
204
298
182
201
216
236
201
206
221
205
210
208
203
206
246
204
217
216
301
198
247
197
207
212
226
184
218
202
190
194
214
236
197
197
203
219
247
201
191
202
228
234
212
193
207
198
219
187
217
276
210
208
303
199
214
205
262
204
197
254
264
205
201
208
244
214
205
213
176
206
238
206
205
186
272
208
199
200
177
256
202
181
252
237
210
209
253
254
200
259
192
203
205
254
290
203
203
213
235
205
198
214
213
197
195
209
200
251
200
203
182
277
233
199
196
198
184
199
183
212
206
204
204
192
234
206
207
219
191
180
193
213
206
196
182
195
231
200
191
208
193
189
209
180
185
185
194
180
196
184
195
200
201
207
200
194
201
199
212
197
270
211
226
202
212
181
203
209
188
193
206
195
194
210
196
198
196
174
195
196
194
197
253
182
179
196
214
183
238
232
246
188
192
195
221
190
197
186
358
203
202
188
178
209
188
194
192
193
192
182
195
218
229
219
182
183
223
193
203
198
256
219
194
191
323
179
246
190
192
195
175
198
184
182
224
185
232
199
237
273
258
187
172
241
231
193
182
195
208
241
198
258
380
285
218
204
238
250
244
232
210
210
204
226
206
296
248
208
206
237
245
185
213
184
221
180
171
264
172
292
174
190
183
200
167
216
183
186
243
190
180
163
196
276
233
166
199
201
174
209
192
193
211
168
199
164
166
164
207
160
167
171
216
200
163
185
159
162
163
166
220
161
171
165
171
166
229
187
186
178
152
191
166
165
170
166
213
167
166
191
157
161
163
167
169
167
170
194
594
174
185
201
160
247
164
165
238
229
165
218
240
178
184
217
176
170
178
175
166
177
208
169
173
227
224
169
177
173
226
160
198
172
204
202
175
189
173
163
196
178
170
163
232
161
169
166
201
173
161
208
166
161
169
178
171
172
211
159
179
179
229
177
196
209
205
195
199
198
193
198
210
195
245
190
180
289
248
209
193
201
269
258
205
268
279
184
192
183
242
218
299
204
213
261
249
187
258
180
253
188
219
187
274
184
190
199
186
217
181
244
181
192
188
196
189
211
258
234
198
301
199
200
212
220
210
209
202
208
216
243
227
230
353
192
221
230
227
212
210
226
234
214
218
231
228
316
211
200
264
207
231
216
211
224
218
280
234
248
213
224
323
271
210
283
216
205
296
206
269
236
188
213
257
219
253
237
273
270
201
215
229
271
199
281
218
233
302
197
208
400
197
292
225
225
269
201
221
228
303
215
232
237
214
216
242
270
217
347
230
225
216
216
219
256
301
586
221
237
310
282
202
242
230
259
205
228
2034
230
222
232
231
205
208
211
247
218
201
223
335
207
263
203
245
205
225
233
209
222
208
238
215
243
242
224
223
288
216
241
222
240
219
221
260
216
219
210
211
220
222
211
207
210
218
190
209
