150
150
129
148
127
132
139
112
121
127
151
139
138
165
126
159
109
142
171
127
134
131
165
169
171
140
175
159
135
128
192
156
149
192
171
198
178
148
135
180
158
145
192
158
162
131
174
201
185
167
145
166
139
187
206
146
162
187
184
188
140
200
123
181
149
220
172
146
162
134
169
167
117
137
198
142
170
186
156
196
162
228
201
184
165
186
117
157
108
158
124
152
130
238
126
142
140
132
148
116
143
145
145
154
141
146
152
145
135
137
703
139
115
138
106
141
131
142
133
150
117
109
122
155
134
141
141
147
147
134
164
118
93
138
132
136
139
132
148
141
136
143
692
115
128
131
138
122
116
125
137
106
123
144
140
112
131
144
129
141
147
134
135
110
132
151
131
129
125
143
111
119
342
157
146
152
124
107
150
110
142
126
105
171
143
114
148
135
131
135
157
139
145
126
147
123
135
122
128
120
143
140
129
148
133
123
192
136
114
145
127
142
140
136
136
125
145
131
146
133
151
135
119
118
120
121
172
131
143
135
128
149
122
146
123
130
140
130
137
136
128
151
128
132
142
132
154
128
140
134
126
131
128
154
117
132
131
121
123
124
155
133
124
145
139
148
144
125
149
125
143
142
161
178
115
134
161
145
102
140
122
129
155
101
138
121
136
130
131
133
121
141
131
133
130
140
129
117
124
143
107
113
115
144
130
153
123
130
133
132
120
129
151
147
132
145
131
120
109
5471
131
105
138
108
141
122
120
114
138
142
132
139
143
145
187
158
180
204
125
142
131
118
143
133
141
118
132
156
134
129
133
137
109
102
129
130
129
139
126
154
128
133
143
134
121
263
127
126
137
120
147
132
139
136
120
159
142
126
173
134
151
170
155
167
158
131
158
138
121
137
113
145
139
132
130
129
132
128
132
144
137
157
153
160
128
341
145
115
137
162
128
156
145
128
129
144
118
151
135
129
137
133
132
148
116
127
146
122
145
133
133
139
131
117
129
149
137
165
151
150
133
139
123
129
142
116
140
133
131
133
136
149
145
141
145
122
118
130
136
159
129
150
146
154
151
130
145
176
150
144
135
145
175
168
114
156
143
148
141
156
146
141
160
164
177
173
179
181
155
198
213
182
186
181
166
147
188
200
169
161
177
127
117
160
115
128
134
127
127
151
141
138
144
143
182
155
141
130
117
156
130
136
122
123
118
103
152
142
129
128
123
118
125
137
121
121
143
132
163
142
122
130
123
117
117
145
133
136
129
123
119
122
122
101
132
146
141
144
118
146
130
147
142
129
123
139
131
124
144
119
129
126
121
155
122
140
159
127
124
142
135
147
130
135
122
132
138
127
135
145
130
136
111
138
119
117
135
124
121
114
134
122
121
144
126
151
121
123
132
140
136
132
114
155
148
165
124
118
131
146
122
135
131
154
135
131
129
137
140
137
134
137
132
144
123
121
138
139
141
137
156
132
123
138
135
137
169
133
124
126
146
134
149
140
137
134
125
121
123
150
116
130
158
126
139
127
130
153
148
134
121
151
129
147
121
128
145
118
126
139
154
124
126
128
158
137
149
139
126
131
133
117
163
128
136
149
153
144
205
130
127
149
117
175
127
123
136
131
137
135
153
124
137
133
165
135
142
140
222
280
126
139
123
126
134
128
140
131
138
134
142
138
144
133
128
138
159
149
124
141
132
138
141
121
134
121
149
145
130
118
158
129
119
122
130
135
150
147
123
138
142
132
143
125
115
137
167
156
131
136
161
129
145
109
126
124
152
113
137
137
119
111
149
118
120
140
121
155
140
130
152
130
152
131
138
134
106
137
129
141
133
129
142
143
2389
194
112
112
125
142
131
119
158
138
117
153
156
114
137
135
133
147
118
124
124
160
131
108
131
139
146
126
158
123
143
122
152
136
121
130
142
152
137
159
136
165
125
126
124
126
121
133
113
141
150
121
141
133
131
140
132
149
143
157
132
176
149
112
129
146
108
148
138
146
162
134
119
118
156
111
137
135
122
128
121
123
113
113
139
117
135
133
137
145
157
133
155
140
140
123
128
152
134
150
133
139
152
126
118
127
173
128
126
145
134
128
149
145
145
191
139
168
144
134
149
144
159
105
149
183
183
143
147
152
156
124
155
123
141
117
132
139
158
130
149
138
101
137
150
145
177
158
150
151
169
157
150
106
151
124
149
134
130
152
140
135
128
120
134
157
169
126
143
140
127
157
137
125
180
156
160
134
138
127
141
161
147
139
155
181
142
131
134
137
133
143
120
121
132
143
