241
226
214
191
208
207
245
256
250
255
210
233
279
227
215
192
197
238
224
275
256
258
278
226
212
243
217
224
236
207
259
214
192
204
219
211
244
214
234
210
193
211
234
289
216
213
264
237
207
254
206
215
239
258
224
228
234
203
261
223
225
226
265
227
212
251
239
220
222
205
228
233
251
227
228
226
221
202
214
243
221
226
207
233
214
218
251
236
222
246
218
209
224
208
227
266
220
239
266
256
230
253
267
241
243
270
235
240
253
249
248
258
359
252
253
235
231
210
226
207
200
216
221
189
210
243
272
212
238
250
195
191
207
204
244
178
206
216
190
217
235
196
184
204
350
295
184
204
187
250
189
220
182
182
208
196
206
180
244
203
206
194
238
169
229
176
244
186
187
229
224
313
229
187
199
213
186
175
220
219
180
223
190
180
202
176
190
172
205
235
182
233
183
179
202
185
200
202
274
183
180
173
185
179
206
187
184
224
210
199
179
199
184
199
206
298
199
171
215
177
225
197
173
193
182
183
184
185
236
195
201
255
200
226
180
226
195
203
231
200
183
196
178
173
213
182
206
198
204
235
211
195
193
196
221
207
200
199
207
226
223
209
204
204
202
191
212
215
187
197
173
208
170
188
226
204
200
205
205
181
227
203
212
201
183
216
166
188
180
197
216
210
180
190
201
179
203
201
217
215
222
188
206
188
209
201
217
180
186
198
212
214
189
174
258
207
192
224
265
194
188
200
248
209
185
206
192
209
188
198
210
204
184
206
185
206
172
206
185
182
201
237
210
213
204
242
204
205
235
239
209
189
199
232
205
190
175
226
196
205
203
188
192
166
248
224
206
204
230
197
193
196
187
166
169
195
202
188
193
190
182
193
188
178
188
228
264
194
187
266
185
195
207
189
240
219
199
203
248
220
205
194
222
186
204
192
195
224
194
191
198
198
214
213
187
195
243
235
192
205
211
239
206
190
251
202
192
229
200
203
170
186
193
209
192
585
190
213
183
196
211
215
182
189
259
180
200
183
228
234
223
215
244
200
196
217
216
200
250
220
214
202
199
201
199
191
186
206
186
252
193
216
189
195
238
196
205
236
190
220
211
175
261
182
193
222
227
212
197
240
224
193
206
232
230
197
206
191
236
187
256
246
188
195
179
195
159
205
249
227
214
251
202
195
204
211
253
194
221
198
231
197
204
194
221
221
210
215
236
195
197
207
209
252
205
208
212
196
197
209
213
204
214
232
215
203
247
189
218
198
209
331
194
266
211
210
178
207
236
205
189
213
211
203
207
250
201
226
220
195
199
210
219
213
197
217
218
199
211
251
238
207
204
198
191
235
198
213
240
214
189
203
200
220
211
210
209
211
206
222
208
213
193
215
215
274
227
182
244
200
221
232
205
216
214
181
234
199
194
202
190
180
209
211
202
287
207
207
183
250
239
280
191
244
203
248
207
210
310
210
234
192
214
212
222
289
193
177
191
253
173
184
201
196
239
200
244
243
192
177
180
278
241
206
178
243
192
190
169
202
210
193
176
203
206
229
261
180
173
197
276
172
181
217
198
253
213
235
252
191
172
201
198
224
188
199
184
184
259
186
201
171
199
291
188
190
251
183
191
172
200
202
195
190
197
194
200
185
191
252
184
190
254
276
188
183
189
183
193
182
176
190
173
179
175
201
179
193
231
185
190
196
199
255
262
209
186
179
242
174
175
184
184
267
194
208
179
177
234
214
175
206
193
174
202
213
268
187
187
221
233
207
176
188
187
192
209
212
206
208
202
275
168
202
212
208
182
244
191
217
206
196
197
186
207
180
301
198
212
200
183
185
272
181
194
198
196
193
201
184
191
194
236
216
183
206
182
218
186
188
193
230
191
194
183
193
205
187
192
195
235
247
216
184
182
238
201
224
200
210
236
238
173
211
185
185
182
175
190
304
201
266
182
201
203
187
211
190
185
187
187
190
230
208
186
194
188
251
205
239
189
173
182
170
197
178
174
199
219
188
190
357
178
192
193
197
236
182
203
179
183
259
196
184
316
270
176
185
194
235
215
242
267
376
181
198
183
192
266
186
189
227
301
205
192
203
211
238
301
241
211
213
217
212
197
197
214
201
211
212
247
229
221
184
200
227
204
203
200
213
197
198
194
210
202
221
203
190
234
194
201
202
214
249
202
203
230
197
207
216
245
236
236
206
178
236
215
244
233
197
198
207
193
202
186
218
191
197
220
205
222
206
205
192
196
237
204
214
202
196
225
212
214
247
243
228
215
206
202
240
