207
244
183
192
220
186
196
246
180
186
228
198
218
178
189
180
189
185
187
201
191
197
185
188
193
230
200
187
204
242
193
177
208
230
179
228
195
211
204
202
256
282
233
292
248
182
251
196
186
247
238
180
181
208
182
187
277
223
302
247
179
191
202
213
226
178
203
193
190
186
204
188
194
192
184
190
191
189
211
186
222
189
254
196
188
183
254
198
203
188
196
231
200
197
323
337
200
219
233
225
263
216
204
207
320
206
200
232
235
293
362
242
355
203
216
218
278
244
232
246
250
240
218
270
412
230
195
218
261
757
226
282
261
247
297
434
253
258
324
253
308
269
265
273
262
278
397
281
341
252
266
259
247
220
262
538
276
344
431
302
235
782
212
260
240
256
235
241
228
236
262
276
218
255
220
232
312
219
267
243
203
235
287
222
215
227
222
266
232
216
211
232
210
225
228
253
308
236
230
294
325
238
231
242
271
271
282
253
221
347
257
285
234
297
257
243
243
220
236
328
279
284
213
236
217
211
247
217
212
218
217
250
224
256
236
252
210
215
384
259
259
354
275
227
235
219
247
220
213
280
240
230
203
209
361
298
418
239
213
230
216
189
257
232
230
241
219
179
219
185
239
202
214
192
195
194
187
183
179
207
230
183
195
185
202
241
238
178
182
200
179
454
615
201
190
190
532
191
187
212
352
168
184
191
221
269
198
233
209
238
282
200
175
220
195
227
245
222
200
329
197
197
290
198
204
202
233
252
200
210
197
199
208
198
291
203
197
367
215
193
213
256
202
253
297
209
226
185
239
186
222
213
213
195
250
271
183
218
223
219
218
199
200
218
196
173
188
198
224
359
167
194
231
188
185
189
220
166
183
185
210
186
213
214
170
175
178
241
227
199
206
186
199
186
784
196
204
189
214
178
221
166
309
188
174
176
178
178
187
188
159
226
179
189
193
231
223
179
184
241
180
185
190
175
184
212
181
203
188
188
181
189
190
182
179
242
180
182
177
184
178
173
179
181
190
180
183
283
290
167
196
187
184
181
185
190
186
223
188
178
190
190
189
189
182
184
183
188
180
205
194
182
188
197
194
225
194
186
189
197
184
190
188
262
180
191
189
213
173
185
193
192
191
191
192
190
208
190
197
269
200
186
183
189
175
184
186
194
192
208
185
189
190
194
229
198
238
262
197
261
190
222
186
192
193
185
233
183
208
318
251
233
173
193
184
214
182
167
183
176
222
177
181
184
222
175
189
184
230
179
184
183
181
186
175
185
232
188
209
192
263
191
264
187
291
214
214
221
220
226
243
228
218
214
254
208
198
202
216
202
201
209
232
245
223
207
240
232
214
222
213
206
218
255
225
216
244
286
207
257
235
247
206
224
209
270
232
228
202
212
235
233
331
228
198
203
247
215
221
276
213
204
197
420
222
238
209
221
205
208
202
433
201
197
226
212
232
206
227
204
253
236
345
410
468
302
361
259
249
224
241
301
254
247
275
235
241
237
222
227
240
230
240
241
210
210
238
256
254
220
218
207
227
219
209
214
200
231
245
213
232
216
214
203
202
201
209
203
220
229
224
197
221
197
210
190
195
215
190
207
244
189
206
222
244
214
206
196
217
198
213
186
195
211
190
189
185
233
177
180
199
241
273
190
191
192
195
241
183
203
193
281
194
183
188
217
193
202
224
237
196
211
183
182
192
190
191
184
186
188
179
195
219
178
223
183
225
176
175
184
228
176
199
210
217
229
213
182
183
183
226
189
184
222
192
183
212
245
237
188
194
194
200
187
178
182
228
181
202
190
253
180
178
197
188
203
198
192
207
188
199
201
190
190
212
167
239
196
246
182
219
179
209
177
188
179
240
182
178
190
200
223
176
219
181
186
187
208
173
222
175
185
181
181
235
185
199
227
232
224
181
178
182
221
172
188
162
192
197
185
185
188
190
178
194
185
182
176
210
193
183
191
179
183
188
185
187
200
183
178
190
184
188
185
179
182
205
206
208
199
247
196
245
198
181
217
243
200
174
188
204
203
187
210
185
320
202
192
209
197
198
248
179
209
201
232
205
241
183
255
207
209
235
250
230
212
187
199
207
196
199
179
203
223
202
187
237
202
194
184
188
184
275
200
208
205
190
190
183
202
208
234
195
214
201
217
198
197
194
244
207
191
194
225
180
248
198
188
200
190
199
193
199
188
188
193
203
207
202
198
185
199
225
202
204
201
235
190
230
198
202
217
212
211
200
192
210
203
197
215
198
203
203
205
195
205
198
203
189
195
