75
111
120
73
87
134
167
164
151
77
97
110
89
142
131
121
74
75
149
128
94
156
137
86
71
114
113
69
143
120
52
50
41
103
78
59
55
66
66
49
77
66
72
60
45
46
67
105
76
79
63
61
58
63
52
48
56
55
73
53
64
63
42
71
67
59
42
87
41
71
69
85
80
65
66
77
61
67
60
91
42
41
38
41
110
90
78
67
79
58
69
49
50
50
36
58
73
79
70
77
82
78
74
70
64
85
42
58
49
68
71
63
83
72
91
50
67
86
50
82
77
76
49
43
77
92
82
88
105
43
76
90
42
46
78
75
64
71
53
74
78
39
70
76
72
77
41
68
50
34
46
99
60
45
71
79
75
65
72
50
61
41
69
356
80
74
65
65
68
75
67
50
82
53
73
86
54
104
48
117
107
44
44
72
40
90
83
38
39
86
81
82
78
72
34
80
81
70
60
71
65
40
41
74
71
75
43
67
70
41
40
89
88
61
51
53
91
74
50
77
56
89
106
56
65
128
53
54
92
86
70
65
43
68
86
88
42
42
80
68
53
57
96
85
63
59
85
80
53
77
50
72
45
69
68
65
70
74
46
82
76
51
69
68
67
67
63
71
69
86
77
107
51
92
95
130
41
80
85
72
76
59
303
72
74
77
46
41
75
39
91
89
33
70
79
39
65
44
42
65
84
40
61
80
81
78
40
41
91
88
40
44
86
39
72
39
42
53
78
70
50
64
93
50
49
43
52
73
82
74
69
84
52
70
78
53
70
53
74
87
54
93
86
44
67
58
85
56
77
75
76
79
71
73
50
56
87
46
40
80
85
79
61
79
82
40
39
69
71
72
66
46
63
64
67
60
61
68
72
107
73
66
34
74
61
66
73
48
64
66
43
75
60
74
42
53
85
78
73
52
50
70
52
50
73
51
51
50
41
64
86
77
42
76
47
73
88
58
50
89
74
84
74
79
78
42
43
385
71
80
70
68
79
50
64
66
65
78
42
45
43
96
44
34
42
86
69
50
53
59
71
83
46
74
50
82
88
67
65
52
50
48
42
70
69
42
49
68
42
77
42
70
80
78
88
74
77
50
69
53
51
67
60
62
75
66
66
67
71
70
50
70
42
61
69
50
84
49
87
96
71
62
68
52
70
55
53
104
89
99
103
71
49
53
53
82
82
49
64
68
74
79
55
99
44
35
40
35
75
40
86
95
42
72
42
50
50
90
57
106
52
48
61
41
63
65
79
48
70
76
68
42
72
45
43
77
96
71
80
61
76
76
68
53
76
59
69
41
49
62
66
58
72
53
72
66
50
78
74
41
69
69
61
73
57
61
72
71
61
54
48
87
43
50
70
67
76
63
58
84
50
64
43
42
62
76
64
43
104
84
43
42
70
60
42
65
77
80
57
71
72
65
56
63
49
42
70
42
66
80
59
71
50
76
72
66
51
93
49
64
72
49
71
70
42
72
73
42
70
41
46
44
67
65
63
59
65
53
66
34
94
40
28
42
44
68
79
69
70
61
68
65
74
61
65
43
49
43
73
79
66
63
73
85
44
43
61
59
81
42
62
77
77
68
63
100
49
69
40
40
42
63
39
79
63
76
68
64
61
66
59
64
78
66
68
60
46
93
40
80
64
60
55
66
64
73
82
40
43
76
39
39
76
71
74
74
44
80
77
85
69
53
82
81
41
80
97
80
75
78
82
74
34
42
72
69
42
74
86
83
71
76
95
67
49
57
49
49
87
40
90
40
40
89
90
70
84
91
82
50
79
70
67
69
42
93
40
38
40
75
76
39
87
40
82
82
38
86
76
42
43
94
69
85
42
71
73
80
50
63
51
85
80
86
52
96
81
89
55
97
68
50
148
145
74
52
72
64
71
71
67
42
83
55
85
78
58
58
101
96
97
57
77
53
93
93
54
50
109
82
108
101
56
67
121
57
65
95
109
110
100
54
60
56
55
101
48
82
69
99
49
47
69
61
49
51
68
43
80
70
68
70
42
86
45
44
53
62
73
64
65
60
53
81
81
76
81
80
50
117
56
120
158
105
106
90
80
86
39
88
76
70
92
76
68
67
78
77
95
70
97
76
71
39
40
81
87
72
67
56
55
57
40
32
64
81
41
99
62
61
47
47
69
85
88
42
40
75
91
42
88
69
74
48
72
74
46
96
80
42
84
83
38
67
86
76
62
71
89
39
83
38
40
75
84
32
82
75
65
69
77
64
46
75
37
40
90
73
75
82
75
92
95
46
74
83
74
46
38
79
