185
148
174
161
162
152
155
152
158
177
161
154
229
231
163
168
167
245
170
175
163
237
168
164
162
158
150
152
152
160
158
155
153
172
167
216
163
213
173
150
184
169
230
161
157
164
153
174
166
153
169
156
153
161
167
167
156
184
169
207
155
144
149
179
149
179
158
144
278
161
187
298
234
228
221
223
463
148
156
149
164
176
224
153
149
164
195
169
172
167
164
162
157
153
156
157
175
152
172
148
189
184
166
155
155
169
155
165
150
211
159
161
151
238
157
220
159
151
155
163
212
158
161
156
213
174
156
156
158
228
239
193
170
183
275
228
169
157
183
224
145
232
151
155
154
153
152
167
152
163
162
157
169
167
183
181
158
440
175
173
160
164
169
377
170
171
171
163
162
178
165
160
236
160
160
161
174
160
194
162
191
164
160
148
163
200
180
250
164
169
177
213
162
178
169
174
166
178
167
168
163
211
164
224
163
190
227
219
163
164
204
176
215
158
257
161
211
158
164
163
223
159
159
167
159
164
169
182
175
157
165
226
176
172
147
205
218
156
182
237
234
142
172
157
163
159
171
173
204
182
183
201
140
206
158
155
159
196
232
185
212
210
155
156
186
191
150
144
162
216
220
142
154
153
160
164
280
150
195
152
184
263
154
183
160
163
154
157
156
170
170
187
160
177
186
159
235
222
163
180
217
159
163
154
220
154
161
162
191
158
161
156
204
159
164
172
153
158
152
148
155
185
154
153
170
158
166
160
170
166
155
160
158
147
155
195
135
137
133
144
161
153
209
210
127
159
239
196
139
167
137
185
154
200
131
147
148
141
206
139
206
133
189
142
203
141
188
131
142
154
177
170
151
295
133
159
229
125
197
230
175
148
144
166
127
132
131
185
132
127
135
193
143
144
147
128
147
133
141
128
142
131
134
125
183
145
148
184
138
131
138
187
131
196
148
131
130
201
166
237
201
206
130
138
136
190
150
142
135
136
139
192
136
196
140
187
136
140
138
210
132
143
138
125
136
132
135
140
141
147
142
131
136
136
159
140
249
176
136
124
137
254
146
157
130
132
129
155
130
133
133
133
130
135
207
143
175
191
138
131
141
138
136
147
130
131
161
133
169
195
145
130
139
149
157
140
134
171
208
145
265
136
153
133
147
133
151
157
174
155
175
137
143
135
149
135
139
130
137
138
158
161
135
142
153
139
142
147
153
134
134
170
141
176
227
159
134
133
132
137
139
218
131
145
144
141
181
149
151
206
149
133
149
192
135
146
138
192
137
139
151
185
214
137
141
164
136
149
149
153
136
138
150
136
221
157
230
161
156
149
192
166
217
197
141
233
244
155
236
145
153
231
155
134
220
218
128
133
136
133
128
147
144
204
130
135
132
140
212
147
203
148
201
133
212
132
134
137
121
196
140
145
146
204
132
168
143
191
151
135
131
148
136
152
193
143
214
279
182
279
138
140
149
146
190
135
244
157
128
163
285
186
188
152
145
140
132
148
150
166
169
170
225
210
200
186
162
169
151
223
178
292
251
134
230
232
168
146
150
161
152
167
181
153
169
200
204
147
233
225
162
149
170
162
184
148
231
184
168
208
178
240
148
170
161
235
146
159
180
162
160
155
247
227
151
155
193
162
177
155
174
159
153
158
171
153
258
172
169
170
171
220
151
244
176
240
172
158
149
153
149
199
146
190
163
216
148
155
154
158
157
177
198
179
170
164
148
193
155
145
159
156
167
168
157
166
151
237
157
171
158
209
151
181
207
156
183
151
166
172
149
159
145
167
179
186
245
181
149
166
149
172
160
163
150
174
171
160
201
175
147
162
231
149
229
159
222
152
162
156
168
237
173
233
166
152
167
222
152
243
175
248
148
251
345
148
235
187
134
214
150
183
134
153
128
205
133
153
136
196
143
132
164
137
148
139
137
214
185
194
152
120
194
193
204
145
154
133
188
142
133
146
196
164
192
132
136
138
155
139
133
135
138
139
131
133
148
139
178
147
144
137
142
131
138
151
148
138
149
139
142
135
151
152
133
150
154
140
139
145
151
139
128
168
144
143
142
167
151
138
146
147
161
173
150
163
142
142
187
134
138
139
205
197
196
138
206
193
135
199
195
127
205
197
128
138
219
152
129
133
189
136
130
144
207
133
140
148
148
147
140
148
133
149
208
137
131
142
173
141
153
148
134
133
144
139
132
136
151
133
135
133
131
137
175
150
130
132
151
125
132
125
150
136
183
139
135
132
153
139
137
154
138
158
157
146
232
151
209
161
