182
192
185
199
191
910
174
186
206
215
258
262
204
298
190
214
224
172
180
183
177
176
163
192
199
176
170
169
167
181
195
208
974
173
183
181
173
177
190
209
180
472
183
179
181
216
163
173
179
170
176
254
197
174
179
194
188
173
210
167
190
182
214
189
175
198
185
204
192
191
206
174
201
208
182
205
169
191
173
186
198
198
162
159
173
189
188
211
168
376
171
170
149
180
183
171
170
198
156
186
213
154
157
165
205
160
175
198
314
175
199
178
186
151
205
196
175
161
213
176
164
152
185
173
170
196
165
147
170
164
200
171
199
175
197
207
176
230
179
163
174
197
177
202
203
187
172
235
175
217
180
176
149
183
191
178
181
183
211
168
187
163
176
195
128
199
229
331
182
169
201
175
179
199
182
183
182
162
208
168
237
174
173
179
179
192
1987
208
223
164
197
215
173
157
182
219
134
162
203
188
156
180
223
194
269
203
295
177
169
243
164
160
214
172
211
158
169
188
162
196
152
160
156
194
276
201
188
191
159
217
207
208
162
169
197
140
215
261
208
161
216
189
316
189
195
198
173
199
156
200
203
194
194
150
205
216
158
194
153
210
175
151
203
215
202
179
201
266
239
174
189
194
192
210
211
193
179
222
233
203
191
188
221
222
206
155
214
156
162
292
143
225
203
151
212
197
199
181
210
163
155
169
247
225
191
205
211
159
237
201
191
161
198
212
183
209
197
180
161
195
196
176
156
191
215
158
192
192
167
223
232
185
159
174
158
170
177
296
156
158
158
182
171
200
194
193
211
195
207
201
215
191
156
208
174
138
205
196
207
195
192
157
191
198
161
151
225
175
225
199
187
171
258
174
166
145
162
173
204
140
189
182
141
191
160
155
210
210
220
166
190
187
160
158
191
196
196
180
201
171
207
135
215
195
210
168
198
166
176
155
220
182
189
181
176
169
229
264
328
277
244
260
264
237
351
377
411
253
241
201
172
189
162
193
183
202
179
181
163
190
192
135
198
193
162
174
208
183
164
192
182
142
188
216
222
184
160
141
151
193
213
209
237
186
165
183
175
199
192
199
164
187
157
234
206
213
188
157
152
196
162
169
201
173
164
172
147
195
200
215
188
222
183
158
194
207
187
158
153
193
157
160
235
200
189
202
207
210
223
212
157
202
201
195
184
162
195
282
213
243
224
216
179
194
164
158
157
185
156
171
202
216
160
155
194
217
163
184
208
170
198
146
215
164
227
157
150
156
150
192
141
174
189
212
173
145
207
138
151
159
221
218
136
154
232
176
154
180
200
165
185
215
171
216
215
151
186
154
165
199
137
307
205
304
232
153
154
154
180
145
155
167
210
136
169
213
204
158
143
159
193
169
179
222
172
167
196
153
167
197
187
197
171
212
149
173
142
194
191
159
231
163
172
152
211
199
168
149
192
168
135
168
169
161
171
195
175
182
206
159
166
152
176
139
155
167
190
150
207
165
168
162
180
158
169
194
149
185
234
176
214
185
311
175
194
204
168
215
234
193
210
167
208
185
194
184
196
190
180
217
183
223
180
188
221
189
214
206
224
207
188
196
158
235
209
212
218
216
233
170
347
171
174
236
176
189
171
211
218
229
340
207
176
218
208
198
197
171
204
184
175
226
211
172
166
194
187
184
207
193
183
165
193
169
166
194
170
198
270
212
186
187
220
244
224
186
201
176
232
177
230
225
217
161
183
218
196
240
238
174
199
190
216
183
200
183
227
235
190
188
244
311
178
210
212
188
228
175
230
297
172
172
228
176
182
191
228
220
226
214
192
197
225
172
214
222
192
177
194
225
182
246
211
177
195
313
178
167
206
206
168
192
159
179
304
198
200
175
155
156
169
241
198
209
198
196
179
183
163
206
180
206
177
202
182
190
201
258
174
187
176
240
190
207
224
174
195
186
206
173
214
207
175
183
199
174
187
185
197
216
225
171
183
182
188
221
202
216
197
192
200
177
244
185
188
156
183
176
232
171
181
246
201
180
210
220
177
219
173
204
199
221
187
176
206
174
172
211
208
198
233
188
167
177
225
210
187
204
202
206
182
211
204
254
317
241
243
222
217
203
201
221
229
221
203
184
221
217
218
172
174
200
196
179
244
212
200
174
212
206
204
220
155
239
205
211
171
215
214
183
174
214
190
210
198
223
172
175
168
176
199
193
187
192
224
226
174
241
198
162
238
181
162
189
174
194
181
209
191
188
193
173
228
211
198
199
180
210
165
317
156
191
183
188
228
181
213
235
204
193
