126
155
131
134
158
122
157
106
167
171
160
164
180
107
152
139
129
153
163
151
128
123
160
148
107
108
156
145
160
123
154
125
142
157
125
137
134
127
155
130
151
172
165
137
155
116
134
166
164
169
144
143
145
106
161
169
170
122
126
162
107
137
182
221
171
154
136
126
162
177
139
157
131
148
168
196
159
132
194
179
146
214
115
158
150
130
184
120
123
133
161
134
159
146
172
158
137
126
129
124
135
151
118
157
175
135
126
156
130
121
134
149
157
127
116
158
102
126
152
150
116
107
122
175
187
172
127
126
173
153
107
160
118
174
120
131
117
125
177
172
113
157
196
149
121
119
131
148
166
123
200
160
125
148
127
140
132
132
155
162
180
132
118
169
169
131
156
170
131
124
157
121
158
109
172
161
174
178
171
160
123
101
141
110
116
124
161
152
129
172
124
166
125
145
110
167
171
148
240
227
238
225
256
194
215
155
171
175
108
145
147
147
166
121
172
125
109
159
181
119
160
158
133
169
121
130
161
168
150
148
162
165
163
130
156
142
139
168
162
171
116
141
173
148
168
126
154
156
126
115
170
104
159
142
176
168
132
118
168
131
166
179
178
168
126
156
120
117
123
171
125
185
113
155
117
123
111
181
180
112
117
168
127
131
139
165
130
164
156
170
107
163
182
116
187
149
154
127
135
156
157
154
114
172
124
108
157
166
172
170
169
200
182
170
162
171
159
119
178
145
185
160
167
161
168
135
123
111
111
108
164
161
167
110
181
162
134
151
145
173
326
130
149
171
134
122
153
169
133
126
207
115
173
126
187
165
189
176
121
117
171
117
138
143
144
174
139
144
166
136
179
148
134
152
166
171
155
109
160
162
161
142
133
121
165
118
157
169
159
137
158
152
138
125
103
128
169
159
161
179
158
126
118
129
159
128
185
181
123
165
170
145
168
128
151
131
111
157
177
102
135
163
128
109
127
160
187
171
130
102
145
170
157
199
147
165
207
199
149
204
213
223
214
236
208
163
223
233
139
156
176
188
117
153
115
115
140
176
165
154
135
169
108
139
150
161
186
126
130
135
180
133
156
153
150
146
146
134
169
162
165
145
182
162
118
161
162
162
150
159
164
132
131
188
177
203
175
198
163
203
164
158
116
171
132
169
169
164
161
166
149
166
180
163
134
149
203
154
167
140
189
183
163
162
154
189
164
107
107
160
116
115
128
198
203
176
116
158
125
155
156
109
185
185
124
108
124
145
131
156
145
109
122
181
126
108
171
127
171
109
183
165
161
131
141
133
153
154
175
133
181
140
162
159
141
132
166
153
133
141
133
170
165
112
154
147
143
122
125
169
155
149
160
148
163
161
172
291
177
127
160
163
159
135
124
131
159
175
143
162
130
109
160
130
167
165
149
117
171
126
180
139
157
172
163
206
175
182
131
117
140
131
141
143
165
178
187
158
143
180
190
176
125
109
160
165
206
248
200
144
154
206
220
166
156
150
171
127
165
167
110
155
165
177
154
122
192
119
123
165
162
156
158
132
110
171
182
142
155
159
171
142
136
179
162
179
153
160
154
161
127
144
161
302
145
145
168
164
143
132
187
231
234
249
164
169
270
258
266
207
220
273
212
251
261
251
233
276
254
207
244
221
190
185
170
140
170
152
186
192
228
190
167
162
166
150
167
131
123
166
167
146
126
168
190
108
107
169
155
153
157
190
146
119
109
154
181
109
183
111
137
175
125
145
174
138
147
131
127
124
141
143
165
127
151
145
132
125
161
137
186
151
130
166
166
108
110
192
134
152
134
133
173
118
131
126
193
178
161
192
200
182
129
138
139
184
142
162
218
128
174
167
141
153
141
153
127
190
178
174
185
140
169
125
124
216
189
146
154
170
194
180
184
137
147
187
120
178
208
128
178
188
140
227
213
183
185
188
144
185
192
161
162
217
172
151
118
181
189
168
149
185
178
116
182
165
131
189
157
241
221
206
158
185
193
136
189
178
131
160
142
155
195
151
191
177
154
109
190
178
181
185
157
137
142
120
171
175
186
145
125
209
138
210
188
178
181
146
130
199
168
189
147
199
139
145
183
195
189
134
114
192
152
178
112
188
220
140
141
185
181
163
191
187
189
132
198
140
132
183
186
186
192
137
164
119
140
193
202
148
170
178
139
219
171
143
139
188
199
133
137
147
154
153
150
195
132
169
191
133
143
147
125
151
135
182
173
185
122
143
142
142
118
148
124
170
138
177
136
151
184
143
179
149
210
133
126
346
142
173
