198
205
214
173
133
153
207
166
190
189
142
115
133
118
159
141
148
152
191
119
180
169
176
135
129
147
135
172
177
129
130
123
135
138
130
162
126
118
125
166
131
117
117
169
115
125
124
124
178
130
136
163
126
132
124
172
120
135
120
119
183
119
129
170
180
136
133
117
122
136
121
172
173
123
136
116
127
171
123
166
164
160
124
129
163
184
122
160
151
124
131
126
174
130
155
145
170
153
124
127
155
153
121
125
163
168
125
153
166
153
119
155
149
132
121
125
113
177
135
168
117
174
163
157
123
119
133
222
141
123
158
133
124
169
112
125
117
122
192
178
114
181
163
125
120
178
132
135
141
127
121
128
144
155
171
147
125
155
206
273
231
347
180
257
227
214
222
193
183
152
349
118
170
169
121
132
191
116
119
124
170
123
188
149
174
124
381
167
189
172
133
117
232
188
174
205
174
185
140
139
166
175
187
149
181
206
341
197
315
265
245
300
335
266
229
252
200
271
157
186
133
198
187
130
147
148
214
148
133
192
188
137
133
127
133
142
131
194
140
135
274
171
282
141
221
184
172
267
190
221
213
158
203
237
230
144
202
189
150
180
159
207
150
198
213
190
230
213
156
134
260
142
188
169
177
130
137
208
127
208
181
190
178
142
219
162
199
191
206
191
172
128
186
130
137
137
179
193
126
127
127
219
130
191
132
132
142
218
218
126
131
195
320
203
134
144
174
185
140
138
145
200
142
193
157
194
189
147
152
194
134
193
139
135
138
247
167
220
221
161
180
373
199
152
211
189
139
179
148
269
165
202
146
226
152
138
134
141
185
194
181
133
149
146
197
223
176
134
132
196
191
152
190
145
134
134
196
142
132
129
195
134
138
206
178
168
173
208
254
236
289
291
322
240
193
202
143
135
185
133
126
188
133
192
129
185
184
205
139
204
204
133
146
187
190
132
132
193
183
163
134
208
153
252
134
119
195
165
137
149
201
191
137
144
173
183
163
158
187
191
134
199
127
199
196
135
204
189
175
183
144
143
212
136
255
193
228
149
215
437
143
154
147
204
215
168
201
208
209
161
206
167
153
152
166
156
165
162
224
162
146
216
194
202
163
209
232
160
182
144
216
148
162
154
230
195
198
223
151
152
203
143
144
157
137
146
154
147
159
137
157
150
154
206
229
154
242
158
158
175
215
221
250
236
225
145
214
241
193
157
199
170
222
145
212
152
142
156
207
162
201
152
145
153
203
166
149
166
145
151
211
198
158
188
179
210
153
157
162
161
141
196
207
272
284
322
178
295
329
204
217
139
146
231
151
147
151
184
152
139
145
154
148
213
145
149
136
139
164
145
146
143
203
149
136
145
228
159
212
148
141
146
137
203
133
153
152
192
149
198
131
166
335
302
220
277
254
299
225
196
137
263
221
143
142
248
201
141
201
153
159
201
181
153
144
156
141
132
203
195
147
147
191
192
142
206
158
199
151
195
139
165
147
160
143
126
147
164
150
202
121
146
153
161
127
141
159
207
153
146
144
177
155
147
138
202
202
211
205
274
207
276
220
149
141
157
136
140
141
221
142
204
223
188
154
134
151
138
205
151
216
163
236
161
141
172
238
212
227
179
251
293
153
188
149
145
168
127
129
201
215
198
146
143
139
194
198
156
166
169
144
156
130
227
206
154
266
230
223
155
141
131
182
144
152
211
144
151
150
171
186
130
139
200
203
127
138
134
199
194
204
191
198
196
184
192
208
153
241
195
201
137
181
209
185
150
195
188
187
133
205
224
216
171
200
210
130
149
190
191
132
128
159
195
146
124
187
223
142
143
196
207
134
146
158
201
175
237
296
274
249
218
150
207
207
153
183
157
235
195
180
163
143
156
132
209
200
198
142
149
134
155
554
204
151
163
158
151
139
144
184
144
155
210
209
155
177
176
168
159
205
358
253
215
302
163
202
213
214
138
141
215
203
170
177
201
204
142
204
190
156
148
205
143
213
141
162
142
258
171
137
181
155
157
217
142
218
145
224
131
142
160
133
136
182
220
227
141
145
143
151
145
201
148
196
156
209
158
215
158
207
150
214
151
198
163
210
136
208
139
152
146
245
155
153
158
200
154
157
145
199
144
226
149
200
139
141
145
128
141
217
202
199
152
141
513
208
141
226
206
153
141
205
204
145
144
150
160
139
205
206
203
145
247
152
202
125
208
158
145
142
213
216
144
158
208
136
143
155
140
154
150
202
215
148
149
220
198
138
136
196
151
162
157
131
202
201
155
140
207
