194
199
156
200
164
192
147
159
130
151
194
239
207
220
192
149
165
149
145
193
201
142
210
190
157
203
207
164
206
169
229
259
267
172
157
209
134
206
152
152
181
144
144
136
290
165
143
181
149
158
208
198
150
152
154
159
153
152
162
147
189
152
146
150
151
144
197
157
158
200
186
166
208
143
158
141
163
167
143
189
143
158
161
191
159
134
141
164
191
156
183
223
145
151
149
189
153
163
184
157
153
207
192
150
194
145
145
150
204
144
146
135
198
202
143
160
161
149
166
198
165
150
195
142
169
156
159
172
199
192
161
148
176
148
185
231
151
146
148
199
195
153
201
185
159
147
145
144
142
205
193
155
171
193
142
158
142
156
143
200
175
201
186
281
183
145
151
142
154
154
161
138
157
177
205
150
160
145
152
145
149
146
137
142
186
153
151
151
159
148
199
153
193
180
141
164
145
197
187
148
202
153
161
191
205
217
207
187
153
170
203
192
159
179
146
157
156
194
173
201
149
146
147
158
144
166
176
185
142
157
147
161
144
202
210
142
192
166
149
180
203
150
197
147
148
147
206
156
141
142
198
196
137
153
147
148
212
157
201
138
220
142
159
188
152
159
129
178
140
199
147
159
181
147
146
188
142
459
144
204
191
145
195
139
170
183
139
303
141
189
185
145
203
140
137
146
187
210
138
144
152
154
208
138
138
146
199
159
142
141
151
197
209
146
135
141
207
164
139
140
156
196
182
212
146
143
193
147
146
174
141
135
176
186
184
139
200
155
149
147
153
156
141
156
181
197
212
196
136
160
201
148
139
205
140
155
162
136
144
143
202
148
181
152
147
190
149
166
141
132
131
141
177
196
144
143
142
178
188
144
135
204
148
150
129
185
132
134
134
132
137
190
208
142
131
182
148
129
141
171
127
132
181
121
185
149
137
144
143
192
132
143
192
129
131
146
180
133
145
182
141
130
135
140
132
133
190
145
137
118
149
174
156
144
162
141
135
146
194
136
137
182
139
188
194
133
141
125
143
208
142
201
190
145
128
194
133
147
124
139
134
194
179
397
152
125
131
146
133
142
187
123
140
129
178
131
158
180
201
126
184
133
138
151
195
143
152
178
135
131
142
195
148
149
132
143
160
188
141
161
141
191
258
150
153
142
135
162
127
152
230
241
280
207
244
190
235
217
289
262
209
292
186
208
175
181
208
206
205
140
183
174
128
128
133
198
136
139
194
138
147
128
130
126
194
179
191
129
133
138
142
141
141
160
298
138
141
133
144
129
127
134
146
126
193
144
134
133
139
138
199
134
130
122
143
126
131
190
195
123
234
126
125
173
206
192
141
137
156
120
132
152
144
141
199
132
138
182
130
192
145
133
135
133
186
167
128
178
137
195
129
187
190
132
172
204
128
189
201
180
145
159
191
146
163
187
132
134
212
130
145
207
211
138
161
201
138
129
202
187
131
206
210
128
197
209
128
122
124
129
195
137
142
122
151
191
126
195
133
129
180
154
195
138
204
117
131
134
203
185
136
128
134
136
125
193
126
142
206
141
135
225
147
166
191
131
212
133
141
145
132
185
213
187
131
125
117
141
128
192
198
140
128
127
137
196
194
179
131
142
179
129
139
144
145
125
173
189
186
135
223
131
129
134
135
186
139
202
140
142
133
134
140
134
118
198
142
141
141
152
130
125
202
132
130
192
200
150
146
211
136
152
217
224
127
142
212
126
150
133
189
138
139
143
183
130
142
131
129
191
189
129
127
139
203
144
188
153
133
196
213
129
143
132
144
127
126
197
133
125
130
128
139
131
202
190
125
162
140
148
141
138
196
135
202
132
135
130
194
208
185
188
145
145
194
202
136
154
144
198
221
231
188
139
214
145
209
230
156
203
195
133
144
136
188
192
219
188
140
143
136
158
197
135
200
131
205
135
122
208
133
203
140
153
190
178
203
150
160
145
143
177
198
150
139
188
138
202
142
226
145
141
184
134
143
165
158
162
144
292
226
198
149
196
218
137
132
208
132
156
295
179
133
215
280
226
237
163
147
196
120
143
141
202
144
125
192
151
198
206
148
145
161
142
155
210
144
224
205
147
212
205
224
145
145
135
217
146
149
157
139
201
208
141
141
145
204
145
146
203
139
143
138
140
203
151
204
140
138
198
216
156
159
158
138
213
199
142
128
202
152
150
141
210
143
206
194
135
142
149
155
140
217
214
145
161
156
205
146
148
213
143
195
142
146
210
148
205
118
196
215
128
191
151
146
142
136
174
156
222
