49
79
102
52
52
62
77
82
95
76
152
73
79
133
74
135
103
40
41
96
73
41
78
39
40
76
85
71
42
82
74
38
65
53
64
72
46
68
39
48
68
39
40
42
42
38
43
41
40
42
40
65
80
75
50
90
41
79
44
47
85
45
82
43
42
75
74
42
88
87
42
41
42
86
42
52
86
41
77
84
63
107
66
65
49
124
72
110
38
77
46
79
46
47
80
39
44
85
105
93
84
44
40
42
39
77
76
41
59
40
39
40
73
52
93
40
78
80
41
40
83
50
91
41
93
46
42
32
36
48
145
49
48
52
43
104
74
131
81
67
40
69
64
82
40
32
47
79
51
92
75
39
45
41
87
39
32
42
39
81
85
74
73
32
38
97
46
78
85
49
39
40
87
79
40
59
40
33
58
79
41
78
35
48
78
52
61
42
73
66
64
78
51
38
82
50
47
73
44
75
40
88
67
88
42
46
42
68
48
40
82
77
79
39
40
95
43
92
80
40
44
84
80
69
42
57
45
39
40
87
47
76
39
40
73
78
34
53
41
53
78
85
39
55
38
75
40
102
40
51
41
40
47
78
47
39
85
43
112
49
39
91
39
40
39
45
75
75
66
42
93
39
100
82
40
67
75
40
89
445
39
39
40
101
87
79
46
40
42
86
39
51
83
39
40
41
39
38
60
79
74
81
40
51
40
41
77
78
43
32
75
79
40
75
41
43
42
71
80
45
49
41
43
39
96
41
41
39
41
47
76
84
40
40
44
83
45
40
81
39
39
79
67
39
38
52
42
41
72
40
41
40
40
41
40
38
77
66
78
71
40
41
71
50
81
74
39
43
40
41
92
71
41
74
63
59
78
43
76
51
147
80
78
76
65
40
46
83
39
79
78
40
39
41
79
42
89
39
42
77
79
40
85
57
50
39
46
81
40
40
41
95
73
72
81
40
111
117
52
91
50
40
50
42
190
504
103
47
35
44
40
99
43
52
42
194
184
35
142
43
73
43
61
74
49
67
64
50
41
74
69
75
62
85
41
43
41
42
59
41
41
88
43
49
53
44
51
71
79
39
46
193
72
73
340
43
42
50
42
64
40
39
72
74
49
40
49
67
73
38
84
41
73
83
79
42
62
47
71
68
41
65
40
57
40
45
40
68
40
41
39
64
75
40
39
63
39
41
39
39
41
33
42
31
82
33
37
38
60
45
81
84
74
41
41
74
57
39
72
31
38
40
39
39
101
82
57
57
83
82
41
39
42
46
38
44
74
43
40
74
55
83
54
79
83
49
42
51
67
62
72
63
38
67
77
69
41
47
39
48
41
68
73
48
80
89
75
42
74
79
86
50
92
54
60
144
98
81
97
115
78
38
49
68
68
72
40
45
72
46
84
40
39
66
74
48
39
46
70
41
40
43
41
82
76
95
41
63
70
72
39
41
38
53
89
86
58
40
44
38
79
40
40
32
39
96
85
51
40
38
74
40
49
48
87
74
50
47
38
60
79
73
83
43
42
42
50
41
53
42
38
74
49
74
40
80
54
40
74
66
42
42
39
44
47
39
72
41
46
54
43
42
52
85
40
79
44
47
97
47
62
61
42
77
43
66
82
77
41
45
61
77
49
50
68
77
41
39
40
49
79
80
80
47
39
39
42
40
42
65
60
71
75
38
59
79
76
63
61
85
41
74
86
75
41
115
40
45
38
39
76
78
40
75
122
75
45
85
72
40
90
38
69
41
64
39
44
39
72
76
72
31
95
85
78
39
85
39
69
86
40
53
32
41
40
40
40
44
94
78
68
72
47
82
45
38
41
68
73
77
40
51
60
53
140
86
51
113
70
50
76
77
78
77
43
42
49
80
76
79
72
74
56
87
83
53
57
42
48
45
44
43
63
73
83
61
101
56
69
80
96
98
52
67
96
73
62
154
65
71
90
54
42
43
133
85
41
77
95
38
55
71
39
100
40
77
68
41
102
45
83
80
44
84
41
44
71
72
80
82
55
72
64
45
65
40
93
54
86
76
40
73
35
42
122
43
41
75
80
39
88
49
113
37
43
42
76
51
91
43
42
54
81
40
85
39
53
77
82
45
135
40
83
47
46
42
54
88
87
43
42
42
72
65
80
77
42
94
81
87
70
71
56
53
44
51
75
43
71
42
72
45
83
71
66
43
86
69
43
49
163
42
67
39
47
46
38
88
49
87
67
82
85
72
63
64
88
68
85
51
66
82
53
81
68
44
72
42
88
45
31
47
44
50
71
39
66
72
42
40
