77
42
64
66
45
76
72
74
50
67
55
58
57
74
80
81
65
61
50
67
59
83
82
74
55
72
81
67
66
43
84
82
77
69
73
54
73
57
70
65
72
61
64
80
68
85
72
51
72
79
44
61
78
74
66
51
78
73
65
59
69
49
66
66
78
74
64
63
63
82
51
58
1730
65
63
49
56
68
60
58
58
63
64
57
41
292
77
60
56
60
64
49
72
81
57
64
52
52
65
58
77
69
50
63
70
61
63
82
58
64
68
59
327
55
79
79
1439
72
65
51
64
56
69
42
68
79
71
100
71
67
62
72
74
71
62
64
79
74
77
41
71
64
56
57
62
65
70
72
70
75
70
72
60
62
69
69
49
63
73
77
72
70
68
69
59
80
70
59
78
71
58
72
63
56
50
73
67
64
68
89
71
63
66
50
72
94
67
96
74
77
66
85
49
73
83
50
62
71
42
74
60
50
79
54
82
62
81
65
74
74
68
64
58
59
70
64
78
54
34
78
81
77
75
59
57
51
67
79
61
79
81
75
81
64
67
58
74
59
66
57
69
68
68
68
66
50
59
68
70
84
74
100
50
52
56
71
74
66
48
78
73
66
86
67
60
74
71
65
75
80
88
54
82
65
58
73
48
77
82
85
76
79
87
76
169
50
47
50
46
85
73
68
63
50
50
49
54
91
59
67
63
69
79
49
78
80
58
68
78
71
86
58
67
61
58
55
62
40
74
60
67
63
72
81
87
81
82
71
51
53
73
66
60
80
101
63
62
55
68
69
42
64
63
60
66
80
66
61
59
64
65
76
75
77
67
62
68
90
69
76
71
69
74
90
50
75
42
54
75
76
57
81
65
67
81
75
76
63
86
97
70
60
63
74
77
68
63
79
90
70
71
69
53
84
66
61
59
61
75
78
67
48
80
67
69
82
92
67
70
64
74
60
85
73
67
84
48
84
70
58
55
65
78
76
61
82
85
69
59
59
76
74
67
88
73
95
46
69
83
46
63
49
75
49
68
64
71
50
76
89
80
43
90
102
70
81
65
74
72
62
70
72
86
80
63
60
73
50
66
86
48
80
41
56
56
78
77
43
50
62
66
71
66
74
76
66
75
62
82
55
62
58
65
62
70
56
75
83
54
63
58
53
61
81
49
77
84
80
153
86
59
70
50
78
53
73
65
61
67
80
73
63
59
70
51
72
60
50
73
59
74
69
73
69
68
66
75
70
72
59
67
57
79
49
80
48
50
72
67
61
81
89
74
52
158
71
66
72
65
66
62
73
57
78
64
83
50
72
42
82
74
71
64
50
74
68
61
71
72
64
51
60
58
55
65
69
52
53
64
63
70
53
68
61
79
75
58
51
69
57
80
72
66
73
52
69
72
68
62
71
71
66
70
54
63
41
65
68
72
50
53
42
51
59
49
61
68
49
70
85
84
63
84
57
59
84
67
62
69
53
60
80
67
75
62
58
50
91
50
80
99
78
78
68
64
64
78
50
85
87
69
66
71
58
63
51
74
69
65
69
55
74
66
70
50
70
74
68
60
63
61
59
64
78
80
68
65
61
71
74
47
71
83
51
73
84
71
75
92
81
78
79
53
63
70
57
60
74
48
72
89
76
92
64
69
70
64
75
78
59
79
51
82
52
53
65
73
79
90
51
61
62
72
77
68
61
59
47
65
68
66
60
51
59
60
70
61
53
77
74
72
78
89
63
51
69
69
67
43
86
68
75
70
76
74
86
70
74
79
59
61
72
74
74
66
80
86
81
70
88
71
49
71
90
63
64
97
64
49
80
68
50
83
73
75
88
71
81
71
93
65
76
50
77
85
66
67
61
50
87
43
82
80
49
53
60
59
72
68
80
75
56
64
82
84
66
77
79
88
76
78
79
66
86
50
51
61
56
58
79
75
45
61
68
73
71
73
74
68
55
65
65
78
56
71
63
54
51
64
53
50
64
62
50
60
66
66
52
61
68
81
80
67
65
57
63
69
93
66
54
61
76
76
60
72
63
42
73
78
75
72
49
74
46
70
68
465
83
52
56
71
71
53
81
66
62
77
85
49
78
80
49
49
71
58
56
68
62
49
53
74
87
73
73
60
52
63
51
76
72
58
66
57
69
67
59
59
75
73
77
65
76
79
78
74
86
70
52
56
54
55
73
73
75
63
84
83
75
73
72
52
71
77
73
71
76
81
77
79
84
84
59
73
89
71
80
72
79
49
69
104
70
75
108
68
58
67
70
65
61
72
92
69
59
83
73
50
85
77
73
