72
48
43
43
91
91
51
47
52
69
59
48
44
76
55
50
53
42
47
74
43
84
42
44
79
72
45
56
40
68
70
51
47
42
60
40
49
53
60
41
48
48
46
43
46
46
49
35
46
82
42
84
49
44
90
77
76
49
55
81
39
69
64
80
48
40
82
44
35
55
45
84
110
112
47
94
45
48
45
103
96
59
57
49
94
44
46
48
103
46
46
72
100
79
67
55
52
47
77
52
45
46
72
44
48
58
52
54
53
54
44
44
88
74
62
46
64
45
56
82
52
75
43
43
42
85
54
61
42
43
92
44
43
47
54
83
43
50
50
93
42
88
45
43
42
42
43
41
43
44
76
41
51
41
44
44
45
92
52
80
45
47
52
44
43
42
44
52
63
92
83
44
51
52
72
49
45
44
52
66
44
46
50
56
96
102
54
44
64
45
51
58
52
80
44
58
43
49
47
60
45
50
45
45
43
52
57
51
47
53
64
44
44
58
44
51
84
45
48
45
64
82
54
55
47
88
45
64
54
54
77
57
50
49
44
48
45
44
60
81
62
47
68
61
88
62
71
57
98
45
44
63
45
45
45
93
66
55
91
45
47
46
66
82
60
55
55
54
45
95
46
53
52
45
85
45
45
50
52
44
51
44
88
53
44
50
42
57
45
51
62
43
59
51
90
53
45
50
85
52
42
50
48
45
51
73
49
50
53
52
61
49
47
42
75
45
82
59
52
51
49
82
44
42
42
50
54
50
42
52
42
59
49
49
92
58
55
60
44
50
41
48
45
42
45
81
44
49
45
43
53
53
42
50
42
43
43
43
46
50
46
87
53
45
49
59
45
46
56
51
65
75
75
65
42
42
41
48
49
79
65
51
53
43
73
50
51
48
78
41
52
46
40
43
51
48
42
55
41
63
45
68
53
46
48
55
40
42
48
48
54
46
52
57
54
77
41
58
56
40
41
61
49
61
43
49
40
46
56
42
39
48
52
50
43
73
43
57
50
68
59
46
50
77
49
43
47
46
84
49
52
57
47
46
58
66
48
49
46
52
49
45
61
60
72
54
46
43
44
45
45
41
41
47
48
52
42
52
50
48
41
80
94
44
45
45
45
43
57
68
46
52
55
69
69
53
75
44
62
80
61
42
44
62
72
58
54
53
42
43
43
75
53
45
48
35
45
54
43
45
62
63
47
51
62
53
43
55
43
50
44
53
44
55
50
44
53
87
54
43
44
86
54
52
44
45
69
48
55
59
51
50
57
52
45
50
48
53
62
42
74
71
50
48
44
69
48
48
40
53
43
45
43
46
50
42
52
41
53
77
60
69
53
44
43
49
50
43
45
52
43
42
49
43
42
46
44
43
44
40
51
54
43
47
52
45
43
43
42
45
55
49
48
91
44
45
63
77
53
50
84
51
58
51
43
54
49
69
42
46
47
68
41
48
50
51
41
46
62
44
51
63
48
41
44
40
40
75
40
51
55
67
76
44
48
51
56
49
63
61
43
71
43
49
43
42
55
43
51
40
49
68
40
51
64
62
49
48
59
80
45
53
72
47
53
78
41
49
51
75
39
59
46
48
46
39
51
42
60
71
60
63
51
56
49
39
63
71
60
38
59
43
90
42
38
39
53
39
61
44
53
59
43
53
49
47
45
39
46
41
49
70
68
42
40
39
77
45
48
50
83
45
46
38
45
44
40
43
40
56
41
55
46
57
72
55
40
50
81
63
52
79
55
39
48
48
41
46
91
52
39
48
45
58
51
43
39
47
39
41
45
46
48
44
41
76
41
64
46
56
51
55
48
58
47
56
39
56
37
58
47
56
51
55
46
39
71
53
91
51
45
41
49
44
59
59
47
48
73
40
49
97
89
52
53
40
45
40
40
41
53
40
48
42
46
49
39
52
57
41
51
42
48
43
50
42
52
44
53
49
49
43
51
43
44
42
60
42
60
41
46
41
72
47
56
54
67
45
44
48
43
57
42
52
69
50
44
52
49
44
66
43
43
57
41
42
54
44
43
60
42
41
42
42
43
43
42
53
58
49
51
61
82
48
49
43
47
43
43
42
42
42
45
47
68
51
45
49
45
91
42
45
49
49
68
44
44
45
42
49
42
42
45
51
44
42
44
48
43
63
59
55
49
79
52
44
42
51
44
42
43
44
49
45
51
55
60
50
50
49
51
46
78
48
45
55
96
42
44
51
66
43
58
48
50
51
42
51
61
86
81
50
83
48
57
74
55
69
41
45
74
49
41
43
75
41
33
41
79
67
