146
155
139
218
155
216
145
163
144
156
144
139
147
215
166
144
212
140
208
139
202
178
204
144
200
139
142
149
166
256
147
233
147
225
197
141
154
150
146
207
136
199
147
149
136
142
211
143
142
160
200
159
153
210
142
175
142
205
155
201
181
177
152
183
166
173
160
183
158
191
165
220
174
143
142
149
154
201
142
158
159
152
155
153
152
237
200
201
209
220
153
143
144
163
163
215
210
145
142
155
148
149
159
219
151
215
149
152
157
161
215
217
154
146
202
163
146
145
206
138
169
145
142
175
141
203
148
157
146
199
145
142
143
156
213
152
150
145
211
190
147
144
147
213
198
190
141
151
204
157
142
145
225
150
152
213
155
212
145
212
145
162
211
188
139
142
211
142
152
230
163
213
141
227
145
152
166
210
146
226
151
146
170
625
340
384
152
225
268
161
178
178
170
218
145
175
174
157
160
171
200
169
198
158
227
158
153
174
206
215
160
203
161
155
176
163
219
160
160
164
206
156
165
251
155
178
170
242
160
171
162
163
230
155
209
171
154
200
151
220
152
174
153
160
167
158
223
157
274
160
214
147
148
154
146
150
160
159
149
158
160
156
187
162
161
216
178
171
205
158
211
168
150
152
164
217
188
225
157
170
157
152
140
155
151
215
153
162
161
150
223
161
146
140
146
152
143
223
163
213
166
165
180
164
207
159
221
172
154
164
155
213
169
149
150
215
160
168
163
160
201
159
215
151
162
149
145
216
152
198
160
154
156
176
196
165
151
164
152
151
167
155
159
197
231
145
158
139
152
204
163
161
165
153
149
187
208
155
166
156
149
154
167
172
141
226
149
154
149
146
162
157
155
149
160
153
150
161
149
159
155
220
211
154
152
149
162
166
169
152
170
176
154
183
158
158
157
159
158
158
244
159
151
163
168
147
146
208
211
195
160
146
143
164
194
149
182
156
152
156
158
184
207
207
157
151
158
212
197
177
154
156
152
159
188
225
202
171
134
214
145
149
141
210
142
145
151
139
161
141
163
206
144
171
161
150
137
212
154
144
158
150
167
148
145
208
146
157
142
145
201
153
139
136
143
202
141
222
140
151
128
140
202
141
134
142
144
196
140
136
149
212
156
138
157
192
196
191
165
188
143
145
161
189
183
150
155
201
171
210
151
191
140
209
154
146
194
140
203
136
217
145
135
156
140
206
144
207
140
157
161
142
213
141
150
144
232
139
136
141
148
151
202
138
152
142
142
142
140
212
138
142
143
202
149
142
136
140
142
137
141
176
140
143
141
136
131
185
132
150
148
150
243
221
227
139
134
137
224
150
147
142
164
218
137
171
147
154
209
211
132
222
146
207
189
152
140
149
184
145
199
136
148
147
218
138
136
149
144
221
164
147
206
133
146
148
213
199
134
137
132
203
139
153
165
196
130
225
142
154
159
149
207
148
175
199
149
151
163
148
210
145
153
142
159
206
151
222
157
156
135
145
160
153
200
161
143
138
150
183
154
201
143
224
152
159
212
161
149
180
168
147
216
164
202
168
198
139
194
151
164
161
154
200
205
163
204
147
189
163
206
215
147
183
147
198
156
142
143
166
209
188
162
149
146
146
152
199
145
152
153
163
169
144
196
138
145
222
155
147
144
212
145
149
167
206
144
150
203
211
163
158
150
227
142
153
160
159
144
211
144
160
249
195
201
166
143
152
161
156
201
164
211
143
154
217
155
204
147
144
147
143
202
151
203
142
160
147
163
158
171
236
210
165
153
151
163
154
192
241
159
144
150
138
151
197
149
163
144
162
190
204
161
197
204
152
152
149
146
217
169
143
219
164
207
209
196
199
205
148
192
194
159
203
153
207
151
162
238
186
148
206
200
144
147
147
213
126
131
187
187
149
137
141
129
195
121
215
150
223
193
148
141
199
134
131
144
184
135
211
206
148
136
149
188
166
133
196
138
193
153
594
183
135
190
135
144
165
207
211
132
195
134
153
212
174
213
139
204
140
197
137
146
146
206
191
132
149
151
212
126
151
133
155
147
191
197
144
186
131
132
141
176
142
148
161
131
192
142
211
139
157
144
180
148
145
130
183
131
193
197
140
134
176
141
167
150
128
207
133
144
137
211
134
193
136
213
157
117
202
143
184
137
196
188
137
205
129
202
141
190
187
149
173
196
217
119
199
155
168
136
133
238
174
143
238
233
134
139
202
126
203
145
206
197
179
134
216
148
133
211
226
204
192
197
135
157
232
199
158
191
132
208
199
189
192
150
141
169
131
