218
155
156
177
154
165
156
228
149
173
216
164
146
148
145
224
161
167
164
163
161
233
152
164
166
154
151
236
162
148
148
152
159
191
151
147
182
159
219
176
213
152
164
151
169
165
152
143
158
162
144
145
149
199
220
155
159
148
211
169
159
151
145
152
150
181
180
217
160
149
151
145
160
236
166
153
211
150
155
209
220
156
149
154
161
170
154
149
167
193
148
145
159
161
149
153
153
158
150
155
194
170
158
140
167
157
150
171
157
162
147
149
217
212
159
154
253
155
151
149
170
170
167
155
159
222
180
161
228
158
185
171
170
210
168
154
161
153
185
213
218
163
221
212
156
225
208
153
149
231
171
162
153
158
157
157
150
150
215
174
146
217
202
215
138
154
143
166
204
148
149
155
152
206
140
142
187
143
213
201
158
169
150
147
149
201
128
158
144
159
149
203
139
155
144
153
153
150
154
157
162
214
215
186
206
207
232
200
144
143
151
153
167
178
157
161
155
158
152
145
214
145
144
146
140
151
141
136
204
140
140
183
158
141
157
141
189
143
162
158
151
161
140
155
227
146
149
158
143
144
146
146
147
211
159
142
144
194
149
145
207
144
153
199
164
150
154
143
154
147
150
151
168
156
151
169
203
142
232
175
228
239
214
149
209
164
139
152
239
156
173
149
144
232
165
169
151
156
237
144
164
146
230
160
155
167
230
253
152
151
151
156
155
165
145
177
231
167
137
232
152
165
210
153
157
216
230
155
157
147
225
160
150
154
159
152
229
163
151
154
231
154
155
146
160
153
147
226
157
152
170
151
228
153
153
228
148
165
250
159
153
220
148
154
144
223
162
146
166
153
156
188
144
158
220
158
163
172
147
152
174
225
153
157
165
232
147
157
228
226
151
152
223
151
147
210
150
152
163
173
221
144
158
200
160
158
155
136
168
179
159
180
167
158
149
176
141
138
138
185
216
233
156
157
212
142
152
153
144
210
153
162
141
154
155
141
224
155
156
135
154
142
224
141
167
149
209
148
157
144
213
218
214
189
150
144
210
231
148
219
144
149
160
197
146
206
146
143
218
153
149
222
143
145
140
149
208
203
145
158
171
151
165
205
146
137
209
151
141
130
146
208
199
168
159
155
152
233
140
157
231
142
144
141
141
205
152
152
207
202
141
150
204
209
150
141
139
143
148
221
151
217
146
143
219
163
140
149
229
181
147
157
177
164
146
221
223
217
170
152
158
225
161
144
146
144
146
157
162
229
178
142
144
211
217
145
150
146
154
216
229
153
147
145
186
164
177
145
180
185
145
160
199
152
150
153
150
151
143
162
142
146
236
156
205
153
168
154
148
154
147
156
148
142
156
145
224
156
148
151
212
142
152
149
151
145
177
160
150
212
152
155
175
190
167
219
150
152
161
150
156
146
156
151
149
222
167
162
170
163
165
217
154
151
215
150
174
215
152
151
156
152
160
148
165
183
209
142
155
154
145
163
170
164
158
159
167
174
230
155
172
165
171
174
229
164
160
161
161
182
160
223
162
176
169
209
154
155
190
160
161
166
305
158
161
174
146
227
148
167
244
176
163
164
165
166
167
160
153
221
151
173
177
157
149
154
242
151
154
182
226
226
171
248
239
153
163
158
219
154
174
184
167
170
217
153
153
219
153
155
158
237
186
179
224
175
228
235
174
167
151
201
232
168
185
250
170
156
171
158
246
160
151
166
155
238
158
161
181
178
237
169
158
224
159
175
163
228
223
158
165
155
230
154
150
153
164
150
217
155
157
159
150
157
169
166
220
163
151
153
156
215
154
167
156
159
166
205
162
171
175
229
165
174
166
166
160
161
163
149
210
159
172
164
211
192
164
177
154
181
168
159
159
164
201
157
148
149
157
151
155
150
159
185
163
146
159
162
145
166
217
215
201
163
171
154
172
159
146
156
156
227
149
154
211
156
149
314
167
216
175
146
153
152
166
146
167
149
140
163
170
144
212
178
147
176
211
164
159
210
153
166
166
171
147
164
207
157
148
157
152
208
152
151
156
160
221
153
139
193
135
142
143
138
141
228
131
153
199
140
145
191
152
140
221
171
140
140
142
139
138
146
142
137
140
176
134
142
217
145
147
201
142
144
159
189
144
148
225
203
197
153
140
143
132
154
139
153
132
211
154
155
138
210
140
151
134
156
174
137
145
183
149
147
138
190
140
189
218
149
163
203
153
149
136
217
134
150
199
143
152
191
152
159
145
337
162
161
149
161
158
163
172
216
153
163
154
145
154
208
