163
190
177
163
171
144
154
156
186
211
183
179
171
196
192
183
207
212
193
170
171
171
163
152
177
170
161
163
210
171
144
156
204
191
188
167
155
178
169
178
159
170
154
160
167
191
161
148
177
188
169
154
183
169
180
158
156
171
185
162
153
147
172
169
193
150
155
175
150
180
181
158
210
179
180
150
167
175
164
165
152
196
214
216
199
204
218
194
204
210
175
175
169
188
171
212
191
231
192
183
164
174
157
161
152
177
153
183
194
184
242
235
222
198
208
190
196
175
186
192
218
240
224
208
186
152
183
175
188
189
165
183
168
163
176
163
152
169
163
157
153
140
155
174
192
161
167
179
158
135
149
176
150
160
179
162
152
162
178
157
182
158
155
170
162
174
148
160
159
150
155
183
180
158
190
174
160
162
155
185
168
186
189
161
164
187
173
173
165
158
189
181
167
173
182
198
167
182
183
174
185
140
171
194
178
184
197
144
176
159
177
180
172
186
154
130
172
166
138
189
186
140
167
165
181
177
209
182
156
254
165
190
175
198
186
185
175
172
182
175
185
190
175
187
210
238
256
260
192
191
220
223
198
168
171
176
181
114
185
184
169
176
139
191
171
155
170
198
201
183
180
170
172
187
182
188
177
133
175
180
177
178
189
181
178
181
162
195
149
206
171
129
175
172
189
186
157
184
176
179
144
182
198
165
185
181
178
188
170
183
192
196
150
173
194
189
167
194
142
180
186
183
185
180
169
174
142
197
123
174
176
175
125
117
190
149
174
168
185
194
184
193
133
148
194
152
200
144
184
152
166
145
188
193
182
168
153
144
212
287
205
179
165
133
183
186
184
170
166
116
128
198
182
176
172
117
170
178
189
185
187
178
170
194
180
192
138
170
192
184
168
190
189
165
188
126
194
187
169
172
144
191
180
183
125
180
180
176
184
145
195
173
171
181
126
129
130
177
171
189
179
160
135
175
178
191
169
180
179
165
143
181
173
198
192
207
215
203
166
122
139
162
171
235
178
248
217
222
173
227
229
241
275
217
254
250
268
266
244
233
220
231
200
174
164
186
200
197
164
188
198
177
157
151
193
146
220
226
215
212
208
220
231
199
192
178
194
175
202
193
139
203
178
195
156
168
175
173
169
186
169
165
208
148
116
179
187
183
193
162
189
191
176
191
183
141
195
137
171
213
180
172
177
210
173
166
219
219
157
208
141
145
376
173
171
144
114
191
185
175
132
173
197
159
520
191
161
180
203
150
213
172
189
189
166
124
185
179
192
157
176
171
198
185
144
130
195
167
188
179
147
177
148
208
191
174
172
151
143
184
186
211
194
205
126
201
159
160
151
141
198
165
174
190
128
189
178
185
166
143
198
179
181
186
164
167
181
195
170
133
185
171
186
176
176
137
121
183
155
176
168
172
180
183
123
171
263
178
159
143
152
201
158
209
157
146
171
180
177
125
156
192
158
146
267
172
204
185
146
127
186
163
173
167
132
179
176
142
125
180
188
176
169
137
195
181
188
174
165
170
174
149
212
144
217
221
161
213
194
345
338
435
345
381
222
269
262
311
330
316
268
527
162
232
189
160
111
148
203
193
200
191
122
186
182
151
173
205
171
193
188
127
190
180
182
190
148
214
187
194
125
146
205
189
203
183
133
186
184
153
212
198
127
136
197
178
185
126
187
182
188
175
147
189
185
162
184
125
185
190
311
163
170
187
207
151
141
234
185
165
179
187
193
163
192
133
160
195
202
179
197
154
125
194
186
166
169
180
197
186
167
166
183
172
188
193
181
175
193
177
178
189
148
139
188
170
173
177
211
175
176
189
177
169
166
185
149
177
170
174
169
144
168
192
189
187
174
186
178
137
236
235
255
165
217
135
221
241
213
216
180
198
231
233
226
150
146
221
168
203
189
196
197
217
216
199
204
194
183
216
244
204
181
219
263
187
181
189
208
292
238
242
304
238
218
210
203
161
182
136
170
194
128
158
183
183
169
174
170
182
181
162
190
139
169
180
183
195
134
183
189
173
174
175
181
177
202
190
186
182
164
163
173
165
184
156
308
123
179
143
183
167
168
185
169
150
157
187
176
168
175
130
172
183
183
181
152
190
198
176
140
188
184
126
161
179
128
183
195
140
175
180
212
184
152
204
184
187
169
188
188
150
171
144
179
176
164
136
184
179
179
172
165
187
181
171
128
183
180
177
179
184
177
162
180
176
188
199
200
139
176
181
172
185
181
187
194
171
178
131
130
187
171
174
183
192
201
147
190
189
