188
134
145
130
135
192
163
195
191
195
133
146
339
177
212
125
174
122
130
163
145
169
193
209
259
288
318
190
230
365
252
192
125
128
136
208
201
173
149
132
154
143
195
129
211
185
130
123
123
173
189
196
132
221
189
138
189
176
177
200
194
184
133
140
143
133
129
283
211
325
248
172
237
241
156
198
328
172
166
177
201
264
269
342
335
189
250
304
295
148
195
454
152
125
147
141
182
123
227
155
151
235
188
145
177
197
209
116
142
130
152
148
227
189
187
139
144
198
194
173
143
124
130
130
205
182
180
143
119
207
135
172
160
172
140
175
163
127
123
179
284
180
183
126
194
139
184
135
183
191
126
195
138
183
172
179
138
182
135
153
185
181
187
141
182
119
137
152
211
172
194
120
141
129
184
127
140
202
196
147
153
130
160
198
199
191
181
146
186
150
153
175
189
185
141
128
119
141
160
148
163
169
169
125
161
171
154
152
135
170
107
148
102
173
120
148
120
167
127
122
120
108
175
169
121
154
121
161
121
175
163
178
118
154
133
102
165
158
168
111
164
169
119
174
149
169
161
152
130
123
154
101
169
152
124
166
116
153
147
163
120
151
147
119
162
153
170
151
124
181
125
165
104
111
172
105
111
154
125
170
159
111
158
112
143
122
170
134
188
175
112
188
122
161
126
127
164
115
172
149
171
101
125
163
127
165
122
117
147
156
183
159
128
156
137
99
161
170
153
161
160
180
164
155
152
175
149
126
104
120
166
126
132
171
155
126
124
104
135
117
157
104
164
135
116
125
118
170
175
157
137
102
129
151
175
189
233
283
184
301
259
258
220
265
240
228
204
168
174
162
161
129
124
168
154
155
297
102
165
123
112
152
115
141
138
128
128
123
125
165
108
166
172
172
131
133
147
141
127
166
164
112
156
128
153
122
152
113
175
126
127
109
168
128
160
112
111
164
121
122
114
143
182
136
156
151
176
148
109
134
98
168
163
184
124
136
98
117
119
165
117
101
152
145
129
129
171
163
124
150
117
182
121
162
157
119
104
164
127
118
101
154
123
121
166
115
164
210
118
117
119
167
155
151
108
120
165
118
159
162
208
165
140
164
127
108
144
137
167
127
116
118
163
189
149
106
165
178
155
176
128
147
173
127
157
143
112
114
175
137
120
121
168
112
122
160
162
149
112
169
169
121
131
185
161
162
167
162
117
110
194
231
174
116
114
186
116
164
161
161
129
114
168
104
102
167
163
138
120
120
119
116
151
147
151
129
119
120
108
152
120
168
120
101
121
168
120
159
133
118
136
168
165
147
164
180
139
154
266
151
157
185
130
179
154
135
162
153
108
127
159
137
131
173
166
133
139
171
137
164
140
179
161
238
145
127
119
149
163
189
163
130
134
262
126
179
118
176
101
118
123
141
159
119
158
127
113
122
170
144
157
107
156
129
136
127
171
192
156
143
180
127
147
240
137
151
186
133
119
131
178
132
178
183
119
129
139
180
148
113
131
146
122
151
133
156
161
107
157
130
161
111
125
166
129
160
163
124
166
174
159
176
98
185
131
120
125
171
150
108
174
162
121
129
158
137
122
189
107
172
118
186
165
125
119
120
155
98
134
142
117
174
158
110
159
118
168
166
114
135
118
102
116
164
141
3063
115
146
128
127
148
165
172
121
164
129
118
169
120
138
122
153
151
124
179
154
158
113
125
154
101
126
153
160
123
174
139
169
136
181
155
171
157
117
120
130
119
165
172
111
135
162
126
115
187
161
117
119
158
102
124
164
161
220
131
200
127
127
148
169
139
137
192
188
144
134
196
127
147
138
200
206
191
222
142
152
130
235
188
207
127
156
150
203
161
143
212
224
141
195
172
148
148
218
154
210
151
161
146
139
192
186
205
151
202
144
199
142
129
192
150
203
187
204
216
138
123
142
135
125
194
206
135
201
197
164
161
187
218
153
151
223
216
219
147
202
206
186
218
137
186
210
207
134
158
138
152
188
221
195
210
150
138
138
210
222
223
193
139
138
185
176
187
185
204
295
145
221
191
206
141
179
287
219
121
161
215
194
147
192
146
217
143
148
157
211
189
166
132
146
157
208
157
287
136
132
202
162
131
147
178
134
134
136
149
136
180
143
191
218
192
215
193
139
133
138
141
189
162
215
160
205
204
185
142
204
153
132
145
134
184
137
203
137
159
122
142
195
143
199
191
135
141
155
143
195
132
138
201
205
143
142
188
179
181
143
208
133
140
187
137
206
146
225
130
220
230
220
200
204
