44
44
43
73
92
101
40
41
39
38
39
60
63
81
43
49
48
39
71
42
60
39
44
46
73
58
40
41
77
67
57
48
67
76
46
42
74
43
76
50
41
39
43
39
40
80
46
41
51
67
76
47
73
40
43
82
84
42
59
60
83
49
43
40
74
63
40
83
48
83
49
80
75
43
41
47
71
72
54
84
48
85
60
65
43
70
85
47
41
41
74
76
72
63
46
47
81
48
78
83
51
77
32
48
41
46
43
45
47
82
88
40
76
40
78
55
82
48
47
64
52
47
45
40
72
39
44
81
43
87
57
53
46
60
43
40
61
59
77
67
39
41
41
117
41
41
83
39
50
91
90
80
49
45
40
79
45
60
124
75
65
55
57
40
87
69
51
63
43
50
76
44
56
70
61
62
42
52
85
51
53
43
72
41
56
73
84
94
74
44
50
78
48
67
76
49
48
74
41
49
54
44
50
41
67
60
43
44
76
47
43
43
41
56
42
43
57
89
74
42
47
44
49
69
60
76
46
72
46
40
40
49
46
68
42
203
42
51
47
43
68
52
74
47
40
50
42
80
53
51
75
43
71
48
42
81
49
104
73
44
83
55
41
43
86
50
60
71
58
66
42
49
42
43
78
86
54
43
43
41
64
66
85
81
101
77
42
75
34
42
71
49
78
42
72
43
92
52
47
65
42
61
67
61
100
43
64
64
59
100
66
71
42
79
50
51
47
42
90
45
93
102
136
69
43
61
44
43
51
53
107
44
66
85
44
45
96
58
84
46
84
52
68
45
66
43
58
47
44
45
49
52
52
65
43
63
47
60
48
49
42
58
55
65
42
57
56
55
59
51
47
45
45
46
74
43
60
84
52
46
107
66
45
52
41
50
59
74
92
59
57
48
48
50
45
59
84
62
101
64
91
60
83
54
48
53
74
52
85
57
64
56
42
69
50
46
32
85
47
42
89
41
91
43
40
49
66
68
47
72
57
41
50
75
76
40
70
48
86
40
42
66
48
75
41
41
44
74
82
42
47
42
63
61
72
56
57
50
73
38
46
40
57
39
42
41
42
39
82
47
39
47
75
55
83
79
53
88
42
94
85
77
72
56
67
41
72
54
68
55
53
67
85
49
49
48
48
74
44
45
47
40
72
57
88
41
63
38
56
40
40
49
71
47
87
47
54
40
80
79
49
44
45
46
41
46
46
62
40
41
46
41
41
78
52
39
82
79
82
50
81
89
78
48
80
62
38
83
45
94
56
49
87
70
58
39
76
57
72
45
39
75
48
43
52
85
53
43
64
66
92
88
64
48
75
40
73
57
56
71
50
73
45
41
46
76
80
39
83
62
86
58
44
77
83
80
53
50
48
47
47
42
40
76
45
51
38
52
58
60
84
56
45
49
47
85
51
51
74
58
76
40
49
41
39
69
62
44
52
45
40
41
73
39
39
49
53
53
41
72
39
74
72
49
40
46
75
45
78
53
46
65
55
74
39
41
47
50
43
48
81
79
75
41
71
53
82
51
43
71
41
75
39
47
42
52
94
55
40
46
76
49
40
47
45
54
45
66
39
43
40
94
54
42
39
69
48
40
48
47
99
52
64
65
50
74
46
55
40
51
42
64
45
48
42
56
56
99
50
48
42
71
56
40
41
46
85
45
74
52
43
64
73
40
57
74
73
63
77
40
52
66
51
81
40
43
49
47
49
61
78
83
45
101
83
92
45
51
85
49
81
40
41
84
39
75
38
65
76
41
40
95
45
58
48
51
48
52
114
55
78
50
47
74
81
72
39
44
69
74
57
43
78
77
58
47
72
48
47
60
75
42
48
66
39
75
48
59
39
42
75
43
40
51
55
46
40
46
39
46
39
57
63
52
59
46
48
65
53
43
72
60
65
48
60
41
57
51
59
79
43
47
49
38
50
46
40
37
42
44
79
42
45
41
40
50
46
61
40
53
40
45
48
44
47
39
51
48
58
85
39
41
40
43
82
47
49
55
73
55
47
38
40
41
49
54
87
67
40
73
55
77
69
58
81
55
44
44
56
83
47
41
48
69
40
48
76
49
51
47
89
39
56
45
48
96
82
55
44
46
49
39
47
47
51
70
43
39
51
42
61
50
77
51
51
78
54
77
51
71
39
40
78
40
46
45
68
46
79
41
41
84
38
38
47
46
83
48
78
46
39
58
44
100
80
60
76
41
82
54
59
66
41
52
42
81
41
48
41
44
76
68
40
83
45
49
41
82
79
46
39
47
58
46
72
79
48
39
44
51
