354
211
203
219
212
288
196
217
240
241
231
204
199
204
228
219
249
192
191
240
185
201
192
201
200
189
204
229
197
205
183
200
193
173
162
301
190
198
240
188
175
175
162
211
198
166
176
169
155
174
192
181
167
246
192
199
219
177
177
168
203
317
165
170
168
167
197
171
184
303
185
188
192
249
173
166
161
211
163
186
173
181
169
166
184
204
164
191
187
162
165
231
180
198
161
269
180
185
162
293
175
166
185
248
173
164
187
191
181
187
172
175
240
169
188
207
171
216
187
176
197
182
166
207
182
182
170
178
279
184
178
211
174
185
183
215
357
183
215
195
201
173
186
261
194
200
179
200
185
260
176
202
194
188
196
205
202
213
250
222
206
210
225
201
218
243
199
216
208
287
206
185
232
280
241
202
240
185
193
209
183
200
200
230
235
207
197
202
223
307
218
186
216
226
220
177
220
181
192
211
182
215
179
221
184
187
223
180
198
210
191
195
200
194
245
185
211
193
210
268
179
180
174
273
198
183
189
203
194
183
207
172
213
175
226
338
430
292
185
231
317
534
493
495
215
249
183
191
238
198
227
198
242
224
200
255
205
207
189
234
344
216
197
212
359
188
237
730
322
231
203
228
193
228
226
364
325
330
207
241
409
285
241
432
206
262
216
223
225
197
227
198
265
409
201
263
207
232
187
234
191
198
202
271
196
203
212
352
193
212
356
225
231
195
223
194
267
292
302
223
197
257
180
222
204
201
186
254
172
222
213
244
291
201
229
207
299
199
196
259
199
203
218
202
260
199
207
214
212
205
477
261
229
331
202
247
444
265
196
221
213
185
260
234
200
323
213
215
242
194
233
253
194
199
202
199
466
204
207
204
300
203
265
320
221
193
278
223
196
276
219
216
211
201
199
205
230
218
202
217
353
298
313
258
221
188
239
210
232
332
197
220
232
234
199
205
207
204
250
248
191
237
223
253
200
234
363
208
244
197
202
198
203
241
218
192
195
188
199
230
202
185
251
201
209
211
191
196
167
212
222
198
186
221
197
210
186
208
174
184
208
189
196
184
188
183
214
186
183
200
182
190
199
185
184
173
191
229
188
198
217
187
181
206
182
179
179
193
233
198
187
204
182
178
242
244
257
240
238
265
237
187
317
227
182
253
176
205
215
188
213
169
180
180
203
195
180
194
183
201
205
191
210
189
193
195
206
196
187
195
172
189
185
193
177
184
225
182
237
210
182
218
185
186
275
379
413
282
194
145
277
216
177
171
187
179
197
174
196
204
186
179
222
196
178
207
174
174
183
207
166
201
181
180
238
182
195
173
178
198
177
228
225
183
198
194
173
195
185
183
171
165
182
221
160
198
177
193
189
202
178
180
196
193
214
203
199
177
173
167
167
172
195
193
197
212
181
176
203
194
191
205
187
180
178
192
192
199
289
177
187
172
184
209
184
176
179
187
179
231
205
164
171
201
979
213
180
177
201
183
171
188
165
203
212
193
171
172
167
187
188
183
185
173
210
213
216
164
185
246
200
196
179
225
197
202
232
185
212
177
181
166
164
200
194
170
178
186
178
156
161
218
179
210
174
190
161
187
164
160
174
177
157
179
166
197
172
177
177
160
183
188
162
187
182
191
192
161
166
203
188
180
181
183
165
272
162
197
193
184
186
201
172
183
172
157
170
174
226
194
195
201
164
180
193
178
195
192
227
169
189
174
185
202
176
170
194
175
169
178
165
192
186
182
187
167
186
180
179
198
328
197
163
173
202
166
173
217
170
200
184
203
179
160
201
163
167
168
179
181
240
210
262
188
273
187
175
185
187
187
175
172
189
194
194
162
176
199
188
214
159
177
185
185
200
193
179
175
186
175
193
174
169
193
229
176
187
193
187
178
174
186
172
175
200
165
170
173
174
176
232
176
194
195
181
204
208
183
188
167
163
166
178
162
225
178
184
160
185
188
196
156
178
164
185
192
167
166
190
171
177
171
181
171
197
177
164
175
181
216
193
167
158
170
175
195
208
167
188
167
182
177
202
160
243
189
216
214
209
225
201
218
183
195
203
213
189
206
197
189
195
207
198
196
230
224
209
216
188
191
224
225
200
220
217
212
208
231
205
216
237
204
224
220
198
219
232
207
200
194
197
217
199
262
206
198
184
236
245
225
199
184
227
187
196
187
204
207
212
203
197
185
231
175
225
200
199
217
201
188
208
208
213
192
188
194
201
200
186
166
208
281
212
297
208
183
200
215
184
190
215
191
198
208
208
201
189
201
189
188
