71
56
41
43
45
44
72
81
76
57
40
47
47
66
63
49
87
79
48
64
82
88
49
56
47
91
59
86
54
55
77
46
54
73
45
40
67
39
93
84
47
86
48
40
75
48
83
62
64
77
68
45
39
70
42
48
65
46
80
75
48
73
40
41
82
42
82
55
40
59
51
57
92
67
49
39
99
55
40
78
82
72
39
41
54
74
75
57
41
46
71
51
78
42
41
58
41
40
38
73
38
71
49
72
40
47
82
39
41
90
45
40
42
73
82
57
78
61
67
78
66
63
64
41
55
42
121
84
48
49
40
43
72
41
47
80
48
82
49
85
46
64
80
31
39
51
74
67
50
47
39
40
38
38
46
79
40
57
50
49
70
39
52
39
49
56
45
64
38
45
83
48
46
42
75
48
57
89
39
76
48
41
69
49
41
51
45
82
42
51
71
80
77
47
75
143
88
75
39
40
70
41
73
111
40
75
39
51
50
67
62
48
38
63
78
43
80
43
47
39
48
39
147
75
75
45
58
46
75
43
84
71
87
40
41
55
44
64
46
63
47
39
74
47
50
62
59
39
81
74
42
39
42
43
84
62
95
56
97
57
69
57
69
71
73
76
47
60
52
84
53
45
41
54
49
42
38
42
63
39
65
45
46
76
61
38
48
39
79
47
40
41
49
45
51
46
84
71
39
45
54
41
53
45
69
40
39
66
40
81
69
39
52
39
40
50
40
78
86
84
49
39
40
41
65
154
35
38
43
43
60
50
90
40
48
46
39
44
53
44
69
70
52
52
50
89
40
49
53
60
58
50
41
40
70
76
43
42
45
53
51
41
86
58
53
42
42
85
70
54
46
91
57
72
48
41
60
56
57
67
71
49
45
45
62
54
44
47
60
55
49
61
47
55
55
77
44
86
42
54
68
68
110
68
78
46
89
59
94
42
77
42
43
56
44
41
41
42
43
65
92
51
56
59
42
35
52
75
45
37
53
51
51
55
45
43
44
117
58
79
45
82
54
104
43
70
62
46
97
85
93
77
46
91
44
87
53
76
65
47
44
55
63
59
92
51
49
45
50
77
48
81
50
43
49
44
79
76
44
92
47
64
50
105
49
41
74
77
42
58
42
77
72
62
41
46
44
73
86
41
53
45
49
83
60
40
50
48
42
40
86
48
46
78
68
45
51
43
53
50
68
60
58
50
49
41
48
49
66
40
43
44
55
45
49
78
46
42
42
61
72
41
48
47
58
77
80
92
50
53
101
61
71
53
55
49
48
47
75
51
74
48
48
81
54
42
42
48
85
53
64
82
52
81
60
42
48
42
40
57
83
40
58
76
44
49
42
45
86
80
49
42
42
80
59
44
40
49
42
40
77
51
50
39
49
76
65
41
42
79
47
84
42
83
50
76
66
53
50
54
75
44
72
41
41
93
58
80
75
50
41
49
82
40
66
41
76
39
47
57
88
75
79
81
46
46
42
74
41
38
62
46
70
46
39
73
58
81
72
52
73
41
47
50
49
41
56
67
47
39
69
59
77
48
49
85
41
69
47
48
62
42
75
38
73
42
51
47
40
59
53
56
91
49
76
47
46
41
43
46
71
39
41
46
40
42
42
48
96
49
79
66
40
57
46
44
42
66
48
45
53
42
75
42
41
51
40
67
40
53
47
40
67
39
51
46
53
61
41
40
50
46
77
41
77
50
50
75
41
41
42
45
68
51
40
53
71
44
56
77
47
67
67
48
43
83
56
42
40
50
65
47
48
46
42
62
47
78
42
51
40
47
82
50
48
71
40
39
42
46
77
38
39
51
39
76
41
86
39
37
38
138
60
60
49
79
65
71
59
44
44
39
42
40
38
67
40
39
72
41
88
54
41
48
46
81
54
40
72
54
87
48
40
72
55
69
46
40
66
102
63
45
40
48
40
74
59
51
42
47
81
78
42
41
47
41
69
59
76
45
72
40
48
41
47
85
84
41
49
42
74
54
38
57
39
27
52
45
78
51
33
49
41
80
51
39
51
41
92
43
48
51
65
60
48
77
186
42
86
59
83
42
46
50
51
71
47
75
39
56
44
59
63
54
51
41
47
67
84
41
55
60
42
40
40
75
46
84
51
47
46
42
72
76
45
47
39
48
46
51
65
41
66
50
41
65
47
85
40
42
40
47
50
45
49
41
60
43
42
70
51
49
64
42
49
50
48
42
41
72
80
49
43
42
68
83
44
77
52
41
77
32
54
68
40
89
43
41
42
44
80
54
40
42
46
41
44
77
43
48
