170
120
179
136
106
148
117
184
201
130
187
209
206
134
135
111
133
158
188
163
168
130
166
171
124
211
130
161
182
334
269
168
179
167
190
187
132
127
176
182
179
138
118
165
129
136
124
111
123
171
160
131
134
117
159
113
211
126
130
189
130
162
173
129
135
163
177
115
138
179
169
129
182
141
139
161
135
191
124
160
161
179
169
138
111
161
133
131
186
170
126
201
135
128
127
129
122
156
131
197
136
139
179
135
131
166
139
138
177
123
123
179
139
184
176
126
129
131
182
141
176
133
170
175
141
130
120
116
135
185
198
197
138
133
176
175
166
131
137
140
187
181
177
140
131
175
131
167
186
132
180
144
185
118
134
195
130
187
166
133
129
183
182
130
140
149
131
125
181
196
118
116
132
178
191
825
197
141
171
181
162
141
175
111
192
143
244
132
138
173
188
191
135
201
140
131
131
129
194
193
141
110
142
166
185
130
141
131
130
130
189
184
135
183
130
182
132
112
142
126
165
115
189
137
118
216
187
191
132
127
140
177
133
177
125
128
178
132
192
132
132
130
186
198
140
132
140
196
177
195
196
144
143
150
141
132
183
136
172
133
130
176
193
184
116
177
131
184
205
212
139
131
129
186
188
140
180
129
132
187
182
189
143
187
177
133
183
138
175
180
175
199
118
135
132
132
139
184
138
131
181
184
172
182
163
140
146
117
173
130
125
172
173
192
121
126
175
125
224
183
142
231
188
174
177
175
197
184
131
181
178
174
290
130
143
185
132
138
150
152
203
218
269
168
194
322
237
315
265
156
189
188
125
190
131
129
128
195
129
182
115
116
183
116
182
132
168
133
182
126
180
141
169
131
118
145
140
183
204
191
168
140
142
134
204
119
205
140
116
187
115
208
142
139
152
205
141
142
137
197
216
120
170
182
141
170
141
150
188
201
145
167
132
141
178
189
195
186
181
140
459
275
132
203
187
202
134
116
135
138
131
140
187
124
190
205
152
133
120
181
154
211
187
134
142
185
189
190
189
117
144
144
135
132
172
135
125
208
174
191
194
258
188
202
131
193
141
190
190
127
128
142
125
140
125
187
169
142
153
194
126
133
112
141
141
198
119
180
133
202
179
181
188
129
206
149
195
132
140
130
189
195
117
115
132
191
129
181
140
119
138
200
140
206
133
116
136
138
188
213
222
215
204
124
155
181
184
115
123
132
141
130
125
148
151
116
192
123
140
141
111
134
169
115
189
130
133
179
116
120
177
117
122
122
148
188
183
177
127
113
119
168
119
192
163
134
130
121
122
170
145
132
121
172
187
114
122
127
129
157
182
180
191
176
141
155
142
132
142
124
134
187
139
144
179
168
184
137
113
136
162
142
130
136
149
185
127
187
172
128
140
120
139
177
111
192
119
451
186
166
132
164
127
128
216
134
171
130
197
118
195
191
141
183
174
132
116
173
143
141
170
143
187
112
188
131
180
125
137
184
134
137
132
130
131
122
132
160
127
179
165
134
186
187
120
165
114
137
184
133
135
133
163
131
187
136
130
200
185
179
116
189
124
146
156
197
281
213
195
201
193
173
175
112
178
172
117
144
162
183
170
125
178
177
346
179
138
132
121
112
131
159
137
166
132
162
182
140
175
148
187
162
184
159
161
157
174
260
349
303
203
254
324
278
270
201
164
192
240
257
376
245
218
257
304
312
252
276
273
236
183
198
169
189
135
123
129
178
462
139
140
119
111
180
167
183
116
147
129
139
130
126
127
187
146
182
179
111
130
136
134
339
129
167
127
130
136
179
202
128
130
114
167
111
196
138
128
133
182
124
122
137
166
121
157
134
134
162
177
138
197
122
129
172
117
157
114
185
201
170
130
167
150
162
130
152
183
123
192
173
182
200
132
159
125
165
175
167
120
136
130
182
158
175
172
137
128
164
121
122
159
165
161
125
169
115
156
138
114
205
181
151
131
111
177
130
190
146
129
170
170
111
131
137
137
121
164
175
168
180
129
122
172
131
173
187
131
329
145
166
121
116
184
135
195
211
140
178
123
124
204
177
153
179
191
167
154
168
149
222
175
132
174
124
149
183
137
141
123
139
159
178
119
209
158
141
181
157
116
143
186
121
161
176
180
161
177
164
148
184
165
188
166
129
181
125
149
185
131
186
179
145
136
130
164
167
113
184
171
162
178
145
222
147
148
194
182
244
159
241
1018
195
258
240
302
324
264
214
208
176
171
183
172
137
143
157
238
242
202
144
194
186
142
194
135
181
137
184
144
202
