89
56
81
48
69
59
58
86
53
40
76
48
48
45
59
81
56
66
95
82
89
40
418
71
79
59
81
40
40
46
49
40
80
43
49
65
44
48
48
58
42
66
48
59
71
51
78
43
68
48
50
46
48
40
40
44
40
77
54
55
66
52
45
65
40
90
73
40
74
65
50
41
42
44
48
71
89
67
55
101
47
59
78
51
82
41
39
62
74
40
52
46
40
39
39
79
77
53
64
44
38
43
53
45
81
73
40
48
50
46
62
46
45
73
42
50
50
41
39
90
49
52
53
43
54
70
43
58
93
63
74
72
74
60
67
46
79
55
39
48
39
75
68
39
43
110
78
78
40
171
43
42
81
40
121
63
46
44
40
41
58
40
82
39
50
37
38
78
39
41
99
53
64
69
39
40
81
70
43
44
71
60
40
43
88
45
34
85
54
61
42
88
50
75
50
47
77
52
41
47
40
51
83
53
42
59
46
48
76
47
39
81
42
48
69
40
54
84
50
45
42
48
44
40
75
49
40
85
79
39
39
40
46
56
72
46
55
66
43
40
40
49
39
41
39
52
39
52
63
53
61
75
41
76
41
71
47
41
39
51
43
50
58
52
46
79
46
52
41
43
42
42
40
44
224
39
39
47
42
48
41
40
42
55
41
48
42
75
42
43
40
51
49
44
46
67
43
50
41
56
46
42
84
56
53
81
42
62
43
50
45
47
43
41
42
97
66
74
77
88
59
79
77
54
96
49
46
42
68
45
42
45
43
49
83
64
54
80
77
60
81
57
67
89
53
81
53
97
72
68
58
84
60
70
59
135
70
51
54
44
39
51
65
67
65
89
51
48
70
74
62
57
55
50
62
71
39
58
78
43
41
66
76
78
51
71
39
45
48
52
49
99
47
40
84
53
40
79
42
42
43
45
77
41
73
79
40
75
49
43
59
71
43
96
77
44
45
49
42
51
91
42
49
68
361
46
92
42
44
79
74
52
55
61
73
108
51
78
90
124
62
53
44
44
62
97
48
63
65
45
78
95
64
77
51
62
76
45
87
46
56
53
76
41
71
88
48
42
66
77
58
85
40
83
76
41
61
76
43
65
68
65
58
86
66
45
81
44
45
41
70
46
64
74
41
66
83
40
57
47
73
87
41
40
74
75
51
78
117
98
65
102
95
84
88
72
48
71
88
49
48
88
47
83
50
53
38
76
40
45
77
53
50
86
73
79
40
74
68
85
51
85
40
55
49
48
58
81
76
56
47
95
74
67
57
82
47
76
78
47
54
60
50
77
48
39
81
75
64
69
93
41
78
53
51
75
61
46
75
38
55
54
79
53
46
76
43
48
53
60
51
77
79
73
80
65
77
66
39
85
70
38
85
79
57
70
83
143
39
49
40
38
87
39
39
76
55
47
41
58
51
42
72
53
52
60
47
39
63
44
51
65
44
58
40
52
46
50
42
47
39
70
51
41
48
75
46
69
56
75
78
367
81
51
217
94
78
67
40
55
39
39
46
66
80
76
61
48
70
73
89
47
47
91
48
98
67
78
71
78
60
79
49
65
62
43
51
57
59
63
52
38
52
84
71
38
67
70
40
80
76
93
60
74
78
47
41
49
49
42
43
48
41
53
47
31
77
52
72
58
39
74
74
40
53
50
77
47
48
79
46
77
45
39
78
74
52
45
51
43
49
60
40
46
43
49
48
46
59
56
44
78
55
76
80
58
40
63
49
80
40
46
76
50
49
55
41
62
50
49
42
73
72
38
41
76
85
51
68
45
56
82
48
41
50
81
52
48
53
53
65
90
91
50
44
49
42
48
145
34
49
70
34
42
41
41
40
50
49
76
45
43
66
61
52
72
48
41
48
42
39
51
64
61
55
91
71
58
48
89
40
41
65
40
42
83
46
42
111
45
87
86
70
44
87
76
47
80
70
50
50
76
47
83
75
48
82
80
41
70
81
58
78
80
46
34
40
40
81
39
46
71
50
41
50
46
79
71
40
74
78
44
49
58
40
73
43
74
75
49
81
78
39
74
71
46
77
78
40
79
83
44
80
61
45
82
90
41
77
71
40
81
80
41
67
82
46
81
77
44
82
68
45
48
46
97
47
78
68
43
78
64
50
42
74
62
76
87
55
84
84
46
42
47
74
41
86
84
45
52
93
83
32
79
39
41
39
88
44
43
80
84
52
88
44
39
50
78
73
59
57
84
67
46
46
38
82
45
46
39
83
45
46
83
48
96
74
51
92
85
75
78
82
116
82
74
79
46
82
92
