216
193
164
203
241
186
213
229
187
302
171
344
204
195
236
175
252
219
205
187
219
148
228
286
215
156
166
198
177
207
214
147
168
215
157
152
214
144
218
148
177
163
213
195
214
216
152
152
166
166
165
211
166
156
208
156
183
214
151
162
172
154
166
210
166
149
220
222
190
200
206
189
177
151
156
165
165
170
184
157
169
144
155
150
173
174
156
146
156
158
153
149
153
179
157
162
162
152
156
165
148
168
177
165
157
163
161
175
194
242
212
166
170
151
154
199
157
175
163
158
160
156
154
180
245
173
213
570
232
174
223
193
163
154
210
165
176
203
164
222
210
166
166
164
186
208
223
155
190
210
179
175
164
223
215
148
152
169
158
157
149
267
218
218
163
164
170
234
160
163
206
166
158
163
152
164
220
155
220
202
167
148
248
168
210
179
202
225
156
156
221
166
172
164
155
182
216
159
165
204
170
166
166
144
156
212
155
168
199
157
171
185
205
170
218
204
255
275
245
231
221
171
157
224
177
170
208
203
162
168
160
160
216
188
156
161
167
302
196
169
153
344
161
164
247
175
395
194
172
290
168
227
184
206
194
178
217
241
189
186
289
203
260
266
231
274
228
225
315
237
244
267
241
200
210
228
283
203
260
224
205
186
305
191
245
254
218
230
263
267
264
288
191
261
200
230
187
195
196
195
237
244
214
253
240
196
194
247
180
262
178
244
185
232
262
226
274
192
184
249
238
201
267
264
208
212
248
192
237
186
188
228
192
225
245
203
239
237
187
262
239
190
162
225
242
297
359
289
197
251
231
221
237
207
222
198
232
236
219
211
233
240
189
195
230
228
240
235
195
192
219
212
257
209
302
189
224
191
236
254
305
239
221
184
253
295
188
215
302
198
188
428
213
182
188
215
221
245
179
185
237
238
174
247
187
252
175
421
193
233
232
294
191
193
264
319
236
185
198
190
192
244
242
219
230
194
253
215
236
1029
232
188
188
268
201
191
214
179
218
204
199
248
195
247
244
192
232
224
217
303
240
220
263
263
209
192
215
232
244
192
322
213
188
191
212
227
255
235
192
190
194
239
192
251
183
203
228
215
316
187
211
259
275
221
233
229
349
192
209
203
326
207
213
272
234
303
313
306
224
199
211
231
193
199
222
206
201
193
216
243
335
252
244
211
209
286
229
196
208
196
545
305
170
242
151
200
230
269
202
356
417
360
231
196
189
189
211
199
200
204
266
297
182
214
247
263
175
178
184
315
366
310
308
226
205
233
304
258
219
284
174
222
191
171
187
179
179
215
176
176
211
198
180
233
208
172
193
179
217
193
206
178
180
188
195
196
180
225
303
218
239
241
297
251
273
253
264
241
266
235
245
232
282
247
357
263
208
210
169
179
184
185
173
213
181
183
242
203
175
222
178
170
223
178
182
194
172
172
199
161
177
219
184
181
209
154
167
210
196
170
203
180
180
227
156
178
198
186
186
202
178
198
159
161
170
208
176
176
160
174
183
161
167
178
210
181
173
205
191
223
270
319
373
303
174
237
228
235
176
177
302
160
217
175
181
154
233
183
207
166
179
180
170
193
197
181
185
195
167
184
217
170
197
161
196
174
212
169
170
188
167
189
214
176
197
168
177
172
206
181
188
181
177
177
209
166
187
182
159
183
220
188
174
170
179
175
226
180
172
191
197
173
222
175
196
179
202
215
171
169
196
158
185
160
187
177
188
175
206
279
332
245
229
263
215
299
254
336
295
254
254
206
296
214
311
269
339
233
340
243
292
265
251
272
272
249
277
268
244
286
243
174
172
176
178
201
161
174
179
159
225
257
320
219
171
175
234
188
193
268
238
205
180
174
223
188
181
172
187
174
232
173
183
190
199
178
182
188
172
215
184
175
212
220
211
272
396
275
299
179
263
223
199
231
220
160
192
185
188
211
163
169
170
160
189
217
167
194
177
169
184
223
174
176
216
280
334
246
303
211
239
285
205
212
192
163
195
179
183
212
244
189
173
205
195
186
273
192
251
211
188
169
184
218
218
193
168
192
183
157
208
224
175
174
168
222
178
178
185
202
174
178
182
191
201
216
190
198
210
190
235
249
249
200
333
283
205
207
184
183
187
209
216
184
203
190
193
192
216
188
214
197
192
223
241
176
215
230
211
231
231
215
185
177
179
202
263
319
357
239
245
204
266
255
293
278
245
187
196
205
184
222
199
180
188
213
173
202
180
187
209
189
192
180
185
175
206
207
220
174
188
172
181
201
203
217
172
179
184
206
