47
83
39
92
72
99
54
59
59
74
63
41
52
92
47
43
41
48
52
74
44
78
75
39
52
41
47
83
46
47
66
49
62
69
78
60
77
58
55
59
46
61
72
78
44
70
50
38
74
68
40
77
46
61
42
88
45
58
98
51
50
69
68
94
85
84
47
73
41
43
40
40
73
72
70
72
74
39
80
43
43
67
65
56
41
79
68
72
81
69
74
51
41
49
46
58
70
64
40
72
53
36
73
91
83
80
54
74
69
52
41
84
41
43
65
68
47
78
73
52
75
74
71
71
54
77
39
45
39
53
93
48
48
85
40
49
90
40
47
48
44
74
81
45
42
58
40
440
50
40
40
54
68
40
88
76
41
85
90
51
110
72
53
78
52
77
79
55
40
81
42
39
42
44
83
49
66
76
40
50
69
40
54
76
76
70
91
48
45
43
39
62
70
47
78
83
44
69
48
45
81
76
46
50
46
45
59
71
86
64
69
77
103
68
51
92
62
65
69
73
87
59
61
83
64
73
43
37
53
54
59
108
72
85
81
40
89
74
97
90
52
101
90
50
33
80
88
39
104
65
69
82
67
47
68
50
39
46
70
83
48
61
140
60
101
60
83
116
90
48
71
40
45
68
63
40
84
66
40
82
85
42
78
41
47
95
38
70
78
81
82
38
52
48
85
39
62
93
39
43
88
41
41
76
66
41
38
73
47
40
87
87
56
74
71
39
67
71
40
43
41
40
47
83
53
49
80
40
39
45
38
91
68
40
52
94
50
46
40
39
41
46
74
48
99
85
68
68
71
52
64
50
54
52
43
72
77
43
49
40
81
73
52
49
51
40
82
41
81
41
43
75
66
70
61
75
68
76
69
74
64
62
46
80
41
40
77
47
40
42
95
49
41
77
38
86
104
51
46
42
94
44
77
46
82
50
46
71
41
40
39
39
54
40
40
46
40
40
42
49
64
43
41
67
39
43
75
43
45
86
41
50
45
81
1113
40
64
47
69
75
63
107
46
125
77
73
39
58
69
48
40
43
42
49
103
40
55
76
44
44
95
61
49
40
39
46
82
54
44
86
49
40
43
40
71
46
45
55
52
83
78
48
93
63
42
41
81
40
39
40
51
46
54
97
40
41
117
50
55
64
71
47
46
43
76
96
40
59
48
55
56
60
78
56
41
41
61
58
95
41
80
40
68
40
64
58
92
71
75
41
331
33
58
39
41
89
81
50
42
47
39
81
73
42
78
124
83
78
40
128
39
47
43
39
75
49
39
40
76
78
60
48
57
50
98
65
60
40
70
51
53
39
39
74
54
54
80
70
43
39
51
40
82
40
71
93
47
72
50
68
79
46
41
49
42
49
52
59
52
76
41
67
92
60
48
68
77
79
41
75
37
47
78
59
56
46
62
64
43
51
76
58
58
49
49
41
49
40
42
49
40
61
50
42
64
57
40
38
66
54
71
51
60
40
72
49
49
39
79
45
75
78
50
39
55
44
66
75
57
41
40
78
48
42
71
46
49
42
63
43
46
42
71
39
77
50
40
100
79
41
53
49
65
81
66
39
39
40
83
48
73
41
42
37
73
65
51
60
47
49
66
58
40
81
53
63
74
48
86
85
54
76
78
50
73
55
45
49
43
45
51
112
82
46
82
78
54
93
44
66
71
72
79
78
64
84
49
40
40
53
48
38
82
42
65
63
64
77
44
46
96
83
57
45
79
83
48
48
71
39
84
85
75
48
50
47
39
52
58
74
81
83
49
53
44
52
67
55
63
77
39
72
51
45
39
41
66
39
85
90
47
80
76
55
72
38
41
71
76
49
42
91
77
42
47
69
56
54
77
45
81
72
342
66
63
77
46
49
83
45
123
86
81
92
99
81
49
76
81
47
51
40
68
85
74
64
40
42
41
40
72
44
77
72
45
48
40
40
39
87
40
40
82
72
39
39
45
50
100
55
39
67
46
40
40
69
48
40
40
47
43
42
42
66
64
67
87
42
80
48
44
39
65
49
32
49
78
48
58
61
40
76
80
39
49
43
53
70
76
41
52
85
45
40
77
79
40
110
74
82
71
66
107
135
52
47
70
72
46
50
65
45
69
77
48
83
76
49
42
45
40
40
80
88
49
78
83
44
74
66
43
72
39
83
75
41
45
78
47
76
89
50
41
38
78
85
41
60
71
45
75
40
47
89
39
46
48
74
64
82
88
86
80
49
80
73
39
84
42
60
75
58
83
68
49
73
51
46
58
61
40
41
47
50
90
39
72
77
40
73
