137
142
139
134
160
139
143
135
141
131
135
146
200
225
143
143
143
211
142
169
156
193
213
193
204
143
141
147
139
161
150
140
226
154
156
134
205
169
147
139
207
143
152
199
216
145
161
149
146
176
148
373
270
214
224
178
171
167
164
226
164
162
202
155
160
177
234
174
156
188
176
196
155
153
168
195
158
148
170
227
157
182
151
151
160
159
187
148
160
158
211
154
164
147
200
220
170
174
157
159
148
148
153
149
161
197
147
151
146
178
152
148
152
163
161
156
163
162
145
155
148
159
164
159
213
164
168
185
151
154
164
213
153
154
171
192
171
216
153
151
153
156
149
179
150
152
151
149
218
166
152
154
212
152
158
157
162
230
151
149
144
156
146
143
184
155
155
141
137
143
140
149
143
139
194
160
142
160
166
145
142
141
138
140
156
145
149
143
158
143
137
141
141
156
135
157
144
143
208
141
132
145
153
231
139
153
151
137
161
146
144
141
144
134
140
166
214
147
157
147
141
160
154
148
154
147
152
142
136
137
156
148
142
153
151
141
187
204
150
142
144
146
145
180
157
146
246
157
158
194
202
140
185
136
138
159
242
135
194
140
143
187
182
146
137
142
208
143
137
154
144
124
162
206
143
139
137
192
135
133
133
201
212
127
138
128
148
154
196
192
133
140
132
133
137
191
138
135
139
194
197
140
143
132
195
157
149
138
186
155
138
140
145
139
130
136
136
141
144
147
135
143
143
202
140
222
134
198
199
207
141
143
149
144
142
126
140
141
154
142
141
140
146
151
143
147
142
148
139
191
240
148
147
150
141
153
135
139
128
201
1807
141
142
148
216
145
151
158
164
138
131
140
150
174
140
151
190
143
138
140
203
156
149
126
131
149
141
140
153
133
227
142
148
134
154
134
148
206
188
200
141
210
146
141
157
208
204
190
131
150
144
213
134
209
135
138
144
134
216
140
176
142
143
124
146
150
204
137
145
165
149
134
182
167
136
130
145
138
146
136
132
231
147
212
142
153
142
132
192
133
141
146
157
140
128
161
143
147
168
151
193
211
155
152
149
221
149
151
149
201
214
156
144
154
210
145
148
151
149
156
153
213
149
156
162
147
181
151
190
217
146
164
173
218
154
157
157
168
159
220
173
178
153
173
172
179
210
146
158
166
150
150
174
220
171
222
149
235
198
218
164
206
232
164
167
163
176
165
218
203
220
146
149
162
166
155
150
168
167
155
165
147
208
159
167
148
135
221
168
223
170
192
149
154
156
214
165
168
182
217
166
157
149
210
156
242
145
155
157
211
199
156
158
151
154
150
167
170
153
151
155
150
153
156
167
171
153
153
163
151
153
151
216
165
160
169
210
202
153
149
210
167
213
229
150
155
145
220
209
160
171
176
154
150
147
156
163
149
224
155
157
208
157
143
155
218
149
152
212
203
148
155
167
218
201
164
152
149
150
165
152
153
151
144
156
153
154
151
171
175
162
165
164
163
167
165
158
151
151
229
198
206
166
147
149
196
156
150
147
207
160
153
161
176
239
168
161
159
220
158
156
172
232
154
171
161
160
151
153
154
174
224
147
157
230
158
155
148
157
155
151
160
152
221
163
192
152
220
212
212
158
155
151
212
161
168
196
148
156
146
228
206
196
160
234
237
148
154
157
159
153
158
146
342
233
158
155
169
172
223
228
150
163
161
221
157
163
183
155
158
148
185
205
186
231
171
165
171
165
158
153
156
141
184
134
155
144
201
135
141
144
188
170
202
152
158
171
202
226
156
151
189
160
194
138
141
150
152
161
170
184
168
213
138
154
144
146
186
277
214
167
142
141
203
137
151
148
155
145
156
148
143
143
134
151
159
147
172
195
139
152
143
182
138
136
146
207
191
150
167
142
151
141
166
154
140
196
206
155
138
141
198
193
143
139
141
203
196
144
209
188
139
154
213
158
156
138
189
139
157
140
144
198
163
138
144
192
145
150
146
162
152
160
198
155
148
143
140
140
137
147
139
156
148
158
148
143
152
154
151
137
150
174
150
144
208
156
202
158
189
143
148
146
208
232
147
214
138
137
141
203
161
175
139
155
224
232
153
159
154
156
223
228
159
172
160
232
155
157
160
218
168
181
244
164
232
154
232
168
169
165
265
218
150
175
156
148
159
231
155
169
161
244
232
163
240
239
169
152
266
233
151
160
178
218
169
217
177
226
242
170
227
151
166
151
220
147
184
158
214
223
170
232
167
218
160
167
168
156
154
171
236
255
236
198
153
214
237
174
164
