171
186
184
190
178
178
170
178
169
171
4503
189
160
204
188
171
174
187
162
194
184
207
219
178
239
281
301
278
325
289
283
406
467
234
224
215
227
181
176
186
168
180
157
187
181
169
159
176
190
193
212
171
183
282
175
191
195
198
163
187
196
186
191
173
189
162
194
187
199
164
176
157
177
184
222
180
189
169
192
193
175
186
167
191
172
215
164
191
162
195
156
192
206
204
183
212
203
219
246
231
264
290
204
243
226
230
248
209
194
189
175
187
186
180
205
176
215
194
172
192
165
196
176
180
169
173
166
210
161
169
187
174
159
176
187
169
168
165
210
201
194
174
183
157
163
170
173
202
172
187
192
180
173
155
185
180
174
178
170
197
182
182
170
178
199
178
164
162
194
184
172
187
187
190
174
256
241
245
233
233
224
192
193
200
173
199
210
200
193
278
246
247
220
185
289
183
172
197
257
210
247
169
184
186
178
181
169
202
195
186
213
176
190
168
185
181
183
176
186
152
183
176
199
187
161
176
190
183
158
162
199
194
202
188
176
202
188
219
188
182
187
172
216
193
203
191
171
168
154
180
169
180
190
183
176
180
176
186
184
192
203
173
170
170
189
164
180
147
182
164
180
158
179
192
184
159
166
191
196
170
194
191
189
161
169
183
174
182
170
183
176
162
183
167
177
190
180
194
184
172
177
168
165
277
168
179
166
203
183
149
206
187
154
146
179
175
206
194
183
194
164
199
163
202
177
161
214
181
204
172
196
174
171
206
178
161
191
163
196
185
170
168
181
173
203
168
174
179
171
261
198
164
193
160
200
189
168
178
182
168
162
183
174
179
213
213
185
211
225
224
194
232
213
208
183
245
184
211
261
257
250
235
237
247
235
227
228
239
333
246
207
165
219
240
221
216
212
183
213
227
218
222
211
233
243
191
215
198
201
184
199
207
183
163
165
185
175
171
184
181
195
197
182
175
177
168
224
173
189
178
168
190
186
176
182
192
294
196
359
183
177
175
208
180
171
137
197
171
175
196
202
192
187
188
185
160
176
168
178
174
157
188
182
158
176
190
194
198
174
167
190
166
188
189
199
174
179
178
182
170
159
187
184
191
178
182
170
176
165
178
166
164
198
206
240
199
192
236
196
196
162
186
212
190
187
166
196
185
192
183
189
156
334
186
188
208
186
179
209
165
168
217
193
188
177
185
185
173
194
183
267
191
158
190
170
169
187
180
178
191
170
199
159
185
179
193
176
173
178
194
205
190
180
166
172
159
192
179
168
188
167
170
189
174
178
184
187
180
144
177
182
159
161
179
172
191
158
193
188
176
170
186
177
209
181
163
239
182
190
196
183
167
157
190
190
185
198
174
185
178
163
202
169
174
157
185
192
168
140
181
154
181
166
198
196
176
187
189
166
201
188
167
154
163
177
163
204
178
195
197
180
209
158
164
171
194
218
218
190
163
187
189
183
175
181
180
173
234
171
181
173
206
190
169
156
210
165
178
182
171
193
169
158
146
163
169
179
180
188
174
171
176
180
165
164
181
166
165
177
165
170
160
168
189
167
184
189
175
194
170
164
193
162
163
166
176
182
180
208
175
170
171
184
184
198
179
174
175
164
197
170
165
160
181
195
176
180
201
312
175
187
295
188
164
166
184
174
178
186
192
199
158
167
188
187
184
196
173
188
168
180
178
166
180
443
170
213
182
190
190
184
163
170
255
284
213
193
174
182
185
170
189
162
178
200
182
188
198
165
198
201
227
228
213
202
192
186
184
230
173
164
204
158
187
184
173
168
172
193
191
189
178
156
201
195
175
198
218
177
214
232
202
170
215
197
184
188
193
189
174
191
185
168
170
164
179
185
215
185
181
224
221
235
246
251
259
269
239
214
218
221
217
230
199
230
197
238
231
203
185
211
212
195
3786
189
193
205
179
177
194
168
197
191
188
160
200
200
181
173
198
205
206
225
188
255
231
230
258
246
317
353
281
237
230
215
214
181
225
250
273
200
256
298
269
283
270
276
233
289
278
310
251
289
227
205
216
253
255
239
247
216
251
230
248
150
206
174
174
183
187
196
182
202
208
194
192
206
210
194
200
193
180
208
155
170
168
174
193
181
157
150
173
180
183
207
178
177
175
164
183
177
189
202
193
190
189
168
196
178
175
189
174
182
194
188
172
204
186
197
188
200
189
168
184
183
190
181
162
212
185
184
188
199
203
211
190
192
164
198
212
171
211
167
188
181
186
171
201
164
179
165
151
203
213
200
205
242
252
259
278
