99
78
78
75
42
89
67
74
75
72
41
71
72
40
74
44
78
69
43
67
40
75
75
39
79
39
72
84
76
40
40
39
83
82
39
73
79
74
63
40
42
61
42
80
40
39
80
41
41
81
67
64
73
74
79
41
39
83
83
38
67
73
73
44
64
65
79
63
71
73
39
42
69
77
42
67
62
67
41
55
65
40
75
70
39
46
49
83
79
68
70
101
40
79
90
73
45
47
58
56
78
86
52
108
79
35
44
104
68
42
53
69
94
43
165
80
83
72
90
49
38
83
53
41
43
78
40
44
39
93
43
42
90
52
98
49
40
44
44
74
73
75
41
40
44
41
46
79
76
73
75
34
42
39
43
135
41
84
75
41
42
63
84
67
55
42
42
67
42
42
77
65
33
99
35
76
45
80
70
93
43
43
76
45
79
61
77
44
66
39
41
86
60
42
56
43
41
43
40
72
45
74
72
41
77
75
71
39
74
70
71
76
72
64
70
84
75
74
40
69
76
71
40
67
61
71
74
67
49
41
32
85
70
38
66
53
69
47
72
42
44
58
96
104
86
81
99
72
76
42
68
41
46
71
69
70
56
72
39
40
83
62
82
50
91
44
42
72
49
110
99
40
65
64
39
83
83
73
38
45
69
79
48
69
78
45
91
71
87
39
40
43
69
35
40
75
68
40
40
41
77
43
40
102
40
41
79
38
70
76
40
71
58
40
73
61
59
63
76
80
41
40
91
81
90
115
112
62
68
109
117
111
128
110
87
96
109
63
62
113
109
130
101
84
65
60
94
66
89
74
70
39
45
90
111
75
77
41
31
89
44
73
69
67
38
46
63
41
62
42
64
64
96
69
39
61
39
39
78
61
98
72
41
37
69
40
84
41
60
76
40
76
42
90
46
83
53
40
39
72
35
71
80
89
61
40
89
81
72
84
40
68
79
41
83
66
60
76
65
45
66
77
34
80
47
43
36
38
55
47
68
68
53
80
48
41
44
62
71
41
40
42
42
41
44
77
42
62
66
72
75
40
65
41
43
45
109
120
71
119
68
42
93
34
32
83
75
107
128
103
73
93
131
92
86
50
40
95
40
78
83
78
40
41
79
82
70
77
66
173
67
35
79
45
59
72
81
45
48
40
42
73
84
41
75
44
41
81
42
40
40
93
65
76
73
63
68
44
61
86
46
65
87
43
76
81
63
73
42
41
218
80
44
74
80
41
78
80
42
81
43
99
44
40
78
44
72
44
43
74
36
74
35
49
75
43
43
38
40
43
42
87
35
79
42
42
81
41
61
68
38
80
43
40
40
42
39
32
70
39
38
40
83
49
45
44
81
61
31
81
66
39
57
38
46
84
38
75
64
33
44
42
44
46
44
79
84
48
55
114
40
89
78
70
57
43
42
74
78
42
213
88
72
31
98
75
100
51
42
87
76
42
45
64
65
69
78
44
42
42
76
43
48
42
86
74
91
74
41
43
43
73
42
74
67
45
81
68
41
44
76
41
81
82
43
42
34
65
71
60
75
62
48
52
56
87
87
58
67
63
50
87
47
83
46
41
71
61
49
74
33
38
46
69
83
47
52
62
42
79
32
44
79
43
85
82
43
42
43
95
44
91
79
101
53
44
84
76
59
45
41
92
47
123
39
59
61
80
79
96
41
42
72
86
65
72
66
36
49
58
43
93
43
78
72
43
42
42
42
41
90
70
43
75
73
42
76
34
64
40
75
42
127
70
44
90
38
84
38
58
41
42
40
43
70
62
48
42
43
90
60
135
56
42
61
60
71
42
39
72
54
55
36
88
65
43
41
63
42
62
44
42
44
42
43
88
91
43
41
73
73
90
80
36
88
43
41
73
91
41
68
43
37
42
84
77
41
82
59
45
40
48
76
90
70
82
52
95
122
73
125
76
70
55
66
71
79
39
88
39
78
68
79
79
42
66
83
66
43
49
74
42
68
68
81
92
59
80
43
84
68
42
81
64
43
42
47
50
113
51
87
86
103
95
76
73
73
39
42
73
65
49
88
66
63
143
110
76
40
103
42
76
69
81
85
34
42
43
86
42
84
71
77
43
45
44
62
60
74
42
81
73
84
44
43
69
73
42
43
44
71
61
42
66
49
75
42
40
44
70
40
98
74
67
42
46
202
44
51
71
41
41
75
55
75
79
77
88
67
336
43
41
75
47
73
34
69
78
61
40
39
65
69
85
41
76
81
47
41
34
71
67
83
42
44
63
42
43
38
64
73
41
70
82
102
194
70
108
43
79
