196
156
205
202
137
145
197
158
140
152
188
140
134
144
137
139
138
145
142
140
139
148
142
147
142
142
157
174
150
162
153
154
160
144
139
157
143
140
156
143
146
153
143
144
167
145
141
140
152
136
144
140
144
145
150
139
136
143
161
154
190
142
204
187
136
149
192
161
147
142
199
194
193
157
147
147
143
192
150
190
137
140
158
179
143
143
144
153
150
147
141
146
147
151
145
146
149
145
168
147
150
150
157
151
150
148
155
146
147
169
147
143
153
158
143
148
162
152
159
146
147
164
154
148
149
147
146
146
147
162
145
148
145
146
167
146
166
158
161
157
163
175
176
161
161
162
156
163
317
262
157
221
168
163
179
242
236
178
162
176
161
236
244
163
161
187
230
164
239
151
179
160
160
156
158
247
176
221
169
215
223
156
154
157
157
206
158
153
169
158
161
162
172
153
189
158
222
171
177
184
170
154
151
159
171
154
158
171
152
153
166
147
160
165
158
168
157
153
151
161
180
154
150
171
151
157
162
163
171
237
256
159
150
157
156
214
159
153
162
147
153
160
161
160
179
160
153
149
168
155
148
150
148
150
152
162
152
202
156
153
153
152
163
157
154
154
162
155
161
149
157
151
171
156
159
153
157
159
155
165
157
158
159
175
162
158
170
168
195
152
154
159
159
180
168
162
166
150
163
167
153
156
156
171
155
157
160
173
160
172
222
173
201
222
236
158
169
154
206
153
157
169
169
206
156
163
146
203
149
226
161
160
159
223
139
154
151
180
215
154
157
169
169
248
210
169
199
210
201
147
169
154
155
161
179
157
174
153
162
156
151
162
156
158
165
166
176
152
143
177
154
148
168
158
198
153
167
149
153
146
152
165
211
178
146
151
210
153
136
170
197
150
212
150
213
154
154
146
159
153
214
163
173
165
191
163
153
161
176
150
166
171
155
148
167
168
152
162
163
165
142
153
166
160
152
167
153
173
152
157
162
155
139
152
156
176
158
227
152
151
154
157
171
175
165
169
155
155
162
156
149
180
169
156
154
156
152
166
179
155
154
162
147
157
148
145
164
147
144
143
158
166
157
153
149
222
152
237
154
158
167
214
158
159
248
152
206
226
159
145
149
154
176
218
149
169
149
143
139
147
143
150
217
212
221
210
153
151
150
171
146
145
148
143
145
165
159
150
149
145
142
164
137
149
142
250
155
192
198
167
240
175
285
175
154
180
162
162
157
164
138
150
131
152
148
142
136
159
152
162
135
157
137
155
138
159
141
145
142
144
142
155
134
141
146
141
151
145
144
169
142
137
199
172
180
212
141
144
141
163
151
140
147
154
139
159
175
137
163
136
152
179
175
202
138
148
157
135
157
153
141
195
141
160
204
202
155
150
140
154
136
139
144
140
146
145
139
132
127
148
124
165
159
131
142
132
156
161
137
136
134
147
135
141
224
139
201
137
133
141
198
141
177
197
131
131
135
198
142
135
130
199
141
130
142
202
130
147
126
172
133
150
134
183
134
147
129
135
210
130
142
132
141
146
177
145
137
132
152
138
146
132
139
139
146
131
148
154
138
144
127
164
134
156
153
134
137
134
145
135
131
147
135
135
136
145
142
138
148
141
199
140
176
138
139
133
144
138
187
132
139
134
151
144
147
129
137
136
141
149
206
154
155
136
145
138
134
134
144
138
148
138
143
149
152
149
141
187
183
134
209
145
205
153
135
136
208
140
151
142
135
198
145
204
178
210
141
203
184
133
210
193
132
133
151
140
219
189
189
186
166
207
220
148
209
218
209
154
164
144
152
144
160
149
143
177
145
156
186
151
208
145
158
150
149
144
171
149
139
148
148
149
159
170
148
139
174
148
147
147
145
147
150
150
159
145
157
148
152
146
149
145
157
152
165
159
221
142
147
160
158
153
223
156
218
159
166
143
233
149
160
149
167
152
158
174
150
154
155
160
168
150
154
148
155
169
151
155
223
166
149
151
151
165
181
147
217
145
228
150
173
162
165
151
151
217
153
161
219
210
148
153
210
147
212
166
153
171
182
152
217
154
156
154
199
161
166
152
189
226
163
150
142
144
163
217
144
154
152
156
156
215
164
147
144
146
151
147
173
164
179
135
150
157
148
174
167
150
165
147
166
164
152
173
141
155
185
136
154
143
157
142
140
139
137
156
143
138
129
140
201
142
158
135
134
163
148
180
151
150
142
143
136
147
137
145
137
156
145
147
143
146
151
141
139
210
146
137
143
217
151
151
142
215
137
160
148
159
138
161
