130
168
169
230
218
139
146
221
153
195
198
136
151
137
135
217
147
165
158
135
221
135
143
144
136
203
134
210
221
151
202
130
200
218
220
216
141
216
152
209
138
146
218
209
231
152
133
179
137
161
151
210
148
158
147
137
121
145
213
138
212
135
218
133
148
131
152
206
140
213
139
149
161
209
214
199
147
166
260
255
142
208
177
149
249
190
148
187
152
197
147
189
187
150
149
145
193
193
141
126
133
188
157
140
201
141
199
168
191
195
179
190
140
192
139
185
185
146
181
138
181
181
140
170
175
180
167
186
167
141
150
257
192
195
192
184
198
149
167
137
213
189
146
194
138
200
194
209
192
137
190
136
201
189
201
189
135
189
139
201
149
150
194
141
172
175
129
198
136
183
217
130
212
218
193
216
133
178
190
132
156
211
200
190
141
138
213
131
151
146
208
131
193
143
189
203
135
206
146
143
126
184
196
136
158
142
188
192
145
197
142
203
206
184
180
135
203
144
128
189
192
146
206
152
150
133
148
180
137
145
139
149
255
140
215
213
196
169
155
186
181
152
151
187
135
203
151
165
155
139
138
223
188
138
133
155
143
197
180
138
190
144
172
132
199
193
132
187
136
210
131
147
143
134
190
136
151
135
140
147
146
197
185
136
205
132
186
175
148
174
196
161
135
181
138
132
134
132
189
136
190
153
140
193
142
150
137
146
188
132
134
157
147
187
149
164
135
187
130
138
194
137
199
150
188
147
139
191
138
187
146
139
143
137
202
137
133
200
147
195
132
144
180
148
139
136
146
146
259
147
146
179
136
132
193
139
149
201
137
198
144
193
144
171
155
124
129
158
210
136
135
131
206
152
193
154
147
216
139
206
206
135
138
134
199
136
135
145
138
210
150
188
130
136
156
145
185
134
141
199
142
191
175
191
147
134
184
147
172
183
133
133
156
210
189
141
131
132
190
127
147
196
136
181
137
148
131
159
186
137
137
123
151
195
139
137
247
147
126
130
133
201
142
144
146
154
193
157
144
213
174
152
149
123
186
131
137
149
151
139
143
208
153
160
141
142
210
142
145
152
144
203
149
144
152
143
204
145
152
150
140
221
142
140
158
151
204
160
143
152
156
208
153
142
195
141
202
157
204
141
153
160
147
203
197
149
162
138
156
210
139
139
168
155
214
146
140
144
165
203
165
162
162
170
145
139
146
143
144
211
157
201
153
144
219
149
200
141
139
140
150
140
139
146
237
139
212
147
138
129
137
192
150
145
156
138
215
158
144
152
192
147
207
135
146
149
143
208
144
148
205
146
147
147
222
144
207
149
166
195
151
240
142
142
146
142
172
208
227
159
145
139
155
212
153
149
157
158
146
159
211
185
144
163
186
292
203
181
217
202
209
194
156
137
156
201
203
145
141
162
206
161
149
141
160
213
139
198
141
143
195
155
212
142
147
149
151
140
142
209
148
155
141
155
143
204
152
128
143
211
167
199
142
159
207
141
149
185
211
144
144
157
213
142
215
141
136
182
138
202
144
151
141
147
225
245
180
144
197
133
154
132
132
148
140
176
191
145
146
132
145
149
133
189
133
132
147
138
172
194
136
171
133
138
138
138
133
133
134
151
122
133
188
135
146
122
149
200
146
164
126
137
145
137
191
131
191
139
127
134
142
130
165
177
136
138
155
133
203
126
135
140
141
188
133
142
244
157
134
196
138
133
150
133
133
122
138
153
143
207
226
236
179
204
133
223
134
141
132
157
130
150
135
154
133
191
197
150
131
175
139
135
133
137
147
141
148
145
160
132
200
149
138
193
146
196
135
147
185
134
201
143
131
205
158
199
158
137
186
146
199
136
147
189
141
183
141
141
132
123
143
138
135
149
134
194
134
148
151
148
143
130
149
137
137
183
133
140
147
136
179
131
136
131
148
147
139
142
193
150
133
131
150
138
189
146
175
205
216
145
176
143
134
148
136
146
131
138
137
131
127
137
130
191
131
138
194
138
136
161
145
193
137
195
138
143
185
130
236
155
143
143
144
141
133
130
186
221
145
143
153
137
134
139
125
142
146
131
134
158
147
187
178
124
206
145
144
174
182
124
133
164
138
147
199
138
188
130
200
145
154
209
192
131
148
186
130
191
195
202
190
132
177
195
136
179
132
144
190
185
148
138
144
125
260
139
205
195
126
142
194
134
191
131
133
127
127
128
150
133
129
148
154
139
187
131
134
191
153
127
203
128
231
126
143
193
131
191
202
126
140
186
138
192
161
205
187
200
141
142
