77
65
60
74
60
54
82
76
67
84
66
77
53
151
50
61
51
79
70
89
51
73
58
76
63
71
60
66
53
70
52
66
59
73
62
58
57
53
61
52
95
75
84
78
71
60
91
49
81
66
68
92
56
75
56
79
55
74
65
68
50
78
51
69
117
128
70
52
64
57
51
79
63
69
64
96
68
53
68
66
62
109
69
76
67
42
65
55
69
66
58
81
74
67
77
90
57
67
73
61
65
69
59
56
61
41
65
42
63
51
68
50
62
57
77
65
64
71
63
63
73
68
58
63
62
79
64
49
62
85
63
76
81
49
70
82
66
65
85
62
63
50
61
68
77
62
75
58
90
75
73
68
79
66
72
74
73
75
68
73
76
83
84
75
77
78
50
72
82
68
72
61
72
64
80
71
50
91
65
64
80
77
88
61
49
111
67
72
84
75
79
50
67
71
73
68
85
66
78
66
60
49
68
57
60
69
60
76
56
59
66
73
61
67
53
56
65
79
62
67
50
47
71
69
51
50
75
59
86
93
75
50
58
51
52
67
41
69
78
83
71
50
55
54
83
52
47
42
46
53
50
49
51
50
48
41
50
51
49
77
52
64
50
87
73
61
70
67
59
74
52
58
50
52
45
54
80
64
58
72
41
62
69
61
42
79
44
62
42
78
91
87
79
81
62
70
45
56
43
77
65
63
78
71
69
79
84
71
72
70
135
81
75
129
72
60
81
71
61
77
52
65
57
43
54
56
49
49
49
48
49
71
70
56
93
69
41
85
81
70
49
66
49
42
47
41
64
86
162
53
47
41
78
69
70
70
63
64
67
54
71
50
69
73
59
50
77
72
72
69
69
73
74
73
69
51
71
81
51
81
61
67
39
78
73
64
57
72
62
60
49
70
78
70
50
54
65
69
61
65
49
50
58
79
71
78
68
56
65
75
50
74
81
55
63
52
53
92
68
82
70
80
75
49
88
70
95
74
72
56
65
56
97
52
80
59
73
74
44
74
92
198
50
69
52
74
69
72
70
75
89
72
73
71
69
71
52
64
74
69
74
69
71
41
68
81
68
65
78
49
63
71
63
56
96
73
51
80
68
70
78
79
73
73
51
64
72
78
49
67
44
68
56
71
59
75
70
67
67
68
80
74
74
68
58
131
63
62
55
56
61
60
76
64
48
63
75
72
92
73
87
67
72
70
71
50
80
49
63
80
77
62
75
52
87
77
58
63
71
67
78
72
68
64
62
61
58
72
54
57
83
67
52
62
72
43
85
67
66
71
67
76
71
80
71
49
91
71
79
83
97
65
42
91
43
57
70
60
77
78
74
79
86
62
71
66
84
60
63
49
92
65
53
71
76
76
77
82
48
77
51
76
49
74
65
89
90
70
64
73
65
61
50
71
52
74
70
70
82
61
71
77
86
64
68
66
67
90
70
50
57
84
52
42
75
71
56
76
67
73
71
51
76
92
64
66
78
73
42
69
56
59
77
74
55
68
73
86
75
49
61
81
67
52
52
49
53
42
50
55
48
61
49
56
57
67
52
59
73
66
69
74
61
60
64
47
54
71
66
83
57
50
86
49
69
86
50
41
59
49
70
54
64
88
78
52
73
76
73
106
83
66
67
74
72
79
49
71
51
75
87
70
73
82
77
51
87
65
68
71
50
72
65
87
61
75
65
69
49
43
79
62
66
44
65
47
70
42
68
50
64
69
72
75
46
46
59
59
73
62
75
79
63
50
80
79
72
73
77
73
65
64
64
66
57
85
52
70
75
53
65
69
64
67
53
47
61
59
73
63
50
70
72
74
71
50
70
85
74
70
49
74
64
66
83
89
61
63
80
50
69
64
57
68
70
67
70
50
63
42
71
49
50
51
80
70
69
50
66
68
45
63
71
66
54
65
44
68
75
56
70
58
44
74
75
72
43
55
82
62
45
65
60
48
62
87
70
74
64
50
159
145
52
63
35
81
82
76
65
60
57
80
62
65
67
57
69
54
52
77
74
53
66
52
50
69
50
70
70
73
66
69
82
75
74
69
55
72
76
66
84
64
71
71
66
81
64
57
66
72
51
65
66
60
60
69
66
77
50
61
58
61
81
59
48
77
62
58
69
61
61
70
61
50
70
59
62
58
73
73
61
73
64
75
51
61
71
47
64
59
87
71
62
50
76
80
69
79
41
71
88
75
42
57
75
68
60
62
83
57
47
51
54
66
54
57
83
55
61
63
47
63
50
70
67
91
61
83
65
69
57
71
61
75
50
79
51
42
73
53
