81
63
89
73
59
83
41
39
39
68
41
75
83
83
32
43
134
41
75
73
87
40
44
57
46
56
90
43
41
86
42
72
78
39
42
83
39
72
71
40
49
73
72
51
74
43
42
38
71
46
43
70
39
78
44
95
55
108
93
53
63
52
122
84
42
66
55
50
99
46
74
79
39
59
40
39
39
39
44
44
83
67
52
49
106
61
55
91
41
42
68
69
33
66
42
43
46
63
71
39
69
41
72
39
40
85
40
44
72
74
38
69
64
63
51
41
35
79
46
44
47
34
42
43
42
76
60
53
74
41
71
44
39
45
42
79
42
42
68
43
44
95
85
44
54
98
40
44
83
39
84
59
40
69
81
77
61
69
67
73
41
39
54
68
81
40
76
40
66
99
47
96
89
53
116
127
71
74
84
134
99
83
76
82
64
43
47
72
111
74
112
155
67
120
102
81
57
69
67
135
68
70
83
145
87
95
92
73
108
49
47
71
64
71
76
47
44
77
79
66
74
77
70
38
83
60
35
54
51
91
125
79
41
79
40
70
78
74
52
72
48
50
81
81
62
41
67
42
67
61
40
41
49
42
48
42
72
68
71
41
42
40
49
75
40
75
72
56
79
41
43
79
75
32
73
87
59
65
40
92
42
42
65
52
71
40
64
75
42
46
43
74
48
70
69
77
39
82
63
90
44
38
88
39
89
101
93
41
51
89
35
43
39
72
40
65
202
70
43
52
87
40
39
32
47
68
41
80
41
64
70
66
46
75
80
43
42
36
104
49
83
44
60
76
42
52
73
49
79
86
68
39
47
86
43
74
71
92
44
68
41
45
72
41
47
76
39
74
72
76
77
41
39
45
42
53
42
34
70
65
45
46
43
41
69
87
76
79
53
60
72
116
64
112
66
60
93
42
42
81
150
77
41
86
32
82
68
41
92
100
58
71
147
64
55
42
77
84
80
41
81
43
41
43
74
81
43
82
65
56
41
74
76
58
77
45
65
58
42
68
42
75
75
39
42
50
79
58
151
42
92
73
43
43
44
71
46
78
56
76
86
72
63
45
49
55
65
68
96
51
43
43
65
52
47
67
63
70
39
43
93
69
87
79
77
44
72
82
76
41
41
60
40
42
72
83
87
76
82
44
115
56
117
78
68
59
63
53
84
59
68
86
56
86
54
45
54
76
52
58
42
45
73
58
68
62
81
72
52
55
69
41
42
73
40
42
41
71
53
40
61
67
58
89
69
42
66
71
85
49
75
46
32
73
67
82
48
73
39
46
83
70
84
47
70
48
79
75
82
79
59
44
43
79
63
65
82
66
42
45
67
78
87
64
72
42
43
74
76
64
46
81
43
82
76
75
72
82
76
46
63
69
88
39
74
45
63
82
88
62
58
73
47
83
40
78
60
48
76
62
41
77
78
92
57
41
86
40
41
84
79
79
40
51
41
41
50
68
73
39
75
85
86
31
70
40
40
44
98
39
41
83
39
39
81
76
83
39
73
51
65
41
67
94
42
72
59
40
45
41
70
66
36
43
50
35
43
64
35
43
67
45
73
60
41
43
74
35
58
43
38
69
90
42
35
141
59
79
43
44
80
43
46
75
42
42
43
78
42
69
114
68
43
42
42
68
68
74
43
43
45
59
59
78
69
66
58
45
77
84
63
74
42
71
41
35
84
43
35
63
70
56
43
55
70
43
80
75
42
42
80
72
36
41
41
44
42
81
84
49
77
74
42
40
107
53
76
80
49
107
47
76
43
77
60
91
49
41
77
59
74
61
72
48
73
85
40
74
76
71
52
56
80
51
66
56
68
59
39
42
40
58
93
63
55
58
78
40
44
76
32
51
42
47
28
66
76
72
42
39
68
42
41
75
78
54
39
40
85
93
87
42
103
68
42
41
84
86
76
57
38
56
80
76
75
40
46
41
82
67
72
65
74
73
49
45
39
72
40
79
78
40
53
92
57
60
97
43
71
65
53
43
42
43
31
64
39
77
45
41
63
66
78
43
42
82
73
41
80
52
46
43
44
51
56
94
91
44
44
45
68
63
73
71
35
91
48
50
44
76
79
70
48
56
45
38
82
43
76
69
86
81
59
67
85
68
76
58
48
57
97
43
53
53
58
77
85
48
80
88
54
84
43
67
39
46
74
115
69
41
61
39
47
32
73
69
41
40
40
35
49
51
33
92
74
39
32
69
82
39
76
97
39
76
89
56
47
77
43
43
97
133
72
70
85
76
38
75
50
78
71
49
55
72
79
42
43
82
42
80
