182
211
204
181
179
213
255
209
206
201
189
167
184
209
192
179
197
204
187
223
168
198
153
214
175
200
209
192
589
254
188
191
192
283
252
204
167
197
172
211
207
208
196
178
170
193
205
195
196
201
204
186
187
134
205
150
194
205
176
171
198
190
201
166
143
142
197
198
201
206
204
226
305
265
242
267
200
231
221
209
210
235
202
205
236
194
185
238
138
196
220
129
195
192
203
202
205
214
208
183
187
180
204
218
210
177
207
164
251
192
219
159
248
195
294
277
259
180
238
278
239
257
244
324
264
207
244
244
265
311
283
325
414
363
292
388
258
328
324
229
248
216
143
208
222
142
146
209
213
172
134
194
138
143
164
224
204
138
142
217
187
156
180
209
139
136
187
198
214
135
293
140
156
212
215
184
178
229
175
153
186
216
203
209
197
217
205
200
138
201
182
230
196
222
214
209
198
199
151
190
184
135
148
215
191
203
195
201
195
195
176
206
185
199
141
179
210
226
167
207
186
137
174
124
202
184
143
210
177
204
137
189
187
178
134
205
174
184
167
181
213
184
199
153
209
196
203
163
207
221
200
175
189
231
187
188
197
211
181
169
198
180
140
182
210
212
194
188
171
307
181
171
196
184
138
191
169
169
213
180
209
194
188
147
193
155
181
216
189
135
140
190
195
182
191
177
142
173
223
186
189
187
203
182
162
220
196
198
161
155
195
231
206
156
161
200
198
184
216
212
196
190
187
201
200
164
165
269
185
161
190
213
176
166
156
206
205
155
167
191
192
177
168
175
169
192
172
178
166
197
186
185
183
152
191
164
223
182
156
187
214
164
145
163
183
175
178
200
232
195
198
174
189
164
206
187
171
176
161
170
189
174
158
183
176
172
171
151
171
195
202
164
163
169
182
186
192
185
153
158
190
190
185
180
198
179
197
171
162
155
158
198
191
157
192
171
155
163
203
179
166
199
142
193
164
182
155
215
180
175
179
196
149
189
179
177
185
189
166
180
163
189
225
187
162
194
171
192
179
174
219
199
185
187
167
196
202
195
189
179
171
198
193
189
228
200
176
188
185
185
183
190
191
187
178
194
193
192
268
150
131
203
194
187
186
206
186
173
196
140
180
159
197
213
205
215
439
195
168
222
212
210
205
202
191
179
189
182
198
153
206
193
198
208
201
194
163
198
189
184
168
198
204
148
142
157
186
175
187
186
187
195
195
175
163
195
154
178
190
199
210
185
189
195
167
190
187
170
201
182
195
206
192
202
185
179
182
179
171
151
168
199
199
223
212
199
227
242
298
251
219
179
220
190
166
161
183
189
165
180
172
180
214
189
191
168
164
324
180
185
187
165
164
165
189
189
182
177
174
188
182
181
203
190
179
287
148
201
156
204
200
192
183
192
177
168
168
202
165
174
152
193
181
193
195
180
196
191
192
188
200
156
213
206
182
203
170
183
150
154
183
209
157
165
200
183
167
214
157
176
202
186
181
193
182
170
168
177
180
186
165
176
190
165
185
179
189
177
150
173
167
214
208
153
163
191
177
204
198
190
207
238
204
157
170
193
156
211
198
191
197
228
181
194
199
173
168
169
184
188
183
187
169
206
203
189
194
180
147
202
173
193
196
190
203
178
179
185
183
173
139
212
184
180
180
186
186
185
197
154
198
190
179
137
167
185
187
184
180
205
139
183
193
647
149
187
161
158
194
207
164
209
190
202
208
139
189
180
202
192
180
175
144
184
184
163
165
164
179
147
187
146
192
197
145
221
166
215
202
215
207
201
196
205
215
198
184
206
172
192
211
201
139
157
159
175
222
143
187
149
201
189
181
161
214
164
185
133
186
187
164
143
181
177
191
165
189
194
204
184
202
155
162
143
219
188
187
162
187
183
141
180
141
180
167
308
204
205
199
207
202
206
184
156
198
141
182
172
132
195
205
183
182
187
188
187
163
199
188
178
189
193
172
201
186
196
135
152
193
275
191
202
189
183
167
180
271
165
183
182
167
192
313
180
208
216
176
211
162
189
184
168
191
157
174
204
214
181
191
187
187
162
170
197
191
171
174
180
179
180
189
192
199
180
162
171
194
170
149
196
200
219
181
191
169
197
194
175
172
180
158
177
198
179
185
151
173
191
176
193
223
179
160
188
161
196
220
202
206
178
159
184
222
194
185
204
172
173
186
168
196
172
223
185
205
275
284
154
172
169
185
176
202
157
174
184
201
166
170
168
196
179
167
184
196
181
182
187
180
162
178
193
195
183
190
178
195
204
199
194
