156
138
136
135
177
180
165
161
184
147
131
139
164
188
158
200
134
148
148
137
134
154
177
138
196
135
154
148
189
178
135
154
175
136
167
137
153
178
133
137
141
135
156
183
186
145
199
148
141
141
199
134
167
180
195
201
174
196
186
158
135
212
133
187
173
206
183
189
191
187
131
138
148
129
135
135
159
138
153
197
157
199
215
226
159
242
129
210
145
222
159
234
167
160
197
145
206
190
161
224
244
169
155
158
144
145
136
141
136
147
134
165
171
153
224
158
262
203
201
159
153
198
153
154
199
151
132
131
194
150
155
146
186
198
125
194
138
189
147
140
138
166
184
140
144
132
207
159
169
157
147
142
151
152
139
145
138
154
154
144
145
156
155
144
141
201
145
148
153
141
133
147
144
204
142
147
137
151
223
150
143
146
134
137
163
192
194
139
156
154
156
211
149
163
138
151
219
153
205
146
159
153
232
344
201
208
145
216
160
208
208
143
155
226
161
181
147
142
192
145
197
156
155
150
139
194
152
211
149
190
179
208
147
215
140
139
148
162
137
178
202
143
142
173
220
142
142
209
141
155
157
153
219
147
215
205
140
221
185
205
148
147
145
214
173
212
162
145
139
227
220
143
231
185
266
289
240
143
191
205
155
220
149
213
200
156
207
147
130
146
148
157
142
139
137
158
165
150
144
140
145
144
218
147
142
197
159
148
158
207
143
145
193
144
157
156
216
137
141
224
161
185
150
216
139
147
155
159
140
157
150
139
199
211
224
148
179
147
161
151
198
281
185
178
219
151
160
141
159
244
197
157
155
148
160
155
151
161
149
151
147
234
147
159
153
166
230
142
236
146
180
194
229
194
210
149
228
161
166
231
156
153
151
148
162
142
160
157
165
153
162
152
141
160
157
228
195
145
161
217
147
160
160
237
153
165
146
143
147
154
143
143
233
143
221
215
165
152
162
155
164
178
179
173
180
161
187
167
173
182
162
186
244
166
232
142
201
148
162
158
165
175
210
165
160
144
148
222
236
143
146
150
158
161
198
160
193
206
226
153
147
148
152
149
220
149
221
147
223
228
148
249
160
144
173
155
247
159
234
147
169
148
155
220
151
150
215
230
148
145
144
147
159
205
243
156
152
153
159
158
154
219
230
169
165
169
223
143
213
149
155
163
171
147
182
229
165
229
159
171
156
158
154
1090
144
207
144
196
152
157
210
161
179
167
137
138
141
169
157
163
159
145
145
160
154
142
205
159
209
158
160
157
145
186
261
236
216
317
177
231
201
204
203
142
153
172
206
141
157
238
177
168
204
209
149
150
144
142
140
205
142
139
165
154
151
181
194
163
147
141
189
253
275
213
149
213
179
235
147
219
208
155
144
141
134
153
206
151
149
152
152
140
194
222
157
221
156
208
151
139
138
153
203
139
160
158
223
127
167
143
144
159
143
142
150
157
140
143
152
144
141
131
165
152
157
167
170
126
144
154
167
157
165
143
135
138
140
145
148
139
206
139
163
213
151
218
158
148
145
143
189
153
209
153
146
151
157
201
231
141
155
215
135
206
140
145
154
225
221
147
194
146
186
150
140
156
140
139
140
158
192
211
140
138
131
142
210
182
140
213
142
127
147
135
127
140
192
142
207
149
217
149
130
129
134
155
194
122
211
153
134
159
125
194
137
199
155
133
200
130
134
149
136
133
135
147
136
150
129
127
157
219
143
202
192
139
156
141
133
193
146
137
137
129
135
148
150
157
147
194
137
148
138
205
206
134
138
147
189
183
177
146
132
139
142
196
163
208
124
138
222
159
195
140
212
153
136
207
137
163
151
140
128
141
191
154
139
133
131
191
139
202
135
149
132
204
122
152
194
137
154
138
183
135
133
150
135
136
155
135
168
142
249
209
210
129
186
146
138
121
215
144
134
127
137
158
135
202
142
143
153
146
132
135
138
137
135
133
151
145
155
151
166
146
158
194
133
140
147
138
131
136
131
195
139
133
152
133
129
144
145
156
150
130
206
135
142
141
133
147
134
128
140
132
202
160
131
132
129
210
190
184
146
130
171
204
137
133
133
168
197
138
131
175
143
134
139
142
152
153
138
133
146
153
142
133
128
154
134
147
143
135
145
131
179
141
147
138
148
195
135
138
154
186
140
142
149
139
141
159
209
161
171
150
128
162
145
217
128
139
145
144
151
132
172
138
200
129
186
137
135
184
148
204
143
171
127
142
131
133
164
145
203
127
139
131
142
148
136
171
251
179
140
194
140
134
127
176
145
122
