134
140
141
133
217
134
152
218
137
206
126
220
199
129
153
149
142
247
182
221
142
124
199
135
144
173
141
197
200
146
212
140
153
162
206
250
186
262
150
134
148
240
252
187
151
237
189
145
156
205
135
129
167
190
196
138
194
152
148
212
161
199
132
151
144
168
136
153
188
139
168
286
156
234
140
165
145
276
177
214
149
241
136
153
215
163
187
198
163
136
258
441
218
237
193
145
144
158
230
175
200
134
132
157
139
204
133
203
202
147
140
141
201
135
135
137
205
191
137
208
138
213
136
134
150
183
208
138
200
217
203
196
135
226
191
173
163
146
198
210
149
167
224
218
171
221
166
203
192
180
190
138
191
208
151
196
157
260
208
143
137
158
155
194
151
149
136
149
188
137
159
134
154
164
141
134
139
141
145
154
148
151
144
137
187
138
155
150
142
141
196
137
137
148
148
123
167
156
193
215
238
258
275
177
156
263
157
293
158
144
133
160
192
139
153
151
139
202
165
239
227
250
211
181
149
203
142
193
170
151
167
202
140
248
274
184
249
151
198
269
227
214
226
223
185
160
207
233
203
166
190
190
156
178
152
164
194
195
149
135
136
221
207
147
141
198
184
366
202
151
197
199
139
192
203
202
139
219
183
177
153
150
164
139
153
181
133
159
219
213
172
198
155
139
205
153
206
173
147
194
206
161
201
160
219
143
142
187
186
137
150
129
134
143
146
128
141
146
152
139
148
141
146
187
141
142
136
207
133
158
143
137
130
182
142
193
196
138
137
150
157
152
137
201
205
138
149
181
213
151
191
195
274
153
195
181
133
185
150
184
160
202
139
160
139
147
154
149
179
236
183
137
132
222
133
210
140
138
187
130
146
150
139
191
179
159
192
153
178
219
146
194
165
210
184
152
198
186
193
208
153
177
138
149
127
182
127
198
126
161
138
206
171
128
130
133
125
184
119
127
202
127
183
134
153
127
194
185
204
124
178
128
175
188
147
129
130
123
197
140
127
137
127
199
162
188
202
174
125
126
181
192
174
190
144
145
134
190
183
140
207
125
125
126
126
156
124
124
180
201
186
139
127
188
117
180
184
132
132
127
188
178
128
179
134
130
195
155
147
184
124
194
131
128
176
133
184
129
196
135
141
134
128
143
197
137
139
139
184
184
121
130
174
137
137
131
140
190
154
127
186
142
128
122
133
123
146
140
186
125
136
177
135
164
126
127
186
129
138
178
139
132
180
122
182
128
160
124
121
180
131
125
130
164
144
189
139
151
131
141
137
182
162
143
137
124
132
188
145
125
127
137
138
183
142
121
135
123
125
126
126
199
247
121
127
121
122
170
123
192
127
126
202
144
140
137
127
126
180
143
142
170
120
128
134
122
128
124
144
128
117
135
125
145
135
135
194
149
130
199
134
136
133
145
197
141
139
149
128
135
193
143
193
197
137
212
153
218
206
131
229
142
140
235
141
203
131
149
123
160
124
195
134
199
133
144
145
137
140
146
119
189
158
149
166
141
139
132
132
200
145
144
193
135
135
152
135
195
158
138
186
131
121
192
161
153
201
137
210
120
202
203
138
130
219
142
228
122
195
134
197
121
193
129
148
138
139
205
192
134
135
168
200
199
135
139
150
153
141
144
199
135
198
140
206
164
147
219
133
213
148
198
196
185
207
139
151
149
137
208
147
131
140
186
396
233
185
159
243
140
158
137
206
137
200
200
135
142
141
165
206
148
202
206
135
201
146
196
128
201
201
191
189
134
150
189
149
165
193
208
148
139
135
153
146
201
195
134
132
216
200
217
206
137
162
267
136
257
175
206
228
178
215
140
131
143
204
193
134
133
192
213
202
210
185
208
133
196
215
198
200
203
159
159
234
223
223
160
216
204
207
219
161
150
207
213
228
176
220
157
154
192
162
160
148
166
145
152
160
148
172
260
201
211
261
216
158
203
142
213
158
140
159
166
195
299
133
192
208
153
231
226
169
169
151
157
162
208
148
187
141
205
231
142
144
214
146
226
223
210
148
170
147
228
172
202
213
143
219
145
220
212
165
204
141
220
220
159
142
142
209
143
225
153
161
145
154
140
144
139
208
146
146
146
190
209
145
143
160
150
227
209
160
144
216
212
218
221
144
144
156
163
192
187
155
228
147
150
131
147
198
171
208
140
157
198
161
166
150
204
146
192
211
161
203
141
147
147
218
178
232
148
157
146
155
139
154
144
241
158
139
158
205
145
216
146
151
153
157
146
147
215
158
155
160
178
155
178
165
215
