324
293
295
286
314
260
290
315
278
276
208
225
214
201
239
223
258
274
203
228
286
277
315
273
278
286
235
277
208
241
256
200
145
167
128
133
160
150
148
202
211
186
181
197
169
179
196
167
170
199
170
165
153
141
110
140
133
139
171
196
150
179
173
201
179
179
137
147
161
112
121
131
120
133
141
139
175
157
128
162
142
151
153
142
162
161
175
163
167
194
176
171
160
139
116
114
115
134
147
151
156
127
180
160
182
183
174
155
221
217
189
176
201
180
193
178
163
192
178
206
142
161
161
112
114
116
118
135
129
129
134
112
107
112
133
121
135
135
143
127
115
121
123
151
132
128
124
117
118
132
121
126
119
127
134
125
126
134
135
112
151
126
127
132
130
125
128
123
112
123
130
145
122
114
127
103
131
121
121
122
149
127
159
119
121
115
126
113
116
124
126
112
140
127
133
128
119
113
257
127
130
126
118
131
139
118
136
114
147
118
135
132
129
121
114
119
122
142
112
114
136
114
135
132
106
130
132
141
110
156
126
111
135
126
113
119
125
137
141
123
125
146
121
132
131
133
123
137
136
147
138
132
129
127
119
135
137
113
133
112
130
110
111
105
121
116
136
122
129
140
113
131
165
148
136
162
137
158
129
134
161
163
165
152
155
192
190
193
206
203
175
198
188
189
137
161
186
162
161
161
157
158
172
172
176
168
145
195
153
194
182
198
214
180
161
216
202
214
224
172
196
196
186
185
196
135
116
139
189
155
141
165
152
127
152
118
97
157
142
123
145
149
136
153
153
114
113
124
138
133
151
136
110
134
112
127
139
117
115
104
131
148
121
138
119
122
116
145
133
127
126
120
152
171
143
162
165
139
182
157
191
149
201
178
175
204
192
190
193
188
222
281
230
220
229
220
263
240
232
220
202
226
215
160
188
194
171
176
210
162
237
190
169
210
207
166
165
164
187
175
159
147
139
158
144
116
143
143
101
123
114
115
128
140
113
123
116
124
118
136
665
134
132
115
139
107
132
110
119
118
134
121
134
130
125
118
117
115
117
136
128
119
132
115
116
128
112
117
136
110
125
107
112
136
137
115
151
133
153
121
125
137
158
121
120
127
111
117
123
128
111
159
119
134
137
115
142
127
124
117
130
123
121
118
133
132
111
114
132
144
132
111
111
131
117
110
128
118
130
121
115
136
124
131
139
122
125
107
118
113
121
146
139
138
117
127
138
139
112
115
135
154
118
121
668
121
125
104
144
131
145
131
115
139
141
132
149
118
124
134
153
136
134
118
137
114
166
124
114
130
119
112
142
130
117
117
127
134
137
125
119
117
114
143
120
125
130
140
115
112
119
109
117
110
128
114
127
118
123
113
127
119
124
135
120
113
125
133
135
112
133
114
115
123
134
139
134
134
136
122
132
143
115
128
143
124
136
125
119
135
123
131
122
123
116
130
130
131
130
120
130
122
133
126
153
106
108
150
147
140
139
131
137
133
125
139
106
117
128
130
111
127
117
111
116
110
120
131
111
131
125
113
109
135
115
124
102
126
137
113
113
119
124
123
126
125
123
123
138
128
127
108
117
115
131
120
112
124
109
183
133
118
119
115
127
104
113
148
118
125
118
133
122
112
128
128
149
224
101
128
99
114
137
120
149
126
143
114
135
124
113
121
120
106
132
123
125
110
132
133
131
97
118
130
123
120
108
138
123
114
118
121
116
135
144
128
112
111
109
124
118
123
106
123
131
137
137
124
124
113
120
123
102
117
122
111
139
133
124
123
127
112
107
135
108
111
127
126
122
125
105
142
107
126
134
124
115
132
134
116
128
144
112
114
130
127
128
117
119
133
120
123
121
119
145
122
132
108
142
129
137
116
113
116
123
121
127
118
126
118
119
116
124
116
113
124
130
115
140
116
120
126
114
146
125
128
139
109
111
121
125
141
136
120
150
139
111
123
152
146
130
138
130
102
122
150
138
125
121
115
119
128
123
125
125
126
145
129
121
119
146
111
147
125
147
115
111
128
147
112
131
135
141
143
117
139
154
148
124
108
128
117
141
126
120
115
119
142
113
114
126
125
107
119
126
128
109
121
139
123
132
145
137
139
133
122
137
111
125
115
126
111
122
120
130
104
121
123
121
116
115
129
119
141
123
108
119
134
124
135
137
114
149
126
144
136
130
134
128
140
139
142
133
174
144
149
131
147
153
143
138
157
141
162
150
175
166
177
172
146
174
170
193
182
164
189
194
183
172
205
148
176
196
166
130
147
130
164
157
149
