164
145
123
186
131
138
135
139
123
131
192
130
179
141
159
165
120
122
120
142
155
185
187
173
132
182
189
133
123
109
146
176
170
137
188
183
149
171
159
148
185
183
143
188
125
132
160
132
169
164
175
162
170
168
180
133
135
115
178
218
186
187
223
252
192
141
138
185
144
181
200
169
147
191
140
217
212
265
199
139
126
139
161
280
275
242
157
227
159
185
196
227
184
202
173
134
147
139
210
190
206
188
210
187
195
127
179
176
123
153
127
111
174
196
137
131
201
135
163
169
119
168
175
179
108
191
145
205
130
145
155
188
191
123
128
110
185
177
139
131
175
112
130
168
127
190
127
133
175
110
165
199
188
111
120
167
168
155
183
198
177
175
184
177
187
146
183
122
197
119
196
189
110
175
164
177
178
183
218
214
183
123
114
178
178
174
176
169
176
158
160
149
140
141
117
185
191
184
169
186
181
190
130
179
121
118
135
160
145
178
194
131
183
172
134
204
178
182
188
124
170
240
121
163
135
171
193
203
197
127
166
140
132
253
186
144
127
177
174
128
178
105
136
206
180
154
117
189
196
160
162
117
166
135
138
169
178
180
168
165
189
128
124
156
125
130
172
140
120
176
151
132
150
123
133
129
228
175
184
157
117
144
143
140
173
105
154
134
161
131
134
154
119
138
110
160
152
126
151
147
787
180
164
204
105
126
150
122
138
169
158
133
161
164
161
161
157
146
134
180
174
145
153
164
170
170
121
177
135
154
159
178
160
167
160
154
173
124
153
127
184
136
117
164
156
152
116
130
163
147
165
148
110
174
119
121
152
170
147
178
170
160
144
150
132
172
117
119
154
160
177
124
155
127
134
127
145
160
125
110
159
178
196
116
117
112
125
164
153
147
155
127
162
141
122
116
161
145
123
151
157
159
149
148
172
106
149
178
159
175
169
172
162
137
183
107
152
151
125
117
128
121
133
132
124
163
156
159
159
130
121
169
133
135
170
159
154
108
164
151
145
164
116
157
149
134
117
193
143
131
162
132
160
151
131
166
166
946
190
124
144
141
140
161
124
150
134
165
163
171
180
151
173
156
150
152
123
108
152
157
161
145
163
162
105
159
148
133
145
151
118
117
159
115
120
176
117
163
162
151
169
547
125
111
119
130
160
132
137
132
180
140
133
164
132
142
171
162
156
154
162
140
135
154
140
156
140
158
166
157
154
170
163
152
151
191
137
169
164
185
128
175
126
140
177
110
176
148
166
118
172
153
165
130
180
156
155
123
156
140
155
157
126
132
170
151
118
157
151
157
147
171
165
123
115
169
131
145
153
153
142
150
141
131
156
155
164
102
170
152
148
158
141
162
124
162
123
125
156
162
185
162
125
163
135
168
173
133
185
152
166
151
171
170
160
157
127
128
129
140
163
149
116
152
167
132
127
125
136
939
231
180
124
134
158
171
163
195
133
157
124
170
114
117
193
126
159
154
133
160
133
173
125
129
161
124
156
159
162
142
137
164
177
150
170
134
162
157
116
121
140
171
170
141
243
131
134
174
138
158
114
173
132
124
175
407
155
132
168
113
117
171
117
121
167
164
142
172
193
161
128
156
167
130
118
191
132
118
166
182
123
166
176
122
158
140
125
184
176
150
122
159
160
168
184
125
125
135
118
157
118
164
153
135
158
107
123
137
154
133
134
142
154
139
170
118
150
123
128
173
187
165
159
164
142
156
191
192
176
166
147
117
153
126
172
179
109
157
108
122
170
151
172
163
140
108
145
156
163
158
169
140
164
189
141
168
155
161
177
447
142
152
172
117
129
159
137
162
159
144
142
187
142
164
133
156
144
166
844
164
174
140
170
117
136
110
165
184
185
119
154
155
161
108
123
143
116
156
162
152
116
200
161
120
153
127
182
167
156
197
146
155
182
192
174
115
197
165
199
200
155
117
145
149
108
144
124
123
164
173
222
175
205
173
157
181
162
182
184
147
126
160
155
140
108
170
138
164
193
120
157
153
105
163
126
108
130
164
153
167
128
140
129
131
172
139
113
151
133
158
153
152
151
135
170
189
141
118
159
160
154
165
157
146
177
141
133
167
136
162
178
175
176
174
155
161
118
150
173
199
168
170
167
151
165
126
155
141
192
204
246
224
177
130
126
161
168
144
179
152
105
151
140
116
186
132
176
172
169
174
162
150
179
108
163
122
119
149
138
163
168
116
121
129
167
163
122
115
127
150
185
115
133
112
130
156
151
153
168
163
182
177
133
121
117
156
148
149
168
118
