221
270
224
194
206
247
267
215
274
197
205
223
216
218
211
222
241
222
217
12689
200
251
218
280
200
225
207
285
204
277
249
227
235
269
235
288
388
277
279
219
259
234
220
231
222
286
224
258
242
254
244
251
235
233
232
231
243
233
237
247
254
243
318
241
252
244
232
227
248
254
237
222
241
272
243
240
281
256
226
234
238
236
230
244
230
224
236
291
258
232
215
240
225
223
221
221
257
228
237
252
234
260
218
238
231
213
230
222
439
322
242
329
259
284
257
269
292
296
266
275
259
266
347
291
263
273
277
320
312
383
268
299
275
287
295
314
255
310
273
384
266
259
257
233
284
248
257
238
272
233
239
249
231
262
281
256
302
226
222
287
209
209
217
267
226
237
289
262
216
265
214
242
281
217
228
229
225
279
262
220
216
233
301
218
216
286
272
236
234
210
274
224
279
229
231
228
251
289
224
254
203
232
254
219
201
215
223
241
316
221
222
353
312
211
243
270
202
224
259
220
206
197
251
212
200
216
263
199
188
232
213
228
214
213
214
249
213
267
201
191
262
237
235
198
207
259
239
219
183
248
200
189
271
269
228
192
199
219
195
239
195
203
208
206
265
215
191
205
242
196
180
183
204
254
222
218
192
199
269
198
209
191
211
248
204
193
209
213
219
202
236
207
321
213
177
193
202
208
169
204
195
194
215
201
179
193
193
198
228
226
252
193
273
234
194
208
198
228
222
247
220
212
205
211
205
202
267
214
197
220
209
243
223
215
271
226
216
233
225
228
205
265
228
218
214
205
200
211
372
242
208
210
235
226
213
317
197
242
265
309
262
223
204
207
215
223
248
272
235
218
352
244
222
225
223
230
291
236
319
210
211
236
205
196
209
252
235
213
227
209
220
212
218
212
224
240
204
226
241
207
217
214
245
223
223
189
256
190
208
204
224
209
211
226
217
248
207
225
227
246
208
213
203
207
241
246
224
226
207
244
248
245
230
234
210
225
245
261
210
227
227
239
209
219
224
235
217
202
181
360
216
249
190
217
237
244
235
255
231
257
233
219
321
180
198
241
191
204
224
222
205
234
264
210
203
253
223
227
208
206
293
221
207
195
197
229
180
198
228
249
228
207
194
244
248
221
218
232
209
218
189
264
210
209
203
214
219
214
228
213
207
220
204
215
217
188
240
192
201
224
220
195
191
212
232
210
187
203
185
215
201
206
195
218
210
190
169
193
228
247
194
200
197
223
229
194
218
230
203
193
242
264
218
220
202
203
189
244
230
191
215
225
212
230
215
234
195
243
237
210
210
244
211
208
263
249
219
219
222
209
228
209
223
201
239
218
220
217
218
224
210
255
226
226
224
252
228
235
213
223
231
233
214
228
227
221
216
223
226
212
218
233
221
236
204
225
228
225
227
222
224
245
262
213
222
243
194
232
380
223
206
231
226
238
215
222
426
231
268
224
208
227
244
238
227
202
223
225
235
246
222
233
225
224
216
213
230
218
315
246
233
249
259
229
215
266
224
214
278
410
229
288
250
249
249
237
244
232
239
257
241
231
277
257
235
241
232
226
228
243
263
244
230
213
234
214
195
221
225
231
210
233
219
225
223
283
222
218
287
222
250
228
224
206
228
217
215
203
246
222
236
232
221
221
252
233
218
209
233
230
230
215
249
207
219
225
193
284
210
208
229
206
203
207
206
242
209
199
195
210
203
214
227
211
216
213
209
214
213
234
208
227
222
208
222
197
234
255
218
202
227
210
213
198
219
207
201
199
265
198
200
224
201
220
201
202
206
206
227
228
207
223
220
198
190
199
194
244
194
216
196
186
214
210
192
197
185
224
220
202
212
260
226
191
189
227
190
201
209
179
233
216
190
202
199
217
305
254
254
210
197
193
214
221
209
197
208
232
238
200
225
204
206
199
264
266
208
205
239
212
219
186
239
215
254
199
188
227
203
206
205
205
242
191
189
191
210
238
195
194
208
259
210
201
190
232
187
196
198
248
215
192
238
224
213
206
197
226
195
209
178
193
239
194
230
193
198
202
197
192
210
230
227
202
202
211
210
223
203
195
199
203
212
191
245
213
215
215
161
212
249
208
212
196
197
253
199
192
222
229
237
211
177
202
195
202
212
257
196
210
209
200
250
202
242
203
204
197
229
231
202
207
191
208
203
274
205
207
244
196
207
240
222
243
239
169
200
190
236
221
207
199
206
212
186
169
203
226
195
188
205
195
222
207
190
213
202
207
202
206
203
176
227
178
183
205
185
216
195
209
