48
50
41
82
47
56
83
40
60
69
54
42
41
41
49
41
86
51
43
50
49
45
84
71
42
44
51
55
49
50
44
94
48
52
66
41
49
44
62
48
57
43
47
53
73
43
42
45
51
48
61
44
61
47
52
45
50
57
73
74
49
42
80
67
46
53
79
60
50
42
43
43
48
54
48
71
49
40
80
84
52
87
93
85
112
81
81
223
65
46
49
55
46
55
48
54
47
50
50
45
50
59
65
56
80
56
48
62
54
90
53
54
80
88
45
49
59
72
52
54
57
51
43
49
62
70
58
51
70
44
53
52
44
74
42
58
55
35
50
140
77
43
52
68
43
83
44
43
45
62
50
44
47
44
50
46
49
86
47
53
72
61
57
52
45
55
74
53
55
51
64
60
67
43
51
53
44
52
120
65
80
53
49
45
52
52
44
46
46
46
71
54
46
69
55
56
48
45
55
45
47
52
45
52
47
45
46
60
53
45
53
80
56
63
44
101
48
56
48
59
58
47
75
48
98
46
44
44
85
61
45
45
46
53
49
46
51
44
47
56
69
61
55
47
44
44
54
54
53
43
45
55
80
66
51
45
53
51
47
52
86
48
50
43
48
51
51
59
41
76
54
45
45
53
46
79
52
45
52
43
49
49
97
47
48
62
48
42
51
43
50
52
63
84
64
44
49
51
56
52
43
90
59
59
86
49
58
52
48
43
51
40
50
81
92
54
56
86
48
43
77
47
56
54
77
41
49
76
49
47
40
43
43
65
40
43
74
41
111
43
55
54
40
70
60
48
51
52
40
42
50
52
62
39
47
44
40
42
52
59
50
46
43
44
75
58
41
71
86
53
56
47
85
48
57
68
62
70
50
61
75
65
42
57
80
41
40
90
62
47
83
91
43
47
45
55
40
46
41
56
58
47
57
50
41
49
51
40
42
48
85
89
47
42
42
44
42
107
83
77
50
42
76
50
62
57
40
49
44
46
50
93
49
43
42
59
47
53
46
40
56
43
47
49
42
48
54
41
82
50
51
71
48
57
51
59
46
49
42
51
47
44
43
73
62
53
51
41
71
40
43
40
44
52
65
50
54
42
53
42
44
45
56
41
44
55
43
42
41
50
49
42
62
41
52
45
41
59
47
54
46
55
41
42
41
42
50
52
41
50
48
50
44
59
54
63
41
48
54
39
44
72
57
49
43
42
41
38
70
61
40
42
44
57
48
64
49
42
45
53
44
62
82
41
41
44
55
55
57
41
44
48
45
60
50
52
55
47
41
41
47
53
43
56
78
51
41
43
60
78
39
44
42
67
43
62
45
41
42
43
62
47
50
48
61
42
52
80
48
33
38
54
70
57
43
70
55
51
40
51
49
52
58
69
47
42
51
53
73
53
41
39
48
43
41
70
86
44
46
73
73
68
46
38
40
38
44
50
41
40
42
68
41
125
50
55
75
73
50
40
75
42
59
79
39
41
38
43
48
72
65
55
50
49
44
43
50
42
42
50
42
49
50
59
95
75
48
44
50
55
41
51
52
52
84
39
51
74
50
46
67
46
40
77
50
42
53
34
51
40
58
57
40
42
78
46
43
40
53
44
42
40
72
47
46
47
56
58
42
53
73
42
42
50
43
49
35
41
48
43
41
41
55
57
44
41
52
45
87
53
51
55
43
61
54
74
42
50
58
43
42
83
46
52
68
40
45
54
46
43
63
63
41
41
47
62
66
41
42
66
46
49
43
51
42
70
41
52
43
40
45
65
46
54
48
46
47
42
55
48
42
50
46
52
52
44
56
44
47
76
48
55
43
43
41
45
41
52
43
59
42
42
42
69
42
42
66
51
43
65
48
44
50
42
42
46
43
41
48
52
56
68
48
48
40
53
44
47
53
41
58
57
57
43
43
45
48
57
47
42
68
42
51
54
47
57
80
40
42
53
50
64
40
45
56
39
39
48
74
41
46
58
43
53
86
74
40
42
50
55
41
53
38
77
48
47
49
51
41
42
44
67
46
49
49
68
46
56
41
65
51
49
79
42
53
76
42
40
52
56
50
48
53
39
59
39
62
62
44
43
44
90
76
48
46
40
68
46
54
44
41
41
40
43
45
47
55
49
43
49
58
47
47
55
52
58
69
40
60
53
47
46
55
41
56
46
41
58
49
61
41
61
40
50
67
39
59
40
58
50
45
61
71
57
82
62
41
40
60
40
52
82
46
80
53
50
77
78
60
58
80
52
43
66
41
41
40
42
47
53
39
48
82
74
48
62
75
46
39
82
