43
40
45
44
43
46
39
46
45
50
55
91
39
53
83
45
85
39
78
48
77
38
39
72
40
49
40
39
82
32
74
52
75
44
85
49
41
46
40
53
74
56
82
54
42
40
74
40
85
77
68
47
82
73
76
44
46
65
62
45
74
55
76
52
86
41
97
44
41
82
46
39
46
77
47
40
39
46
47
39
39
42
39
46
43
43
40
48
40
43
49
92
62
49
77
70
66
81
85
59
54
83
40
39
47
48
53
96
43
76
88
65
53
50
42
77
48
48
56
39
40
39
40
73
47
46
39
54
42
80
40
68
46
41
46
61
69
70
52
40
42
40
38
45
45
45
40
40
45
40
65
38
38
42
38
71
39
39
48
67
39
68
40
46
50
43
67
39
40
40
39
38
39
38
134
67
50
149
185
93
47
123
51
54
77
50
42
88
46
72
51
76
43
86
51
44
50
48
43
51
63
43
46
45
46
47
62
44
46
47
46
91
54
86
48
50
88
60
75
49
43
43
84
81
81
62
51
81
52
56
43
76
54
63
82
58
60
60
57
59
58
48
42
84
59
58
57
76
54
54
82
47
73
50
87
44
45
76
45
62
53
83
43
82
46
78
87
43
88
70
69
41
41
52
53
112
51
84
56
55
75
83
42
59
99
66
74
50
44
48
65
50
64
68
87
60
60
61
53
63
58
51
40
73
40
41
48
45
41
57
67
79
52
52
66
47
45
83
56
83
40
76
66
50
41
73
77
50
34
41
42
79
43
83
43
77
62
58
71
44
75
42
72
88
82
43
43
41
44
54
84
43
43
50
52
80
50
55
43
50
47
55
76
104
87
41
50
55
68
58
419
86
44
80
57
44
45
42
42
78
44
44
58
50
48
53
100
46
42
53
44
84
36
53
43
94
52
46
58
46
45
69
44
55
42
43
50
46
46
56
51
42
72
78
82
51
85
49
72
57
67
83
64
69
86
71
65
51
41
61
44
41
43
77
42
42
90
47
79
58
104
51
75
49
48
40
76
43
65
88
61
61
73
49
83
42
72
41
99
79
72
60
56
76
42
78
70
80
72
43
46
87
39
51
49
42
83
52
87
42
72
59
49
40
67
43
76
53
67
49
63
71
49
68
56
46
41
83
43
52
47
52
55
58
76
41
40
45
48
74
60
49
51
73
43
53
57
33
77
41
65
45
51
52
77
44
57
41
72
41
41
59
77
42
39
48
81
45
48
42
71
52
48
45
58
47
42
47
43
88
41
49
49
53
53
73
86
40
48
50
68
42
47
67
40
46
79
73
77
58
46
41
73
42
43
41
47
77
41
48
41
53
39
47
69
42
50
41
40
43
43
40
42
70
41
74
46
59
85
47
44
46
48
48
41
47
41
71
47
48
56
49
40
60
50
54
61
50
40
45
47
42
42
42
49
49
71
54
84
84
49
41
99
65
52
45
85
67
48
83
59
47
44
60
75
48
84
60
59
40
92
83
76
86
49
49
48
38
70
40
100
59
79
46
84
62
44
85
48
82
41
39
50
49
45
72
51
82
82
52
60
83
40
92
38
74
47
83
41
83
52
39
81
48
40
54
76
39
42
89
67
90
58
85
48
40
44
70
40
73
48
74
42
79
51
53
40
50
72
49
82
46
81
80
48
85
43
82
53
53
79
46
71
51
43
40
41
66
51
69
38
73
51
69
83
75
82
53
46
44
87
42
63
40
40
73
49
71
61
88
45
39
45
53
41
48
56
48
90
77
49
72
58
49
39
75
39
49
38
45
90
40
78
46
78
83
72
56
45
77
54
48
38
80
46
41
72
47
48
48
74
69
74
78
40
34
39
71
42
63
45
79
51
80
41
40
45
71
75
39
40
39
70
69
75
42
45
74
60
40
45
43
52
54
42
58
39
48
42
39
48
50
48
87
80
45
41
86
48
59
46
46
82
32
38
42
45
88
42
41
40
65
82
45
46
40
59
71
46
50
45
47
50
47
46
41
38
52
60
58
59
59
61
47
57
44
48
57
43
76
68
50
66
47
53
64
41
52
67
41
39
53
42
76
47
58
46
40
42
38
47
41
65
52
38
82
39
80
49
44
49
44
72
45
47
45
41
65
47
43
38
48
77
40
49
41
50
58
41
47
77
73
49
46
80
40
55
39
40
42
40
43
65
41
51
43
41
71
43
44
51
69
51
49
40
46
40
42
67
72
48
54
81
41
44
40
75
89
51
85
48
73
79
60
74
68
70
44
71
38
82
40
48
78
42
68
49
79
46
82
