217
210
161
202
228
166
222
201
233
130
209
161
216
149
218
304
171
310
236
153
164
197
123
194
126
131
220
183
129
129
232
183
137
185
187
180
129
118
167
206
191
253
176
196
177
131
202
134
130
121
144
135
115
184
139
198
142
138
149
169
192
132
178
176
139
117
135
185
187
140
139
139
187
174
180
184
192
133
154
194
183
147
137
198
177
139
202
200
210
151
182
179
169
183
132
130
150
309
194
124
194
191
178
128
145
206
184
180
120
135
183
184
143
147
131
203
169
144
169
139
188
145
146
190
184
167
135
129
130
182
132
139
167
203
134
131
168
133
149
148
129
188
177
134
151
150
131
132
139
168
174
196
180
183
176
141
126
180
159
139
189
137
191
129
131
143
147
172
129
193
224
153
133
150
156
151
163
153
155
167
139
143
145
189
136
200
126
195
135
139
189
126
192
147
144
195
149
147
137
203
156
140
153
208
164
147
139
191
162
191
157
192
142
193
143
197
153
197
153
154
156
210
162
140
210
191
187
212
133
203
148
219
195
199
152
153
166
234
164
203
211
203
172
207
229
152
169
227
162
162
151
227
209
167
167
208
155
146
161
167
189
164
215
156
151
291
189
161
163
132
203
136
153
219
205
163
147
136
139
172
152
217
204
139
168
179
145
150
154
188
125
157
206
141
160
245
209
216
165
228
193
155
136
143
204
146
155
150
150
169
216
156
195
149
195
144
223
151
193
140
142
145
152
157
148
159
140
215
149
208
137
212
160
165
151
149
146
212
149
156
129
201
150
198
136
207
140
195
150
212
152
216
152
149
144
193
206
217
185
210
142
149
163
134
160
130
151
147
208
156
149
154
213
195
147
176
181
128
148
130
187
195
167
138
165
228
148
142
193
160
210
146
244
166
210
157
160
144
194
149
196
130
176
154
188
130
220
159
225
165
196
149
150
143
163
157
205
194
156
162
149
209
157
160
201
153
142
151
196
208
223
158
205
163
148
182
164
151
212
209
208
189
164
145
204
152
193
153
278
146
214
232
208
155
217
724
145
176
188
184
227
280
231
251
191
260
322
180
195
126
144
174
204
183
208
393
223
244
278
231
242
298
159
255
143
211
232
152
197
241
216
169
215
270
203
188
218
192
174
195
146
138
145
176
185
193
132
147
147
192
204
187
143
150
135
187
180
187
129
166
181
129
139
174
139
158
122
186
190
145
127
155
163
180
123
189
195
150
160
163
141
145
138
131
192
179
181
190
139
151
198
165
150
187
140
141
151
202
180
146
145
251
185
148
143
158
252
211
148
182
187
141
146
150
203
288
176
214
215
333
285
338
204
162
176
188
139
181
154
143
184
139
160
130
135
141
140
187
144
197
192
171
176
153
189
183
160
129
139
195
205
154
149
133
133
207
192
154
153
162
139
183
223
154
151
134
143
146
144
138
140
167
152
193
139
154
191
188
190
197
133
142
200
140
184
180
144
182
205
188
145
214
218
143
154
143
128
145
203
145
140
202
149
183
326
234
144
149
132
153
132
148
202
202
146
156
162
208
175
196
161
197
162
206
138
138
137
188
139
196
136
156
143
188
140
144
219
151
152
137
206
199
205
145
188
135
138
131
190
181
140
149
144
140
155
136
141
202
187
202
189
137
137
186
141
191
145
186
200
204
187
133
151
196
142
133
187
136
175
133
185
193
121
121
133
140
134
181
137
180
136
159
137
146
151
201
125
188
141
143
194
134
138
148
191
139
183
127
194
125
135
144
202
186
141
137
181
173
138
191
147
208
140
133
201
186
134
129
208
123
174
146
124
132
181
182
136
197
185
136
129
190
129
204
202
129
206
187
134
188
121
133
140
187
201
147
140
187
197
131
171
186
149
132
196
140
189
149
129
116
123
187
184
185
125
180
143
152
142
133
181
189
151
213
149
147
178
182
148
148
205
137
176
141
145
190
183
139
134
193
120
148
145
180
145
137
176
136
133
186
129
139
187
193
146
132
186
128
144
189
197
140
188
134
141
136
134
134
120
206
187
194
133
145
133
183
132
132
179
142
193
121
171
133
182
263
145
195
148
138
160
189
152
201
179
148
186
175
134
133
173
133
191
180
130
127
187
150
134
127
134
185
183
132
180
149
132
136
135
193
195
141
123
138
176
134
136
131
195
131
144
147
136
134
187
145
133
144
135
139
142
172
150
186
148
141
128
132
128
145
202
128
175
147
133
122
138
133
133
189
175
200
171
137
197
119
174
119
136
144
149
168
134
135
182
151
146
198
140
185
