41
47
41
42
41
57
61
72
45
50
62
41
103
53
47
32
71
65
50
72
82
70
41
74
62
48
82
94
66
72
47
73
82
69
75
76
48
86
72
78
65
62
40
79
77
53
77
78
63
42
60
40
69
80
46
38
64
82
43
100
55
43
42
62
70
58
71
74
50
48
47
87
49
70
52
79
63
56
46
43
75
81
40
62
43
77
60
39
85
89
50
71
55
78
41
39
45
68
38
41
73
40
54
45
74
42
45
51
53
44
50
61
40
51
56
66
45
93
79
43
56
47
79
39
33
46
42
52
49
56
82
48
48
47
52
1660
49
46
44
51
70
48
41
88
62
49
45
79
58
43
72
50
53
68
74
44
61
42
78
41
40
49
66
40
40
43
79
44
51
45
52
40
40
78
51
41
53
76
41
46
69
50
41
49
78
72
50
71
58
40
41
48
41
48
92
47
48
44
78
52
43
46
86
72
51
57
79
77
39
88
101
41
41
50
71
41
80
71
59
48
47
48
39
79
41
43
43
82
53
43
85
46
47
66
71
42
51
76
41
44
46
51
79
82
43
64
73
77
48
54
76
69
81
58
66
52
41
41
76
41
65
41
73
53
78
78
39
40
79
41
48
82
40
50
76
43
42
40
40
97
125
52
61
53
77
40
85
80
69
53
53
52
65
68
76
90
70
66
43
44
40
41
43
85
42
51
55
98
42
50
79
90
93
83
73
81
42
44
40
70
72
69
64
47
84
74
49
72
93
92
49
47
41
82
55
70
85
86
88
104
60
106
63
161
99
84
95
82
70
45
48
87
108
78
78
107
58
78
80
40
49
48
75
48
70
42
76
52
115
63
49
78
81
43
48
57
74
49
74
88
44
47
59
40
48
41
98
69
91
100
75
98
49
112
91
64
63
87
45
69
41
72
54
38
73
43
48
119
72
53
40
70
79
85
78
70
83
70
48
84
43
79
75
88
39
82
40
53
75
49
78
77
53
59
40
85
57
81
78
51
81
42
76
44
70
39
45
50
69
83
42
57
82
52
83
82
73
40
64
78
44
41
45
49
39
82
86
39
43
87
42
57
40
86
76
73
38
40
62
53
39
86
41
79
40
42
42
72
40
92
32
48
40
41
72
43
44
78
74
68
41
45
86
43
43
75
83
43
41
41
40
58
76
64
41
49
94
42
87
50
50
77
47
41
47
75
81
75
76
42
56
43
71
51
44
48
44
43
42
42
42
63
77
48
42
43
71
43
72
44
43
50
50
99
43
38
43
90
54
52
88
42
43
52
69
70
55
44
93
44
79
52
43
53
63
50
44
54
66
72
69
69
52
59
52
53
37
62
84
101
52
51
66
44
47
116
140
58
63
80
59
56
81
55
73
52
58
52
57
44
45
73
48
63
88
64
61
45
129
82
67
59
80
51
53
51
43
56
44
77
51
44
81
44
346
49
78
76
68
85
80
41
74
53
45
74
74
57
65
69
50
46
80
80
49
74
76
43
42
64
73
52
43
41
70
51
84
49
51
62
45
77
43
53
66
43
144
50
78
44
42
49
43
55
50
78
43
41
45
55
45
55
42
43
50
50
44
54
42
41
44
62
44
73
79
52
66
145
92
96
87
125
74
84
95
47
78
47
41
82
85
74
41
41
60
86
46
49
42
79
48
71
75
42
89
47
63
92
49
76
64
65
49
53
208
47
39
38
71
47
45
76
41
43
44
50
92
60
91
83
75
44
69
51
41
68
67
77
43
81
51
46
47
53
85
88
53
41
44
48
49
73
78
57
76
73
72
40
43
62
76
124
76
69
106
59
129
73
61
41
64
46
49
50
83
46
49
83
56
58
52
43
41
49
74
69
117
83
68
73
89
138
55
64
66
78
39
53
69
77
60
49
40
70
48
39
39
48
40
53
42
40
51
43
37
52
87
39
34
47
48
38
42
67
45
74
47
65
44
54
73
44
70
42
53
41
64
65
67
78
46
75
40
80
49
39
44
66
47
51
46
70
47
41
73
39
39
41
101
40
41
40
77
39
46
70
38
38
39
38
39
47
40
74
41
40
40
50
82
49
44
41
39
41
39
40
41
47
40
69
40
51
41
47
61
63
40
52
57
47
81
48
69
43
42
40
48
40
42
75
49
50
50
73
42
70
69
40
42
42
50
49
72
78
80
50
44
81
47
47
41
75
41
47
43
49
41
151
41
62
49
53
63
49
48
66
70
46
46
53
51
44
76
68
55
40
53
60
73
54
66
61
53
47
41
49
40
79
73
66
