45
46
83
40
80
73
39
88
69
75
72
46
74
41
70
61
49
82
43
85
46
72
90
89
58
55
130
104
71
77
85
95
92
131
117
85
85
41
87
83
67
75
46
32
83
78
73
49
67
32
84
77
83
40
41
83
62
75
78
42
77
82
40
39
26
97
42
82
91
40
67
73
40
42
40
69
39
92
81
46
47
70
72
39
81
67
39
71
69
40
87
82
65
76
65
42
70
62
73
41
41
88
53
70
70
77
51
48
69
42
49
67
69
71
70
64
79
63
42
50
41
63
74
65
46
70
38
88
50
71
83
38
92
51
78
76
47
66
60
45
55
64
68
45
67
74
46
72
69
40
38
44
78
40
98
107
43
47
62
41
67
73
51
50
61
78
67
74
69
89
40
39
65
45
75
68
39
52
65
75
79
57
69
70
90
44
46
40
77
87
45
91
72
50
76
67
75
65
122
49
50
81
52
95
72
47
68
71
41
74
41
35
40
51
80
42
52
88
42
91
95
52
53
103
47
43
42
64
41
75
82
69
53
80
66
68
41
63
43
64
81
74
50
44
71
63
80
41
35
98
70
67
44
71
49
90
63
67
86
50
74
72
45
43
62
43
108
43
34
87
35
87
52
35
162
50
50
41
211
48
50
43
43
85
39
69
49
44
36
93
43
43
49
71
64
45
44
46
84
80
47
71
48
47
46
40
94
220
48
68
96
105
50
49
57
50
48
49
47
84
86
45
74
83
68
76
46
88
46
68
45
52
81
85
75
74
41
41
49
48
45
43
41
84
89
41
79
70
66
70
80
86
48
34
42
40
40
39
61
84
41
82
46
40
40
75
40
39
74
99
52
62
84
88
67
40
40
81
66
39
96
44
52
42
78
44
45
67
70
76
83
71
70
79
101
47
50
79
63
64
66
87
77
41
39
49
47
74
72
45
42
75
85
40
45
47
85
39
70
70
66
48
81
49
47
71
52
50
45
62
66
78
73
46
47
45
40
75
51
34
92
85
44
43
42
80
60
42
89
44
72
42
80
42
89
41
82
67
83
81
85
42
65
42
44
50
44
41
70
81
42
53
77
47
99
43
89
38
75
70
70
83
49
71
64
96
78
43
41
68
105
83
69
89
85
76
39
58
65
78
74
71
47
44
41
64
63
78
43
43
42
51
78
85
78
79
60
41
41
42
42
46
44
40
100
92
90
91
48
34
47
121
90
86
78
89
58
47
67
206
81
41
42
66
46
77
41
39
74
80
70
47
42
74
43
73
39
69
75
82
59
71
69
39
75
94
46
45
76
95
97
61
65
73
121
121
97
57
61
55
47
71
69
70
67
83
42
78
87
84
42
40
60
64
74
40
59
75
118
115
56
126
93
91
71
39
80
55
63
87
43
50
33
71
39
73
58
83
67
57
79
44
39
41
39
73
60
43
62
88
40
44
65
41
40
53
69
71
40
76
38
43
64
55
41
73
65
54
71
68
68
63
82
32
39
80
41
71
69
60
65
43
78
81
40
43
43
70
66
69
60
42
61
73
41
39
43
61
66
80
63
44
48
52
78
32
42
62
42
76
70
46
63
62
39
39
40
55
65
66
84
34
63
63
32
100
41
49
91
72
62
61
45
66
48
92
40
71
81
79
69
88
71
78
34
109
39
89
81
73
86
77
85
64
40
78
25
73
72
86
65
39
69
67
40
85
40
64
104
87
79
83
109
83
40
81
46
66
83
43
94
43
80
74
75
66
39
69
70
68
73
64
72
56
43
96
44
42
76
81
71
72
66
79
40
68
38
41
68
77
78
35
77
95
42
68
42
43
63
76
71
77
72
61
41
44
42
50
67
78
88
75
66
78
42
68
88
31
51
43
74
42
62
68
78
39
72
77
72
39
66
108
80
68
70
39
79
63
50
111
62
63
35
39
39
95
66
43
89
64
64
79
82
58
65
65
76
43
74
68
76
65
61
82
78
53
42
73
62
61
68
68
50
57
96
89
118
108
63
54
56
100
48
52
100
134
117
133
84
97
75
94
121
91
63
120
72
87
135
146
89
43
50
68
77
76
87
84
80
139
66
42
79
42
70
35
77
93
332
49
75
45
70
41
78
97
77
63
43
57
74
41
83
78
34
78
88
83
42
59
44
90
76
76
73
79
75
68
45
48
97
100
136
122
75
95
86
44
86
89
64
83
80
74
72
61
73
39
62
66
95
85
60
75
43
58
84
38
69
61
75
72
72
85
65
96
68
80
87
90
52
84
65
42
62
68
45
72
69
69
