216
217
218
209
242
255
215
218
246
209
262
212
219
213
220
258
202
218
177
256
211
258
209
199
233
213
211
226
177
237
197
196
203
207
210
265
183
194
202
217
216
268
209
288
222
206
216
215
206
221
221
227
229
221
246
242
253
248
293
312
228
315
306
252
257
407
226
261
222
261
332
231
207
224
227
277
241
272
222
236
242
240
217
222
275
244
244
221
280
256
238
298
336
264
247
281
238
271
237
280
226
230
231
220
225
232
264
239
262
235
242
568
370
293
255
250
236
257
263
315
257
326
272
248
278
292
274
265
270
249
253
252
258
375
269
251
253
282
255
419
295
257
253
303
248
262
331
245
262
238
236
222
225
352
308
246
229
240
232
389
240
253
244
256
239
250
232
258
261
255
263
290
244
271
241
233
320
230
219
235
294
248
246
303
269
299
228
253
264
250
233
392
228
414
228
296
262
271
231
243
400
230
316
303
227
291
218
392
231
254
279
341
214
320
303
301
255
233
288
282
248
212
325
252
253
247
249
377
260
238
248
272
297
233
260
264
295
258
248
300
233
233
248
269
294
241
366
223
221
254
223
232
282
234
225
233
331
285
230
248
228
253
226
230
257
294
329
252
224
259
220
229
221
248
232
304
231
242
275
218
259
231
389
236
217
302
248
337
225
213
309
230
257
254
233
253
231
296
228
216
299
281
249
256
300
266
219
251
250
232
212
244
251
217
307
239
259
189
213
204
191
208
198
249
196
232
181
195
179
182
237
235
208
193
219
188
224
192
215
198
199
309
195
201
187
192
200
197
240
187
189
217
193
187
195
190
210
188
193
197
188
179
176
198
188
189
193
194
184
188
195
192
219
234
193
171
177
232
223
186
188
219
202
188
197
188
193
188
244
172
190
188
178
203
183
218
181
206
188
192
183
198
224
193
175
184
196
155
192
190
184
211
188
188
247
165
199
212
189
186
219
261
168
200
183
220
317
274
287
250
187
187
179
284
184
181
200
195
200
197
195
212
231
210
226
226
212
204
214
204
202
210
200
235
197
330
201
246
352
201
335
218
276
210
180
201
329
306
228
201
194
326
197
196
261
195
190
216
187
209
186
209
228
268
190
259
171
197
170
257
185
188
192
270
253
200
297
192
220
240
196
268
243
202
199
345
207
253
188
182
352
266
207
223
187
188
305
197
332
228
304
204
200
208
199
267
196
191
205
189
184
211
195
203
190
208
186
235
192
184
184
229
213
186
206
184
193
187
200
177
190
220
217
203
187
176
206
189
170
389
269
206
243
200
285
197
215
184
254
194
194
222
210
222
203
220
192
252
192
193
174
182
257
224
198
237
206
201
229
212
198
209
216
209
234
224
196
197
250
204
196
205
188
223
193
190
194
196
192
190
243
196
231
256
197
222
194
204
192
205
228
196
179
189
220
193
193
203
196
228
198
202
211
195
191
197
217
197
189
195
189
232
219
188
185
189
195
192
253
180
229
200
195
192
193
215
227
188
202
184
201
249
238
182
200
236
199
198
196
188
199
201
185
201
188
231
229
197
187
207
211
208
262
181
223
197
181
194
228
184
224
185
325
176
249
179
245
252
209
185
203
234
220
241
219
183
191
201
198
208
209
192
202
252
194
221
296
240
212
201
206
209
193
313
262
195
181
185
183
236
200
232
224
185
177
344
175
265
225
551
310
183
214
606
217
230
191
202
185
224
265
240
225
194
222
185
185
195
460
187
187
214
199
210
188
181
239
166
232
238
172
191
238
175
231
218
172
182
176
175
211
220
171
176
188
203
186
211
196
209
172
227
185
174
187
173
200
175
176
225
170
183
170
195
191
207
161
170
168
168
205
181
220
226
192
172
203
176
266
164
239
230
210
223
167
179
221
222
191
160
189
164
155
178
172
178
171
194
160
169
202
297
206
218
196
237
206
170
183
172
167
182
170
174
219
226
168
178
185
227
235
171
172
159
205
229
180
214
250
209
229
246
206
214
238
245
210
205
201
248
191
201
248
202
196
210
205
274
211
208
196
193
209
208
225
239
229
227
204
191
205
185
237
197
184
192
223
210
201
243
251
205
238
199
202
253
239
246
227
186
231
201
223
202
242
194
170
205
258
202
184
180
189
205
252
202
175
197
257
224
184
196
198
204
202
219
184
242
261
226
211
258
211
231
216
202
217
179
198
192
241
200
207
201
242
198
191
218
196
260
191
221
223
236
213
203
208
258
247
211
192
191
205
205
193
200
241
221
195
195
226
221
214
200
215
202
199
211
218
248
