126
151
165
167
177
177
169
159
117
135
118
176
141
135
168
150
166
134
146
106
188
169
116
184
178
157
199
279
231
113
172
160
168
158
182
185
171
157
104
121
168
157
155
152
136
112
199
136
165
137
124
159
164
160
132
120
189
188
113
115
166
121
172
135
125
165
213
176
132
294
190
209
180
247
199
157
157
191
158
140
166
113
139
169
106
155
166
122
163
180
190
161
139
169
185
158
199
117
162
175
130
168
168
168
138
149
174
140
150
204
175
165
181
169
250
162
177
161
168
169
173
151
154
110
160
177
163
147
159
157
149
152
165
136
156
183
188
153
161
164
167
123
175
168
167
126
178
176
144
167
126
147
138
163
171
140
169
167
116
169
121
111
166
136
159
174
164
168
164
148
174
171
164
146
171
145
127
176
126
160
130
235
193
194
178
243
290
190
188
123
125
125
171
180
156
175
150
160
182
137
134
135
176
174
205
155
137
178
160
117
174
265
163
199
149
178
166
129
180
157
171
173
135
152
190
234
148
197
272
312
285
277
163
179
210
202
174
127
168
172
186
123
119
173
163
157
148
165
174
173
165
154
147
104
168
134
188
119
172
159
165
119
152
185
172
159
180
179
135
205
135
165
160
154
129
203
214
159
195
158
187
211
216
179
174
181
174
124
167
166
167
163
168
163
157
119
134
209
227
198
168
157
127
178
170
166
137
121
112
153
166
176
176
184
150
169
139
253
120
145
187
154
185
170
173
157
128
178
129
178
179
272
294
273
273
206
197
121
177
191
240
135
173
167
164
167
118
173
131
201
179
123
187
170
116
144
133
169
187
137
145
182
160
155
126
178
128
176
114
127
136
206
113
158
189
133
168
160
174
181
174
115
104
168
182
135
174
190
119
184
137
173
143
150
170
127
133
146
128
169
109
157
147
162
177
163
163
158
135
162
145
159
166
158
164
153
142
137
145
172
105
160
162
163
187
111
155
140
158
163
178
157
131
149
170
155
125
135
167
131
170
146
164
161
160
179
125
121
183
133
165
144
152
112
161
163
146
173
165
121
184
123
176
138
182
148
119
126
158
158
155
125
135
151
144
162
176
133
166
133
113
107
166
171
151
162
166
139
122
166
109
137
188
170
172
172
154
139
129
145
159
138
176
135
152
161
304
168
168
135
155
171
130
118
171
133
131
114
165
136
156
159
145
145
110
183
156
122
160
301
159
130
120
125
125
196
144
147
131
145
163
188
165
152
146
496
174
192
144
134
143
203
153
146
144
133
172
136
173
135
146
126
170
153
130
174
161
168
174
171
148
213
135
127
109
122
184
173
163
147
182
173
136
181
125
191
132
168
179
167
161
166
112
155
170
105
169
185
209
257
177
106
178
130
173
165
102
165
151
176
138
177
125
117
179
129
170
150
159
179
170
185
167
161
121
277
176
175
172
177
111
152
113
167
136
155
161
130
173
170
155
168
113
176
126
167
174
144
120
173
171
141
125
176
190
161
140
168
175
137
151
176
136
150
156
170
131
120
154
135
163
151
170
163
172
180
182
193
192
177
173
220
226
200
232
245
240
198
209
213
203
189
196
205
195
150
195
191
203
224
309
215
201
195
170
185
170
193
213
153
190
198
214
200
182
157
343
184
151
193
186
209
212
208
179
199
208
222
185
219
245
206
217
198
215
190
174
299
260
266
207
208
194
139
187
206
211
193
215
224
188
206
158
215
191
200
161
178
186
198
181
172
184
649
212
182
190
157
207
179
183
208
255
338
178
165
209
192
279
187
233
189
212
210
195
180
184
172
212
197
210
214
191
196
200
218
212
188
179
185
177
201
201
192
195
197
179
185
176
196
187
188
198
212
195
163
225
194
210
198
180
196
174
213
202
199
192
228
214
199
169
161
199
146
199
162
224
212
184
158
164
193
177
182
191
228
182
195
156
220
201
208
154
187
165
196
192
182
180
195
176
149
204
211
160
204
182
183
195
201
189
175
232
222
300
202
287
257
277
234
264
256
243
234
347
448
240
256
256
246
295
283
223
261
206
165
179
200
170
202
182
181
186
204
158
177
147
173
173
219
190
193
223
187
171
178
204
203
158
215
206
202
221
133
179
210
210
179
215
198
194
190
152
172
170
149
203
171
182
229
148
202
196
188
161
171
209
188
190
186
157
182
163
163
194
163
183
172
153
192
197
170
194
211
180
175
203
190
153
187
188
183
191
213
160
205
201
234
234
214
239
178
289
254
285
294
318
251
270
283
360
326
295
324
333
361
350
314
382
367
