126
129
217
194
220
203
198
209
153
129
183
136
186
121
124
144
133
195
128
122
127
198
123
197
144
251
148
190
217
215
124
134
201
197
144
165
128
191
169
208
135
136
150
219
132
219
117
130
132
187
191
210
194
131
192
186
138
141
135
180
139
147
137
198
185
134
133
301
150
148
194
135
202
194
139
136
183
144
184
138
193
144
137
190
137
190
143
135
134
123
136
125
180
190
143
198
137
193
132
129
128
194
137
142
136
174
142
146
134
156
183
141
149
127
167
201
149
196
130
184
195
130
139
146
146
129
129
178
146
136
136
147
133
131
129
196
135
177
134
145
137
135
120
138
133
200
132
138
147
170
133
126
134
149
149
127
132
142
153
132
132
157
199
142
143
147
210
202
144
208
160
126
128
210
143
131
134
200
152
141
137
134
203
146
150
139
204
144
147
140
150
152
139
209
135
150
145
216
199
134
209
143
206
155
137
199
138
150
149
150
215
153
135
137
145
199
140
218
154
191
198
137
209
135
150
148
227
143
139
136
148
201
148
198
164
156
134
136
206
138
135
133
209
141
180
148
135
200
146
212
144
164
144
130
205
140
198
130
142
147
147
137
207
158
150
215
212
205
148
140
138
204
189
145
228
143
137
140
137
215
153
150
152
142
139
143
137
143
150
138
146
151
151
146
139
139
140
134
153
167
147
212
137
137
162
149
172
249
175
138
149
140
160
135
133
134
138
157
211
162
139
145
140
142
136
158
157
211
152
164
150
205
196
136
189
159
133
209
146
207
148
143
161
146
139
131
146
135
198
142
210
141
140
143
135
153
150
149
153
193
151
152
136
150
139
138
225
141
150
141
144
133
139
197
142
143
137
149
136
199
157
176
157
136
141
126
187
153
146
130
144
193
140
190
132
142
141
143
140
214
187
132
151
146
143
134
193
153
152
192
150
141
142
196
139
147
151
150
134
130
136
147
199
136
150
148
151
185
139
199
193
254
139
172
121
145
187
158
186
143
149
130
122
197
151
136
165
138
134
132
198
137
135
135
181
158
984
140
131
218
128
131
151
133
200
152
203
140
147
195
142
136
139
143
134
611
138
141
197
139
194
161
209
141
205
143
144
220
132
141
146
131
144
140
162
132
209
147
200
149
145
136
135
190
152
142
140
141
132
177
195
175
198
132
150
142
131
142
156
135
130
161
199
143
155
153
149
181
141
148
151
191
145
148
144
184
135
199
149
151
159
136
138
153
148
139
141
153
153
150
135
137
140
153
134
150
126
141
134
217
130
140
136
197
144
138
153
155
153
146
213
157
146
149
136
139
151
149
129
136
146
136
142
141
209
166
155
142
129
214
138
205
179
205
150
232
134
181
142
208
252
295
234
207
224
172
137
131
199
134
145
134
135
137
153
144
134
142
131
220
212
225
132
147
139
205
135
131
134
147
202
133
138
141
207
146
133
142
202
214
209
131
136
140
146
147
132
134
159
194
217
222
136
134
199
129
143
151
139
202
144
194
144
201
134
149
156
158
149
135
139
132
147
176
186
214
241
210
143
142
137
135
209
167
131
130
139
127
155
188
150
168
163
137
131
150
154
152
136
136
127
134
139
129
136
160
145
149
131
135
138
214
131
210
150
127
144
130
138
134
138
145
137
135
157
206
139
134
135
163
141
221
148
210
151
137
200
136
132
137
144
153
147
160
133
162
148
120
133
199
146
191
146
199
149
141
209
132
213
157
249
179
152
130
209
150
202
137
142
135
161
208
135
195
146
223
146
171
146
148
145
138
213
148
144
149
154
146
199
150
158
135
140
143
168
149
142
131
153
142
136
163
133
149
152
145
139
140
135
147
152
138
155
135
206
150
145
152
153
137
141
135
142
149
153
142
145
153
143
142
137
138
134
145
147
139
133
151
152
207
153
221
151
134
135
162
147
129
130
146
134
168
143
127
139
140
158
197
211
189
140
139
141
140
191
127
198
140
223
147
144
137
140
139
153
149
160
135
129
142
165
161
192
139
140
135
155
169
136
146
136
149
159
147
137
140
191
145
153
206
146
148
215
207
144
142
187
200
153
157
134
142
173
210
144
156
141
224
213
171
157
154
182
166
196
158
194
155
141
219
207
141
139
155
141
143
152
206
139
225
142
145
138
137
225
150
138
140
156
156
155
175
147
156
169
166
161
158
155
204
143
158
208
160
158
146
152
162
156
154
149
200
147
233
156
208
148
145
151
157
154
144
145
145
206
144
145
145
136
231
143
209
139
146
141
143
161
142
153
173
