239
212
209
220
231
212
328
262
458
366
273
297
392
292
284
305
344
368
325
332
470
289
289
283
268
270
276
269
287
260
290
282
242
258
263
256
270
241
275
265
280
243
309
262
258
389
246
235
273
259
286
284
251
216
213
293
218
250
254
237
271
322
230
271
266
266
333
207
260
322
260
211
227
240
327
308
322
252
246
225
224
235
225
216
211
223
251
248
244
232
224
339
223
222
239
270
258
252
215
268
250
250
242
216
212
215
214
245
288
202
302
265
205
237
238
200
224
237
248
212
246
251
199
203
229
194
207
208
212
259
231
241
265
196
189
214
191
236
214
236
217
199
207
214
232
197
207
210
195
196
242
201
188
197
189
193
228
218
200
191
212
160
210
213
218
162
255
221
221
163
200
176
205
191
216
235
244
212
220
208
181
210
205
293
212
239
222
208
211
221
196
180
242
171
230
209
206
225
220
205
229
193
172
176
198
198
160
169
281
203
174
239
171
202
251
205
228
198
198
210
234
236
195
211
173
197
228
197
184
152
165
217
201
189
240
223
201
150
192
188
237
225
166
196
166
228
156
191
232
216
173
166
230
213
152
218
189
180
289
180
219
247
162
235
179
183
226
241
237
190
180
150
212
154
179
246
197
191
163
151
177
263
172
187
214
206
215
267
221
276
249
215
197
210
289
281
219
240
210
244
209
218
210
306
244
283
294
220
246
256
256
214
222
237
288
230
228
213
229
215
216
211
228
201
250
221
224
200
239
201
223
217
230
266
205
267
461
229
236
267
224
209
214
223
301
221
289
252
278
239
230
207
245
266
252
218
227
284
228
347
222
203
243
236
231
221
236
225
243
371
240
225
222
263
307
255
244
253
262
224
279
252
265
278
247
240
232
366
271
287
213
315
219
624
246
301
239
257
278
231
216
271
233
224
284
196
217
245
222
224
234
215
256
309
196
217
210
209
238
202
202
252
301
222
206
216
226
225
237
238
208
231
221
251
236
205
211
255
217
232
290
271
226
220
250
222
258
256
228
217
260
258
262
224
316
221
217
267
264
392
219
309
223
237
234
242
287
312
248
225
249
216
222
223
255
249
260
263
409
371
224
224
227
309
213
267
234
296
204
334
288
256
255
245
255
240
289
275
229
211
215
272
229
264
229
228
235
246
285
216
258
221
258
214
240
223
241
252
263
252
310
225
212
329
254
241
224
221
241
218
219
241
237
243
284
226
239
212
231
211
364
228
225
360
218
200
218
223
225
210
242
233
239
220
237
205
259
312
201
234
225
220
270
285
328
210
217
275
227
276
212
268
208
225
235
245
228
227
236
349
203
330
366
204
235
230
217
292
207
211
205
356
265
232
293
247
232
334
226
223
205
214
206
217
251
213
215
210
216
221
259
201
250
202
224
201
216
250
201
207
227
210
211
217
226
262
194
200
209
191
220
231
262
210
197
220
225
207
216
210
191
207
207
279
214
190
185
190
179
218
195
240
201
206
239
209
176
179
178
203
256
227
323
204
216
198
290
241
199
232
186
211
226
189
189
212
258
215
221
186
236
325
204
219
199
283
206
205
273
213
190
190
188
200
235
189
305
197
204
272
257
229
195
316
196
210
215
220
204
232
247
203
238
226
214
229
194
226
248
213
212
203
371
215
199
296
209
226
211
233
229
204
235
226
220
216
263
253
242
286
240
262
254
269
209
232
210
188
257
183
255
230
273
185
231
212
264
213
207
203
181
391
207
171
252
202
178
221
270
202
207
213
230
193
235
175
172
176
233
177
189
190
218
210
187
165
175
184
214
206
212
204
184
166
211
293
290
224
221
226
206
191
196
206
197
239
191
198
218
171
212
171
217
203
213
205
203
195
167
186
154
167
180
210
186
178
195
185
168
205
185
204
229
188
194
356
160
187
333
209
238
236
201
208
185
255
201
179
170
215
213
213
158
182
249
234
230
252
344
209
187
203
264
269
240
205
255
211
221
295
249
236
211
207
228
213
210
277
198
213
271
253
206
207
230
371
192
218
199
252
221
233
205
229
229
254
234
231
222
214
208
262
246
224
209
195
217
333
222
288
216
243
233
369
244
209
251
242
249
437
200
252
296
242
271
273
244
221
214
242
244
230
328
238
242
233
245
274
310
312
236
250
264
229
264
275
247
208
258
236
273
236
264
257
216
246
218
219
237
252
232
247
281
247
271
344
213
222
218
202
216
223
1611
222
313
214
228
215
229
234
209
225
238
275
261
229
209
222
193
198
228
224
285
210
234
217
213
207
224
219
