240
275
201
319
227
162
208
295
283
224
203
345
203
218
181
170
169
222
204
165
228
209
231
223
184
225
186
208
209
228
203
214
199
215
185
211
236
203
267
262
199
219
199
223
208
301
186
201
180
214
209
202
246
204
196
190
231
193
203
202
195
205
192
230
191
225
197
218
177
267
262
219
345
235
235
189
228
210
214
213
225
232
218
194
209
190
216
219
207
187
178
185
186
206
232
204
176
235
221
195
194
220
203
249
206
213
211
190
230
170
191
215
215
198
192
196
238
213
300
220
208
253
343
198
215
192
196
196
194
206
213
206
219
235
343
335
213
182
229
302
233
210
198
210
225
243
304
240
210
221
244
216
201
196
230
201
212
306
205
210
224
199
212
212
212
201
230
312
214
320
210
236
249
222
261
228
206
240
210
217
217
214
221
266
233
252
242
242
273
228
227
298
247
245
207
236
246
239
237
235
225
261
213
221
231
294
227
227
219
358
208
272
216
227
204
237
275
229
334
241
203
271
240
253
216
233
229
224
243
239
268
224
336
227
266
251
227
233
265
216
230
223
232
241
339
231
288
419
390
264
212
228
242
245
298
345
227
199
224
230
340
241
298
374
233
252
381
219
238
232
234
239
236
241
237
262
253
233
257
257
240
217
244
357
239
270
225
259
262
236
236
289
293
229
236
242
254
256
279
251
224
236
234
212
233
266
405
222
261
243
239
222
221
251
227
369
214
220
439
245
247
259
215
254
238
243
256
236
269
254
283
245
244
232
330
287
291
226
240
228
268
246
245
250
213
239
250
352
315
233
269
277
250
239
316
688
238
236
243
238
234
252
254
306
272
289
320
360
263
337
261
274
239
247
215
252
318
225
217
272
259
229
213
231
246
279
216
240
264
211
221
272
251
274
212
218
237
247
209
212
230
206
278
264
259
217
247
212
241
210
221
228
239
261
236
245
219
202
206
193
220
204
194
206
235
256
211
238
258
222
233
216
246
211
207
216
252
201
208
220
222
203
214
223
215
257
212
267
205
310
205
222
223
268
208
192
217
201
239
200
192
212
201
245
204
195
209
219
250
210
237
186
190
188
271
211
247
193
240
205
227
234
188
202
224
279
248
276
223
186
204
182
251
200
254
221
246
198
204
216
213
185
213
194
243
197
209
188
210
176
200
206
193
196
232
241
201
204
207
178
233
200
209
258
289
229
195
228
205
238
217
253
185
256
191
268
184
250
213
251
203
248
211
279
213
230
203
194
246
206
217
165
249
173
238
159
211
193
209
160
212
168
219
170
205
174
157
183
163
166
265
161
156
220
385
210
182
194
164
168
183
168
204
159
210
183
159
167
183
199
193
171
202
184
168
208
166
211
160
200
189
234
216
176
165
162
205
165
171
150
168
236
167
225
245
195
179
255
160
206
148
198
179
242
181
248
171
195
162
201
183
223
160
201
210
164
212
193
206
162
229
257
288
171
195
165
288
165
186
183
235
218
210
241
169
162
164
158
162
156
170
189
200
182
165
207
169
195
160
198
179
220
201
154
163
166
181
173
178
168
219
144
162
216
164
218
167
226
164
171
180
160
212
170
192
173
166
153
223
165
165
226
322
202
178
196
153
165
162
169
279
242
172
160
154
164
169
158
166
206
206
170
162
171
183
190
210
183
176
159
174
167
178
169
149
160
158
159
153
160
191
170
163
167
174
173
136
188
175
183
186
154
170
190
181
159
150
176
223
158
156
153
192
165
175
158
168
173
154
169
178
162
159
149
175
171
177
161
161
155
155
199
161
158
163
156
157
157
164
155
190
177
143
167
173
174
153
151
154
173
144
158
160
196
158
177
168
159
187
160
152
154
185
142
189
164
156
167
173
145
154
197
146
162
156
149
152
173
187
153
157
160
152
147
263
358
408
165
273
166
255
179
173
190
162
166
150
190
328
165
183
163
190
157
145
183
166
180
164
174
170
168
193
155
174
159
188
190
168
207
200
160
191
144
180
168
171
221
194
186
170
200
190
191
163
182
182
186
177
176
184
178
167
213
397
196
186
289
166
162
231
361
155
164
175
177
177
209
176
310
188
199
181
183
175
251
199
275
220
251
236
217
255
297
186
204
248
196
226
216
240
240
254
185
210
235
192
213
221
196
183
267
192
256
198
268
232
173
215
180
207
258
219
194
236
296
242
248
301
205
271
252
191
331
286
229
320
215
282
245
315
232
190
224
239
216
202
252
246
198
218
199
240
285
187
287
279
287
254
234
210
214
205
269
186
223
297
292
261
212
