196
221
200
232
286
213
219
184
205
197
192
192
192
213
169
222
255
326
253
315
234
282
248
256
204
181
230
215
234
178
217
245
214
262
202
219
291
228
315
250
281
253
273
242
225
200
171
228
183
215
196
175
168
180
188
217
185
191
241
211
207
216
212
211
221
197
186
181
196
191
212
185
185
189
197
195
223
192
215
268
223
220
169
205
187
207
254
318
200
192
238
219
185
217
186
329
198
217
265
205
202
222
182
212
230
236
192
185
206
226
205
229
356
188
212
186
209
192
216
197
206
199
223
186
199
216
222
216
210
219
205
235
221
240
237
212
209
203
205
243
222
223
226
411
212
205
198
210
214
250
196
218
227
196
202
245
202
214
207
194
192
202
195
207
203
188
219
190
201
198
219
230
234
366
267
240
222
229
230
372
205
217
223
228
229
250
358
230
328
217
230
269
217
305
218
248
245
296
239
217
255
208
323
230
240
260
303
276
319
421
229
263
225
246
222
213
261
221
318
236
235
216
228
255
201
360
239
235
280
221
286
235
287
225
195
232
357
245
211
229
238
238
303
200
246
246
227
187
246
197
247
269
263
217
317
212
230
261
226
224
274
298
191
280
216
244
524
181
187
225
223
235
210
219
225
293
349
270
226
215
227
203
206
219
251
229
195
244
297
191
266
234
181
239
232
208
225
233
231
216
218
248
220
243
232
604
234
226
282
281
373
293
250
209
275
228
205
222
220
320
249
236
246
204
209
217
219
246
239
210
238
213
216
442
227
315
311
322
210
285
336
369
344
244
254
288
243
170
211
219
247
220
235
265
225
229
261
226
216
216
235
241
232
361
276
329
322
295
234
333
431
403
199
261
374
194
197
203
239
326
207
271
202
202
247
333
208
207
193
197
193
210
193
202
198
211
366
206
215
264
221
193
225
197
232
215
213
196
210
219
197
225
208
214
236
259
215
197
193
237
264
204
211
212
198
213
206
223
218
199
335
197
230
248
260
201
230
204
371
224
210
259
219
205
209
273
216
226
218
206
232
233
208
224
378
260
259
403
226
354
229
190
218
187
184
218
233
232
191
256
195
201
235
210
216
202
222
241
206
210
235
206
228
211
195
233
190
201
214
182
221
184
206
189
228
188
215
182
191
202
177
229
225
188
206
234
207
206
184
207
240
189
189
232
202
214
189
227
180
210
184
201
185
196
181
195
206
185
202
184
188
192
209
187
219
192
193
214
207
184
184
182
180
228
210
183
206
181
190
210
200
192
178
173
236
183
198
207
181
196
189
196
194
218
179
172
189
203
205
194
178
186
191
193
227
186
244
187
193
181
187
207
230
177
213
196
182
206
177
182
246
198
195
231
201
202
215
207
205
228
214
235
207
204
233
220
196
206
190
204
188
208
225
188
235
260
211
197
218
208
273
189
202
196
215
209
235
202
259
188
198
202
222
207
224
240
193
213
213
192
211
209
209
221
203
226
194
183
189
182
200
241
179
202
220
203
205
186
208
217
229
209
203
190
270
183
185
242
188
204
210
211
199
210
195
209
186
203
226
199
202
205
178
195
238
194
205
199
217
261
362
231
274
225
274
262
261
197
186
196
184
200
218
273
172
224
205
234
215
173
233
182
234
207
171
194
178
200
198
195
201
195
196
199
195
206
167
194
184
178
196
190
208
190
210
187
222
202
245
194
197
248
222
202
231
224
298
209
227
230
200
238
200
191
212
195
198
194
188
221
240
367
368
242
202
187
165
201
304
226
190
250
203
182
185
194
204
244
191
210
232
207
165
220
190
214
203
198
218
204
212
227
206
222
246
206
229
222
199
205
236
188
200
196
198
189
246
187
220
229
202
199
207
195
252
209
188
177
183
255
214
194
182
185
204
229
183
192
196
198
173
265
281
203
200
172
181
195
229
206
184
194
200
188
165
179
197
192
197
248
192
183
192
187
185
209
204
209
194
197
204
189
193
194
196
187
193
196
179
228
213
186
217
199
210
170
199
196
207
198
197
191
197
231
208
209
196
192
210
195
198
192
178
179
171
211
216
196
171
221
178
171
210
182
170
235
211
187
241
177
191
193
210
192
188
181
185
194
212
194
255
302
328
255
233
197
255
253
247
275
329
248
281
257
218
268
215
210
178
187
175
218
192
193
185
239
257
261
302
264
259
258
219
275
267
309
250
235
235
186
192
191
180
186
227
198
183
191
180
218
213
196
178
190
228
201
177
188
172
188
173
236
179
188
245
200
234
187
178
194
171
192
235
327
307
309
218
273
313
333
