206
142
220
168
209
176
175
184
258
180
200
189
222
180
187
216
203
165
179
211
181
178
175
178
247
272
171
161
384
171
170
182
179
194
267
163
176
193
195
161
183
188
211
186
187
220
171
188
268
195
190
199
176
195
201
206
254
190
188
228
199
268
246
234
243
232
218
223
243
242
215
289
225
202
291
239
219
219
233
364
200
225
239
214
213
232
212
249
236
236
235
207
224
293
232
230
228
347
226
283
264
223
222
236
232
232
235
219
229
227
244
284
211
225
231
237
263
215
263
233
238
239
193
225
231
219
197
241
206
206
190
222
214
208
201
212
209
200
241
202
230
244
217
226
225
207
221
207
205
197
394
238
208
204
262
239
194
203
237
237
214
206
202
247
206
215
205
219
210
199
239
218
217
234
215
212
198
196
199
191
198
197
185
203
184
194
188
176
177
188
204
192
181
205
177
213
198
184
210
177
186
185
189
205
188
189
198
180
211
184
205
177
229
203
178
201
255
193
225
274
193
178
286
181
207
170
198
181
188
194
174
192
169
230
184
207
157
220
176
183
199
184
211
172
181
176
185
179
189
216
188
169
206
187
160
171
176
207
205
191
177
167
220
179
218
217
182
174
199
187
174
216
176
177
180
177
175
180
199
186
179
184
185
198
194
176
230
200
209
195
193
181
203
200
208
191
194
214
337
204
199
183
180
200
186
211
191
198
184
198
254
214
207
206
208
231
205
190
200
209
198
206
207
189
209
217
221
201
196
209
211
226
190
188
207
192
207
187
198
205
190
223
194
207
199
193
217
215
197
221
185
193
198
200
207
203
204
206
206
219
212
194
220
196
191
213
180
203
206
197
199
195
199
198
209
198
223
209
186
202
195
225
198
202
203
201
233
198
212
222
199
204
205
199
212
204
188
194
199
228
191
207
217
221
205
195
206
222
210
192
197
199
216
211
191
212
179
212
187
195
206
196
317
188
211
199
203
187
190
276
214
218
219
176
209
217
198
214
201
194
174
208
193
225
198
196
184
190
186
192
225
180
203
188
171
208
184
190
195
177
207
172
205
211
177
241
200
242
201
177
203
179
226
193
191
215
231
205
209
186
199
183
190
213
175
246
197
173
228
174
165
176
170
181
216
214
183
177
217
170
228
184
187
244
184
188
184
173
202
171
211
215
218
193
351
192
197
185
189
216
199
204
191
175
217
194
196
173
180
230
210
183
200
177
176
180
191
227
199
205
221
212
176
180
182
177
200
172
204
190
186
188
241
181
236
176
209
190
228
305
231
173
196
209
393
209
199
227
202
182
275
223
250
234
237
210
225
196
216
196
166
216
208
209
184
175
224
195
200
189
195
239
185
207
202
185
202
202
206
197
183
196
202
204
194
189
227
199
209
200
213
209
202
176
205
193
214
194
193
187
203
179
190
199
200
197
207
257
195
206
201
200
172
192
224
279
170
278
190
212
196
270
192
192
224
198
190
199
201
203
213
213
229
190
198
200
190
198
188
189
199
200
188
191
212
194
190
247
197
189
187
189
212
194
340
195
228
187
209
220
174
202
210
194
177
202
203
209
251
187
244
199
206
199
210
213
175
195
203
210
193
185
193
188
202
208
195
212
198
231
209
196
210
200
205
196
206
191
176
180
177
201
222
177
192
179
221
202
180
246
172
205
180
175
232
169
175
160
162
226
220
209
172
191
234
173
205
184
207
249
174
181
174
180
223
179
161
213
222
177
176
227
242
200
204
172
184
188
197
154
188
239
211
179
179
209
180
173
181
222
166
207
210
175
196
202
206
202
179
177
212
175
238
159
217
194
178
236
177
178
231
207
237
199
200
200
180
213
163
238
192
150
199
184
174
179
219
225
192
176
230
180
217
168
205
172
208
178
178
218
156
230
171
192
187
177
257
169
249
216
229
226
171
217
203
173
198
212
218
156
219
189
196
210
173
173
172
178
197
184
161
221
189
178
176
241
170
176
188
179
214
163
190
184
184
182
180
177
165
174
191
192
194
185
172
197
197
180
188
163
200
179
175
185
199
207
183
168
180
176
181
212
168
188
184
200
172
184
264
210
176
182
226
180
173
178
161
176
178
206
207
201
172
165
187
219
175
171
193
160
196
166
184
177
163
202
171
192
215
217
185
174
179
194
173
158
179
172
174
156
214
176
168
185
194
177
188
174
186
232
165
192
168
169
202
176
158
173
176
201
180
156
173
180
161
176
173
227
184
173
210
198
210
179
247
183
167
165
187
204
164
193
173
189
169
175
200
184
195
205
