181
128
200
134
133
152
207
127
203
150
205
195
203
156
180
127
134
132
143
195
125
190
137
136
195
131
199
129
129
142
175
128
164
167
190
131
130
126
211
182
175
160
162
132
173
132
153
126
129
138
145
209
151
133
134
178
136
195
145
162
174
157
132
219
135
141
126
121
199
156
131
145
194
148
141
131
177
135
214
145
134
129
202
133
144
154
216
137
182
131
187
131
148
157
145
125
132
140
200
199
164
202
219
151
137
134
212
132
203
128
204
136
128
144
129
145
191
129
132
135
132
141
201
155
132
141
140
185
135
184
144
124
194
143
202
128
189
127
189
129
131
130
129
125
152
119
137
131
140
120
129
127
135
140
133
156
143
198
148
137
131
234
245
254
199
132
145
214
137
134
136
140
137
193
138
136
131
204
137
149
151
145
142
160
206
139
243
148
149
143
216
140
214
143
203
148
206
146
150
156
208
147
179
147
161
144
156
212
142
144
148
208
218
198
196
149
195
209
215
144
148
141
155
157
166
229
212
143
175
153
162
145
154
155
161
211
144
143
164
194
140
193
161
163
157
213
140
407
179
213
160
206
213
156
142
204
142
192
218
149
206
213
142
149
200
145
214
156
146
158
148
145
163
190
146
196
139
209
153
199
146
203
141
207
145
152
183
214
200
198
139
207
199
135
157
197
150
206
136
193
143
143
154
152
190
136
212
144
175
199
176
161
186
154
188
141
147
147
148
212
145
191
160
237
152
178
152
145
142
157
139
204
148
213
196
199
200
157
143
202
142
149
142
224
154
203
142
140
142
147
139
145
135
168
244
143
146
152
236
151
236
156
229
162
148
149
221
149
159
155
156
226
160
145
151
159
162
169
150
159
160
170
149
164
156
240
156
235
151
147
163
180
150
233
165
220
155
137
158
234
154
159
144
230
176
142
155
180
192
223
159
154
150
152
156
150
162
167
151
153
167
149
177
152
205
162
212
169
147
147
145
154
153
157
176
169
176
763
211
150
164
174
206
154
161
144
163
171
154
236
152
231
154
227
147
166
145
225
222
172
149
151
150
225
151
153
154
163
149
157
171
151
160
151
167
152
154
218
219
147
152
154
163
155
166
157
225
163
168
151
227
157
228
162
168
151
224
176
158
146
221
215
163
166
157
148
148
163
161
222
161
223
172
160
160
219
163
179
171
224
149
157
153
218
147
144
143
158
220
144
206
152
221
213
140
142
206
145
156
145
202
141
143
140
202
158
167
155
219
142
207
147
172
156
138
206
195
142
141
161
141
147
145
137
141
162
149
177
147
167
140
128
143
162
140
141
153
141
147
197
166
165
143
141
139
144
156
201
214
162
147
154
139
167
168
159
193
154
200
209
157
138
188
149
205
216
156
154
219
166
191
147
146
147
150
178
190
190
147
138
148
194
193
204
157
153
175
159
257
153
156
224
149
201
150
151
162
192
150
166
149
161
177
171
154
315
173
165
142
157
152
164
158
203
158
177
162
160
158
154
153
179
153
153
160
168
177
151
151
166
158
153
207
143
211
153
151
225
168
142
168
154
151
150
150
163
152
154
157
147
161
186
157
151
162
149
150
212
205
155
165
166
226
198
173
158
148
161
156
146
203
209
162
146
161
216
153
221
156
159
159
208
156
169
146
201
158
162
169
152
145
145
154
164
154
222
148
144
172
210
199
152
154
162
155
149
148
155
145
151
151
164
163
164
152
152
228
155
156
147
191
209
148
209
151
158
155
160
156
217
153
245
167
154
149
168
151
154
150
173
168
165
180
161
527
158
175
159
181
167
168
167
267
168
181
181
186
188
168
168
260
270
213
158
162
156
163
170
175
168
177
162
166
161
168
176
229
153
161
155
160
188
161
150
163
153
165
169
161
164
184
165
177
157
162
195
175
176
156
171
176
181
163
159
164
158
169
170
180
153
155
202
176
187
157
160
154
155
172
159
159
172
157
150
149
168
140
155
172
152
163
171
157
160
152
151
140
164
202
159
166
191
195
141
192
150
194
143
201
187
147
171
206
153
134
150
151
139
140
171
181
137
176
155
182
165
189
148
145
135
157
152
137
153
150
139
182
127
191
138
190
129
141
191
179
137
205
137
181
123
134
152
180
141
152
188
192
203
131
206
183
146
133
132
135
202
134
177
136
164
136
207
148
180
135
146
156
191
136
136
122
138
195
141
226
132
138
140
140
140
184
158
191
140
171
130
190
188
138
128
193
142
234
169
137
146
129
174
178
130
145
138
148
134
150
217
149
133
176
199
