175
205
176
204
248
282
308
258
296
188
173
222
246
394
316
214
182
211
205
177
183
189
186
232
192
175
187
220
171
185
205
196
204
181
240
172
193
189
210
247
222
222
241
248
200
230
237
274
247
198
175
217
184
184
221
186
185
207
211
280
221
197
192
252
221
301
233
224
326
221
197
176
441
206
324
194
187
205
201
239
211
196
193
191
189
176
171
194
237
233
192
233
321
424
306
431
334
230
183
185
187
194
186
186
200
222
192
199
222
179
263
280
238
269
236
199
224
184
190
184
185
195
220
205
191
187
200
234
220
184
193
203
203
200
189
217
232
183
223
217
181
267
229
183
177
191
191
189
189
211
195
193
185
197
231
191
218
221
202
214
239
212
240
202
204
234
305
228
243
214
208
240
224
352
216
264
234
222
200
242
202
321
191
202
218
195
194
215
210
202
266
221
218
206
195
230
189
200
241
196
317
337
316
343
430
397
357
392
261
213
171
190
190
182
198
262
208
274
186
184
205
204
182
186
207
198
202
212
206
186
179
193
201
170
187
202
210
189
185
347
296
309
510
187
239
265
219
254
242
268
200
230
179
186
201
179
186
188
186
178
199
182
172
183
221
204
273
201
193
198
188
199
195
182
194
193
209
190
201
183
183
193
259
192
185
229
231
268
204
186
188
190
187
275
242
195
232
197
192
188
189
203
191
229
214
223
266
199
255
287
280
193
252
369
331
384
334
238
358
260
265
285
253
207
211
315
199
220
197
195
200
186
187
255
206
194
213
195
211
180
180
184
210
317
184
333
192
190
183
355
228
202
201
191
186
188
204
194
190
214
317
580
302
215
212
212
198
204
295
224
251
192
320
200
204
198
223
224
192
290
258
332
352
288
183
303
246
205
202
189
203
208
198
199
196
180
188
224
191
183
187
212
187
371
184
226
256
312
260
286
207
276
251
196
250
248
250
275
311
245
246
210
341
221
268
217
204
238
254
234
281
238
285
240
326
211
192
264
223
199
219
209
217
208
327
239
353
238
249
226
218
253
203
218
242
239
226
213
224
223
284
206
204
241
194
301
280
309
281
217
268
216
210
199
251
222
221
210
225
216
203
211
212
188
194
195
229
202
213
245
183
226
208
206
222
209
213
228
303
274
301
258
393
225
264
316
348
325
397
340
294
492
284
250
206
192
250
181
187
159
201
286
404
244
203
194
215
243
190
204
236
183
212
189
192
221
266
210
187
186
192
207
248
199
213
246
205
197
187
197
185
243
193
192
190
242
221
234
215
188
179
212
186
187
209
224
195
217
241
213
191
249
228
193
257
205
185
237
191
213
210
194
253
196
266
183
162
257
213
199
238
258
191
206
187
186
244
190
224
210
175
179
226
186
233
228
246
202
225
234
185
208
212
253
188
214
203
181
182
186
223
211
284
406
373
331
337
258
236
228
192
183
185
275
222
200
209
196
205
239
214
197
232
180
196
188
211
201
200
185
201
191
221
189
188
182
181
202
190
266
195
180
191
204
199
200
200
208
203
196
228
201
176
199
192
182
220
205
186
201
235
209
195
196
203
201
203
188
214
196
194
198
206
194
219
204
184
201
212
177
194
189
166
195
193
201
187
183
197
182
204
204
219
195
192
179
199
188
209
185
184
230
185
226
225
219
190
225
194
191
208
192
187
191
209
212
207
183
224
239
203
2125
206
219
238
197
201
200
188
181
207
188
187
242
181
199
224
229
198
209
210
211
172
183
239
189
220
222
211
194
208
214
195
192
181
200
193
206
167
186
172
225
194
209
191
187
192
223
195
208
183
180
205
213
199
208
194
190
176
209
179
186
229
199
234
198
182
181
205
189
199
209
217
229
197
201
274
213
292
239
220
287
232
223
379
412
236
261
214
204
213
217
193
187
198
242
219
288
292
183
442
262
264
389
315
381
297
243
225
260
337
352
237
188
284
195
244
351
483
371
337
376
345
250
221
217
201
216
211
209
193
178
185
221
209
184
238
219
187
203
230
187
208
215
186
261
212
165
220
167
208
231
166
224
245
169
164
233
180
218
142
162
213
203
173
220
208
161
217
235
175
253
241
163
166
224
235
175
168
234
220
167
249
162
193
222
175
214
221
163
160
225
239
227
247
222
233
217
215
160
205
169
143
176
236
200
248
237
216
236
174
182
339
362
359
350
178
353
380
275
266
208
274
285
366
326
345
282
329
219
191
206
143
163
183
221
169
215
228
163
178
175
164
173
238
176
169
221
165
158
174
235
167
203
167
177
186
207
176
230
