89
43
59
44
41
34
42
65
83
40
68
63
43
51
72
59
86
48
41
82
46
83
59
51
50
97
40
51
55
82
40
81
48
94
50
82
40
50
40
51
60
63
105
58
68
40
77
41
41
44
75
44
49
44
41
51
50
41
60
41
51
48
51
48
57
42
50
72
43
42
68
75
77
45
66
59
41
48
71
51
71
46
40
59
92
60
39
47
80
43
68
47
66
50
83
81
84
70
40
46
91
74
42
48
44
40
73
58
39
52
77
52
46
49
80
46
45
59
77
39
78
41
48
52
97
47
149
93
164
83
89
55
47
57
48
50
47
47
46
64
47
59
47
48
58
53
63
75
61
63
54
70
97
45
50
50
59
58
52
52
92
53
53
45
43
50
49
53
79
72
52
50
56
43
107
50
58
53
53
51
81
44
46
52
54
50
51
53
58
44
51
51
67
45
53
45
57
44
53
45
63
61
43
53
42
44
46
41
42
76
62
48
101
47
110
44
194
47
47
54
46
53
82
60
44
59
47
59
38
61
71
57
60
104
59
61
54
45
52
49
69
57
102
122
45
87
46
45
55
52
47
67
53
54
46
61
54
46
46
51
44
67
47
49
49
57
45
53
46
53
46
54
45
48
47
46
44
44
52
60
46
45
58
57
47
56
45
53
45
55
46
60
56
57
47
46
63
45
60
38
60
45
51
51
55
64
52
53
93
70
54
73
53
53
46
45
61
80
56
45
47
51
57
59
57
72
50
87
63
95
64
85
79
105
88
65
89
51
53
42
71
44
54
55
45
51
44
64
45
62
45
62
46
53
50
44
46
43
53
44
44
54
42
44
56
45
44
48
46
84
42
55
82
49
53
72
51
45
65
54
87
84
62
61
41
83
48
75
49
51
46
67
49
83
80
48
50
41
79
48
55
58
91
43
91
56
89
48
44
41
83
41
66
47
47
46
42
41
42
40
50
42
48
49
50
42
47
58
47
51
57
59
86
45
56
57
48
51
54
48
45
53
56
62
48
57
49
49
43
41
53
83
47
61
89
86
49
85
70
67
51
46
66
83
42
49
61
89
59
44
46
45
86
42
44
60
53
60
51
76
40
67
52
47
41
51
72
50
45
76
46
70
87
47
91
47
86
42
40
56
81
60
40
51
47
52
43
50
48
82
45
43
84
42
79
42
39
42
49
44
48
43
73
42
45
48
68
42
62
42
53
52
73
53
77
64
39
57
42
76
42
81
84
62
72
56
70
60
45
48
70
85
52
72
49
40
48
81
58
40
46
85
42
71
40
66
40
49
40
43
81
41
90
40
43
47
58
62
43
45
47
40
45
48
40
46
41
48
49
50
46
37
55
52
57
49
51
49
65
50
55
50
51
41
47
47
48
54
46
47
50
48
52
53
53
46
49
51
45
63
46
44
50
40
50
47
40
49
55
47
41
49
40
49
48
47
41
57
59
48
55
43
49
44
48
52
56
45
40
52
75
43
43
49
72
55
45
47
59
59
87
56
49
45
72
48
52
59
42
42
40
78
49
65
56
66
47
77
48
84
48
49
41
68
60
39
49
73
61
57
48
73
50
51
47
50
52
41
59
41
51
42
57
53
49
51
49
39
44
42
39
40
39
51
44
66
41
59
54
58
53
41
61
40
50
41
82
47
57
53
49
48
57
46
58
78
46
80
46
49
54
75
47
51
44
74
42
46
44
39
40
43
50
42
41
40
41
46
66
42
63
67
41
64
84
48
38
48
48
40
85
40
42
43
47
44
72
53
46
35
41
48
43
46
53
41
83
76
41
49
42
49
66
43
85
53
79
42
83
60
48
51
50
55
52
50
45
45
44
40
48
43
48
41
54
42
51
42
55
50
43
44
44
55
41
57
43
59
50
54
90
52
55
53
51
44
83
44
53
76
43
44
52
84
43
42
44
49
41
63
60
35
51
45
44
57
52
42
51
53
49
44
42
45
48
48
50
51
44
61
63
41
51
52
49
42
50
47
66
63
50
41
60
48
65
61
49
49
51
57
42
42
49
52
50
42
48
56
57
59
44
60
51
44
42
45
40
46
43
51
53
61
51
41
64
52
52
54
51
60
49
58
53
49
88
41
43
125
36
45
46
100
44
45
47
82
59
46
67
77
104
77
44
46
50
64
71
73
45
63
43
79
86
52
51
78
51
54
46
79
79
45
45
52
53
91
49
82
56
58
36
84
51
72
64
79
70
49
50
65
49
75
59
58
52
41
41
73
49
70
54
79
53
89
42
96
48
72
67
45
