201
208
143
206
206
253
281
425
230
325
201
277
224
209
174
190
175
145
145
182
171
168
138
149
153
173
184
156
141
149
179
134
196
216
245
273
254
235
216
209
215
259
190
366
224
199
192
175
231
189
233
252
215
205
233
214
295
344
362
319
343
331
349
267
292
304
294
327
193
227
179
270
270
210
197
251
211
185
201
205
217
218
184
149
268
234
285
277
269
271
168
270
336
225
211
194
226
286
192
242
189
287
250
212
194
190
212
308
270
265
216
235
187
219
209
258
196
159
205
162
216
176
195
291
214
188
237
231
245
152
183
208
202
218
211
188
149
185
168
167
168
217
200
183
186
164
182
242
234
206
191
197
156
194
213
180
145
180
164
150
156
189
171
170
186
180
202
162
180
143
179
223
182
159
193
190
189
190
176
153
182
153
182
160
199
148
143
154
156
146
214
242
178
151
147
196
290
162
174
207
211
173
215
186
289
156
175
151
168
147
188
173
212
311
153
156
167
196
207
170
179
186
222
196
176
159
154
210
199
212
155
173
216
212
154
147
146
191
157
183
194
186
194
222
195
157
212
199
171
193
152
157
186
161
194
183
183
194
158
165
146
160
207
143
154
204
151
223
167
186
202
171
207
153
154
180
225
166
212
202
203
186
200
172
187
196
197
186
137
212
225
176
205
179
234
203
187
215
320
426
270
365
323
294
341
399
393
422
419
388
319
234
159
221
180
232
204
173
306
198
145
184
207
172
220
225
179
173
223
183
185
156
204
217
207
318
180
163
203
319
181
316
166
611
211
188
213
193
152
224
164
250
202
208
190
184
192
159
251
185
198
201
178
205
176
186
221
160
196
212
212
173
203
201
175
150
171
188
171
231
174
177
209
150
200
276
179
296
170
209
205
164
215
235
184
175
177
162
192
207
209
147
179
215
226
184
171
193
186
161
216
171
199
196
206
183
227
186
212
208
170
178
199
205
192
194
156
209
156
183
208
190
216
237
224
191
293
188
206
203
157
164
202
196
220
152
164
215
149
222
157
163
221
155
205
157
170
155
224
207
180
156
185
200
152
210
157
145
207
192
198
163
180
237
185
188
172
163
196
205
174
169
149
176
175
187
156
196
147
197
188
156
169
210
315
173
173
208
187
189
173
176
187
201
187
153
166
224
331
247
234
274
259
335
304
271
292
245
267
243
164
189
207
233
192
179
190
197
157
140
208
189
193
180
167
215
163
158
215
337
429
345
401
311
245
299
256
313
190
193
193
208
249
172
181
237
314
377
271
307
328
229
221
201
199
195
240
202
191
308
197
212
269
218
169
168
171
197
186
183
159
145
205
189
185
175
177
187
218
167
210
166
167
192
281
197
193
175
222
185
191
210
160
222
178
167
207
155
187
196
157
200
179
208
208
205
926
228
177
181
157
193
173
293
214
195
183
177
182
200
183
195
172
183
183
195
210
222
180
192
172
150
206
164
155
185
182
196
154
170
155
192
184
163
190
185
192
169
183
184
190
200
177
193
172
186
193
147
150
211
193
159
159
210
199
174
165
164
194
208
179
360
169
178
177
178
201
192
211
178
195
157
199
171
192
197
172
199
197
219
220
234
218
170
257
175
216
193
205
189
173
188
206
185
179
185
179
169
184
182
190
190
169
187
188
163
187
183
212
179
175
199
147
197
174
157
196
180
161
196
148
174
173
167
177
161
153
163
180
193
209
165
177
199
162
162
165
198
161
171
175
168
184
187
176
179
189
193
188
146
185
183
199
183
147
178
170
190
174
172
217
198
170
213
184
180
220
185
189
168
173
214
168
181
192
200
205
164
208
193
218
199
147
199
166
220
183
195
150
183
140
157
180
220
226
176
157
215
172
206
175
208
184
218
196
165
168
227
224
203
166
180
179
174
183
184
199
167
164
174
188
151
170
196
191
215
210
172
169
275
161
218
209
159
168
180
216
177
163
211
156
160
178
184
188
177
197
205
170
203
172
149
197
174
211
188
215
179
175
219
199
232
181
194
192
173
215
192
205
206
184
191
347
186
213
294
252
206
306
206
288
224
227
196
195
317
232
196
200
196
179
166
196
243
189
207
199
199
186
184
211
168
183
189
248
185
188
207
225
184
176
224
203
224
199
205
199
203
194
171
195
199
200
191
259
207
195
199
185
167
209
181
189
198
199
212
175
183
198
190
188
188
204
194
195
216
209
196
183
175
191
191
175
190
178
179
194
218
184
175
178
201
169
161
192
207
190
236
251
308
244
190
175
192
227
178
203
199
173
195
