217
155
144
225
143
146
141
166
162
213
138
147
151
149
167
148
152
214
155
157
155
143
220
145
147
178
237
152
171
191
171
202
143
145
160
176
131
145
246
166
212
162
213
153
153
149
148
185
221
143
220
218
150
145
163
219
145
145
161
154
180
154
155
157
144
155
148
157
185
181
153
156
151
208
160
172
172
150
148
154
156
145
160
157
216
145
211
147
150
156
166
209
155
165
199
151
149
148
165
157
168
166
144
244
136
146
161
169
223
151
149
164
146
194
218
157
233
143
156
169
154
217
159
161
151
154
216
154
154
158
224
179
172
149
211
196
172
173
172
154
212
155
174
153
148
225
153
274
211
161
166
150
171
228
171
152
212
173
194
153
181
157
173
154
151
186
195
218
151
157
156
149
181
158
148
217
165
210
179
151
155
175
171
176
165
161
194
149
147
166
161
150
181
159
164
205
150
185
151
176
156
160
158
226
139
145
212
147
157
145
195
210
151
156
147
140
146
145
183
152
232
156
174
171
179
157
160
146
150
145
143
141
169
202
154
167
145
217
163
150
148
227
142
150
147
160
216
140
153
210
165
161
150
149
206
147
163
198
208
153
144
148
215
202
146
201
159
215
146
153
147
204
149
157
138
173
224
144
142
171
165
162
165
169
167
146
195
143
143
151
168
203
146
156
161
143
201
147
150
218
161
145
145
160
221
156
161
149
179
130
143
145
200
153
138
207
216
164
161
145
160
209
165
139
215
143
141
175
154
215
173
147
145
217
210
153
149
218
145
145
219
140
151
202
158
159
151
147
213
203
213
151
147
144
143
204
144
149
146
131
218
169
208
146
164
205
156
150
196
137
150
164
146
222
161
150
151
147
201
162
153
209
152
163
217
142
155
202
151
154
230
143
158
141
222
153
150
216
192
147
214
157
143
156
144
154
143
155
153
207
147
150
138
138
196
149
142
151
148
144
219
139
169
139
138
195
141
153
144
142
203
143
150
155
157
212
162
161
163
146
134
169
142
208
149
156
218
148
169
200
207
160
152
144
224
157
156
214
137
150
194
155
163
152
147
139
227
143
163
151
154
145
167
160
144
148
170
151
155
216
152
165
210
153
153
146
139
212
147
164
213
149
161
150
182
207
155
149
143
197
157
143
142
149
147
152
152
160
205
145
186
154
142
201
164
232
176
153
220
161
159
133
149
199
161
140
207
145
147
164
164
161
161
162
176
198
160
152
200
160
147
146
200
148
162
171
221
172
228
133
151
156
149
209
152
162
222
163
154
211
435
148
156
196
168
146
148
160
161
159
159
156
154
164
156
149
146
213
147
147
145
145
154
151
168
192
161
184
210
142
151
149
159
212
157
153
158
154
159
158
151
148
158
149
167
1216
221
142
155
212
157
224
168
158
212
155
144
156
143
148
136
152
218
161
152
195
231
142
138
236
215
147
161
144
230
143
160
135
164
163
154
219
166
150
152
225
144
151
157
148
165
226
143
165
150
148
616
151
142
166
149
154
178
147
142
147
153
147
167
195
251
190
180
170
157
147
159
144
143
143
190
235
134
149
145
230
148
140
213
147
220
156
157
153
154
158
236
155
163
230
209
150
155
141
206
144
145
224
154
173
148
149
179
156
145
223
153
148
214
152
159
163
169
240
151
145
149
148
225
145
168
163
221
146
150
162
225
131
1052
129
126
140
130
125
128
195
137
136
145
130
184
128
134
140
185
136
144
128
179
130
127
131
168
140
146
139
131
134
172
126
129
133
136
172
165
153
124
153
186
146
131
139
138
156
146
181
128
146
144
172
136
131
159
131
133
187
156
138
134
132
133
130
130
130
131
184
131
161
133
128
135
167
156
136
133
133
121
145
132
125
169
142
134
147
133
131
137
125
152
135
181
127
133
135
170
179
178
136
174
184
136
146
136
133
145
134
137
173
153
131
174
175
153
140
141
157
133
139
180
138
128
164
172
140
132
149
133
184
143
140
189
202
163
145
142
153
147
142
138
203
164
148
141
213
205
158
156
156
149
147
180
132
187
173
150
155
181
161
139
152
165
149
207
209
136
181
130
134
128
137
145
136
198
149
153
135
197
135
136
152
133
215
192
150
148
151
164
139
136
191
134
167
139
174
158
141
200
153
161
189
223
132
133
135
166
153
188
200
146
192
140
146
149
146
141
187
152
146
160
141
203
143
137
143
137
138
142
136
194
151
140
141
147
155
136
165
202
142
146
142
135
186
191
144
162
144
189
183
139
191
139
152
143
138
193
143
151
145
193
164
