201
205
152
193
165
227
192
174
219
217
259
197
169
226
165
178
167
162
180
183
184
172
165
183
204
171
167
221
219
256
210
172
191
181
223
176
247
182
169
191
176
173
231
212
188
206
221
187
150
199
201
187
185
175
195
200
233
206
211
175
250
189
223
213
207
209
192
180
204
174
188
192
180
203
209
205
189
214
242
184
218
219
240
227
216
252
209
216
292
180
313
244
220
213
195
179
210
231
244
198
210
190
238
291
215
223
220
228
253
207
219
221
236
208
232
228
262
373
262
212
289
264
197
234
246
232
255
231
252
266
232
229
256
232
274
229
274
235
236
247
236
226
239
236
270
248
231
371
273
262
269
229
253
227
244
331
243
233
270
257
223
369
239
221
219
233
354
224
204
228
212
215
289
243
223
220
253
341
221
215
237
330
229
226
250
216
209
206
219
248
219
230
210
233
208
248
222
278
228
209
254
205
209
225
225
288
214
219
227
228
204
213
215
209
200
245
206
210
210
208
208
207
206
203
204
221
234
207
207
183
265
194
205
254
182
256
181
200
183
188
258
190
204
216
190
208
190
191
212
217
244
246
206
192
180
186
241
192
179
222
192
202
195
187
197
277
201
182
195
282
215
210
341
197
204
214
281
266
279
181
197
194
261
194
185
191
215
197
212
205
219
193
220
216
327
237
256
246
228
221
198
339
259
235
200
250
198
291
202
194
191
208
248
220
213
210
210
208
214
189
192
196
231
204
245
195
214
220
203
244
344
204
190
207
203
186
253
251
185
187
195
188
238
220
272
179
191
194
183
247
219
214
288
180
188
179
183
210
167
173
174
231
164
171
166
171
164
164
165
236
176
174
185
177
171
148
169
161
200
173
166
167
197
178
185
213
165
157
170
207
247
175
160
162
162
202
150
162
170
159
189
150
172
193
159
168
160
157
168
160
202
197
169
195
201
163
172
205
197
156
156
207
196
158
159
163
152
164
180
158
207
162
146
154
200
164
158
154
154
154
173
179
160
180
184
157
161
159
199
164
152
149
151
189
153
159
219
182
206
149
204
179
150
177
181
150
153
159
146
183
153
165
167
214
181
156
157
159
199
160
157
154
152
178
165
160
192
162
157
156
161
191
155
186
219
232
207
227
234
194
192
222
215
218
214
229
191
256
209
195
217
190
221
253
232
194
215
239
201
188
207
196
217
236
205
205
237
249
246
213
203
218
232
402
220
222
270
218
229
235
214
259
245
230
237
245
280
223
322
234
320
212
204
305
247
236
219
222
234
261
225
217
209
234
201
230
223
216
223
228
236
225
227
224
219
238
221
231
278
230
266
227
361
237
390
247
377
237
242
322
248
236
307
253
342
253
236
301
259
240
350
276
263
254
299
274
284
323
301
327
380
281
291
288
247
277
296
319
278
285
280
251
304
256
246
277
270
250
241
266
247
249
249
273
294
250
240
276
242
230
248
212
234
237
273
240
247
258
267
236
295
207
246
216
230
221
218
275
206
223
225
250
229
215
233
236
249
239
224
255
274
236
232
217
268
226
218
236
228
195
208
210
275
240
236
234
233
267
208
244
210
267
219
206
231
247
238
244
231
236
222
221
226
273
240
209
214
227
223
253
225
300
217
300
338
221
229
218
232
232
355
221
252
206
238
228
260
214
233
257
285
235
228
249
240
228
234
227
215
262
230
286
242
264
219
231
193
214
248
211
191
286
218
226
226
185
199
217
236
378
214
342
210
225
198
240
330
209
224
200
209
236
211
215
223
195
202
250
209
197
255
232
202
208
234
211
214
227
239
207
187
275
202
191
196
186
238
182
223
227
215
229
231
183
218
269
283
196
196
237
237
206
279
209
216
224
287
206
286
203
298
290
212
214
188
228
210
212
198
208
205
221
200
296
241
232
199
222
278
242
386
292
242
243
200
275
229
253
225
243
312
222
206
214
309
226
247
222
227
222
231
266
224
239
222
212
219
214
197
202
216
202
240
220
286
371
279
217
242
221
281
225
244
245
239
228
232
230
245
225
237
239
253
283
239
222
237
244
263
221
242
261
216
224
237
193
258
188
216
249
221
227
232
207
223
213
222
199
245
202
202
197
215
223
207
219
229
209
240
284
190
202
202
208
271
192
218
241
189
194
212
224
220
230
235
272
205
216
226
205
202
252
236
191
197
198
225
195
215
231
199
195
209
262
200
215
242
211
182
233
208
204
224
221
181
201
235
232
228
216
206
216
242
210
212
190
191
234
216
357
202
288
288
224
326
179
216
258
303
210
