151
167
219
209
152
159
158
211
208
205
219
198
152
156
151
170
231
163
153
158
151
207
190
220
145
164
153
156
205
223
160
145
160
146
142
218
150
232
157
193
199
142
164
135
211
161
155
154
224
162
153
296
140
165
163
140
154
196
139
143
235
158
166
144
170
213
153
233
144
148
150
221
153
154
144
149
189
177
160
151
160
207
157
205
143
145
147
162
218
214
147
155
206
145
140
142
160
141
203
149
164
207
150
225
159
146
153
143
214
142
155
148
217
215
162
195
141
169
145
208
144
161
144
256
226
154
311
159
172
210
141
181
196
209
166
151
156
216
162
218
150
202
147
160
147
166
171
203
147
142
159
185
165
207
154
145
155
156
239
142
200
147
170
159
156
159
155
185
204
214
150
144
152
156
147
169
142
162
164
147
158
173
207
146
192
142
153
188
151
179
152
153
147
224
145
149
147
149
141
163
192
171
139
156
186
156
155
146
195
144
159
139
146
172
157
144
149
175
152
154
165
217
211
186
144
148
196
174
201
140
160
143
157
210
142
180
147
214
160
207
152
161
148
143
223
170
158
147
160
149
146
146
136
146
155
166
146
152
148
166
153
147
190
158
195
147
166
153
174
217
160
134
164
203
200
216
146
149
166
180
149
167
152
208
153
221
309
155
231
169
167
166
216
148
148
154
175
223
149
152
171
218
164
162
155
168
161
346
149
207
160
151
216
163
171
149
160
166
178
158
157
151
148
148
185
149
152
170
191
217
137
147
149
156
171
201
146
176
166
173
204
152
222
144
154
181
148
150
171
155
216
218
160
159
156
208
167
168
175
225
153
148
167
171
174
200
219
213
155
170
145
213
167
158
174
162
149
159
174
165
163
151
167
153
166
147
176
156
162
153
182
149
153
160
206
265
153
144
145
150
155
170
165
170
163
163
162
208
161
155
161
168
167
163
176
173
229
183
186
185
215
176
240
169
174
231
152
146
162
153
150
187
224
157
154
174
155
151
154
182
197
229
159
148
230
163
151
190
186
159
155
183
159
139
149
162
154
226
158
158
151
163
210
147
165
154
150
153
153
151
146
156
151
160
145
158
145
149
147
179
220
147
153
147
150
190
147
159
163
162
165
162
215
158
155
150
153
157
167
213
165
149
152
136
154
154
171
144
221
158
166
151
148
217
196
205
156
148
145
167
159
237
149
219
153
218
197
157
136
149
145
155
151
221
148
170
163
141
222
163
153
149
218
160
146
164
149
150
150
207
147
159
151
224
158
148
158
151
235
159
163
162
141
179
162
246
175
153
155
148
151
174
137
144
208
152
158
135
149
143
134
153
152
188
145
139
141
146
169
158
146
140
138
188
160
160
153
143
154
139
147
214
180
170
157
198
160
140
143
133
155
124
193
141
140
148
153
137
142
149
146
143
152
141
144
165
176
1517
151
209
242
150
211
190
170
137
147
217
139
137
149
143
155
160
140
220
137
166
141
136
211
137
137
135
187
142
152
212
172
159
143
146
203
142
141
152
137
218
149
156
154
179
205
152
138
150
156
162
140
158
151
155
146
195
157
147
171
172
188
184
153
170
137
222
149
151
202
140
156
145
204
158
147
144
204
209
156
137
175
173
201
152
141
145
216
139
145
159
212
153
210
146
148
142
213
151
152
146
208
139
149
140
205
148
139
166
152
151
157
169
148
154
159
160
144
147
153
205
144
149
145
189
150
160
155
180
209
145
144
159
191
157
158
153
150
191
144
159
158
141
151
162
140
139
152
142
155
151
160
155
157
158
157
150
148
147
208
152
145
159
158
149
168
145
155
168
196
145
145
154
159
149
145
142
148
161
146
164
153
144
163
147
163
160
155
149
153
148
160
154
209
214
151
216
213
161
143
141
208
151
219
141
148
156
218
156
160
145
211
145
212
148
140
214
200
147
224
154
145
213
154
157
146
147
149
197
162
150
149
160
215
154
147
206
145
147
141
160
161
174
200
163
150
148
205
144
169
194
169
220
211
155
224
156
218
144
153
155
160
167
149
152
147
147
143
147
145
148
155
144
170
199
193
149
160
159
139
214
149
146
145
146
150
163
152
159
160
151
212
157
157
165
161
203
156
155
144
199
148
146
153
193
216
198
160
147
153
157
147
211
201
160
139
144
167
182
201
207
152
148
139
157
148
149
149
162
145
145
199
204
147
147
152
144
142
168
159
168
150
151
165
163
158
157
154
147
160
152
150
196
278
180
145
147
282
172
143
206
142
150
203
166
152
153
211
151
139
216
149
154
