73
46
42
81
74
40
46
98
76
50
67
67
41
40
51
52
47
75
42
43
46
52
44
46
81
42
65
49
41
44
72
52
51
73
47
49
66
47
57
47
90
62
43
53
41
68
65
60
73
47
82
41
79
77
48
41
47
72
42
71
51
41
79
46
49
44
75
66
81
74
44
44
53
73
40
58
63
39
40
47
44
44
47
68
59
47
47
50
62
73
72
41
58
47
80
49
77
64
40
42
42
43
42
41
78
68
63
50
50
73
41
77
76
55
41
82
55
40
45
43
82
41
67
64
59
60
55
74
42
73
43
41
91
44
62
45
62
67
50
47
72
40
70
41
40
70
41
47
51
68
41
49
48
42
82
47
46
72
42
61
76
62
59
47
49
39
42
43
77
51
72
76
57
45
44
67
75
56
84
59
44
49
73
71
70
47
45
40
67
41
79
52
43
53
40
68
40
73
45
40
49
76
67
80
65
50
49
53
75
52
77
82
40
42
70
47
50
56
50
39
78
52
41
41
43
41
56
77
41
72
71
56
45
64
59
43
40
53
47
41
76
58
75
46
42
41
50
71
77
73
60
40
40
72
38
44
52
67
87
41
92
56
53
41
66
78
82
42
42
49
89
41
46
51
102
59
42
77
42
45
67
56
77
47
41
70
40
77
40
72
84
78
49
68
51
49
123
42
73
42
81
71
44
42
42
63
55
45
78
50
53
41
78
42
90
43
43
43
71
56
45
43
82
45
44
42
44
45
47
91
44
69
64
49
42
49
70
49
78
46
76
44
73
103
80
52
88
44
48
44
45
45
54
64
65
62
62
42
42
69
72
72
68
44
45
60
43
57
71
79
58
61
50
85
53
77
73
59
68
42
61
72
70
74
77
82
45
57
43
86
41
62
71
44
42
43
51
55
55
70
65
40
42
42
47
80
82
59
50
48
46
59
39
44
109
59
84
45
91
43
43
80
55
81
75
43
52
42
42
45
65
91
43
44
55
72
76
52
43
49
46
42
50
85
42
70
43
79
52
43
53
43
50
44
45
54
45
75
43
55
43
43
45
44
88
100
44
80
53
49
164
47
46
49
94
43
46
52
69
90
44
93
58
53
81
45
44
48
45
44
72
45
91
70
81
46
58
43
51
66
51
52
43
45
72
51
43
85
63
56
54
43
55
58
85
44
48
105
54
44
46
82
50
55
51
120
49
47
76
49
63
78
43
47
78
47
55
58
51
66
89
95
44
48
66
42
45
45
48
65
51
72
64
80
64
110
64
70
52
43
99
44
54
45
71
54
82
90
76
70
77
51
57
75
60
69
97
72
109
59
51
42
69
81
63
52
76
43
46
42
51
44
56
72
50
69
46
49
50
89
56
128
84
43
53
51
46
53
92
46
43
48
50
53
86
43
67
84
53
153
69
36
40
47
56
63
91
48
50
51
50
94
50
49
57
52
48
78
57
86
97
49
89
93
50
92
84
48
61
57
73
49
55
48
47
60
87
47
63
48
46
94
59
65
47
46
92
79
52
48
53
46
48
69
86
94
77
90
44
76
47
44
45
46
87
45
74
44
46
52
73
52
52
82
81
47
75
77
50
64
52
63
43
52
80
46
50
36
77
45
44
55
60
53
67
44
43
84
53
44
64
61
53
50
81
42
44
43
53
46
79
75
45
45
68
45
54
46
63
64
80
49
82
45
88
52
41
74
89
51
45
49
82
52
49
80
44
48
43
84
45
68
75
44
46
87
79
67
74
43
83
40
87
42
49
51
56
90
84
80
41
44
61
82
74
67
43
62
77
48
73
42
42
45
74
80
42
68
42
41
40
44
42
49
65
43
48
41
75
82
59
75
67
52
49
80
48
42
52
74
62
55
44
77
41
52
90
68
74
48
59
42
51
82
49
67
48
83
61
48
67
55
64
49
60
43
51
83
51
51
47
59
51
47
40
75
72
39
66
70
40
51
48
72
60
85
83
81
41
47
42
40
70
77
80
86
41
48
49
77
83
66
79
48
47
39
65
85
63
56
46
44
42
67
65
77
52
78
73
54
92
78
46
55
57
41
75
84
49
82
57
42
52
41
40
80
59
39
42
39
66
47
76
47
50
91
47
40
49
45
53
44
71
84
78
47
49
86
41
67
75
68
44
76
48
51
42
42
48
43
80
64
64
40
70
82
55
46
52
79
49
74
69
42
66
41
67
64
39
58
49
68
59
39
65
46
62
55
75
40
45
40
59
38
86
43
59
49
49
72
50
86
46
81
47
34
50
49
57
73
