247
252
195
193
201
188
215
193
221
225
197
200
198
202
219
196
220
298
321
189
227
200
210
222
195
241
210
221
204
229
181
227
189
261
185
230
187
236
190
198
224
203
189
225
188
237
232
201
215
196
223
207
225
218
380
245
217
214
226
242
254
219
216
236
236
227
210
268
203
223
245
210
208
228
219
225
236
212
217
231
214
361
234
226
216
224
223
222
250
247
213
616
213
206
212
213
215
334
226
240
256
225
297
204
198
230
293
276
235
226
283
174
222
215
257
202
193
201
166
210
230
191
203
219
173
202
198
220
185
195
192
182
197
203
221
213
2022
187
241
188
198
190
195
197
193
276
210
236
215
188
259
187
196
184
174
228
204
209
225
194
211
192
169
203
548
225
287
195
290
225
211
204
199
258
264
276
266
221
256
231
225
194
210
212
236
254
250
274
238
220
220
212
522
208
274
224
207
482
235
331
306
375
237
260
231
232
249
245
206
234
208
196
269
186
223
216
210
215
179
206
259
236
205
249
213
198
183
237
204
201
253
199
190
211
183
251
317
203
193
180
199
223
354
209
175
212
281
245
221
349
171
214
293
284
189
238
205
272
257
210
227
187
365
216
200
195
259
208
253
192
239
217
290
273
231
262
205
228
195
234
209
205
218
278
241
233
201
183
263
340
424
211
222
209
316
246
205
221
209
231
218
191
319
233
234
239
207
209
207
204
371
245
256
216
205
396
198
247
305
245
300
269
282
226
201
197
198
201
281
221
244
235
228
222
379
214
254
205
206
352
207
229
263
205
218
206
258
236
294
203
209
260
218
233
296
212
236
184
228
242
196
229
213
214
234
472
218
199
253
249
222
216
177
288
210
201
462
207
210
249
230
210
186
204
213
242
229
226
213
204
194
238
191
200
191
207
200
199
182
220
181
239
212
276
179
210
244
241
200
281
187
266
197
195
177
247
200
224
194
191
186
204
203
186
321
225
218
186
214
206
217
166
312
177
179
227
191
214
235
241
265
205
224
214
202
251
198
234
198
250
234
295
229
264
222
234
220
219
223
204
223
230
236
183
291
199
250
266
244
218
240
264
213
221
274
220
170
217
191
206
202
222
254
237
210
343
197
201
198
217
248
179
217
199
220
230
195
227
190
323
197
221
309
199
195
231
198
221
233
236
258
253
226
255
286
232
215
248
220
232
306
209
181
333
190
205
365
195
251
168
217
216
175
190
213
201
190
219
226
200
334
182
254
198
219
194
241
217
201
214
190
209
210
354
229
214
357
245
253
205
241
236
204
212
222
251
251
254
198
208
228
217
221
317
268
224
206
217
221
218
228
232
193
220
221
193
227
222
226
234
331
307
220
245
219
218
222
209
217
216
228
220
232
299
252
204
226
216
210
215
221
236
220
220
238
218
210
238
209
224
210
268
220
231
236
257
210
233
200
232
227
230
217
200
210
198
2071
215
210
262
205
357
193
215
204
230
191
229
215
194
195
234
216
192
241
187
190
198
230
203
190
217
225
194
230
198
220
263
203
230
217
215
221
207
251
213
228
203
205
222
196
202
201
202
183
222
240
194
227
197
174
203
199
214
204
215
218
212
209
278
355
209
220
196
223
192
201
195
205
199
199
184
193
224
196
183
213
203
222
184
181
189
179
213
188
221
204
217
211
216
198
242
178
194
199
193
228
191
210
174
194
201
235
204
209
199
193
228
194
227
186
189
199
182
205
195
199
223
202
215
185
182
226
204
190
172
203
180
246
190
231
179
186
189
238
189
172
185
192
191
192
200
190
218
197
191
187
183
207
193
268
189
197
200
241
254
179
203
243
187
189
194
193
236
193
206
188
195
190
190
199
192
182
193
176
212
210
200
211
287
213
183
213
202
206
197
191
272
258
202
193
193
198
198
175
206
170
207
239
191
254
191
190
203
203
227
189
184
191
232
168
267
210
197
250
181
159
188
181
200
241
186
173
183
191
189
197
186
206
193
177
193
224
187
194
184
197
204
349
254
235
181
230
194
195
204
199
237
196
179
191
222
196
254
203
192
197
195
190
224
188
229
186
230
197
196
228
204
190
217
201
180
195
193
213
205
195
203
282
234
233
218
221
186
189
181
361
276
326
234
226
214
443
213
200
210
211
282
220
221
210
200
224
247
235
290
240
277
224
231
225
234
273
216
236
240
246
236
249
241
289
242
228
290
229
226
228
244
236
239
222
231
265
211
251
247
240
301
229
243
238
245
234
235
221
226
296
234
247
227
234
235
222
218
236
251
205
316
223
224
