51
40
40
47
42
42
42
49
44
49
43
45
43
49
74
54
41
91
83
57
71
80
56
44
73
50
52
41
48
85
40
41
51
52
54
40
74
68
44
50
41
42
40
48
44
50
58
72
41
49
68
45
50
64
48
40
82
42
57
75
51
55
49
42
43
45
75
41
52
54
87
45
45
78
70
60
40
79
48
43
169
44
41
92
54
50
84
44
51
42
66
48
80
62
49
59
86
51
42
43
76
42
41
56
39
44
41
48
46
43
86
47
43
41
87
40
74
40
41
52
54
91
40
43
41
41
41
42
59
43
44
51
42
101
42
54
49
44
43
51
44
44
42
54
43
43
47
52
55
54
86
59
58
50
46
59
76
45
49
55
44
52
45
42
88
66
42
46
47
76
57
49
80
43
42
49
42
51
82
42
59
49
43
44
63
42
42
93
44
43
87
47
54
41
43
58
44
42
44
46
64
44
55
56
72
43
48
60
45
53
96
56
52
44
45
47
92
48
61
46
47
63
55
53
87
45
48
44
88
46
44
84
54
45
45
46
45
46
45
45
54
46
45
76
45
52
44
63
74
96
43
53
46
45
49
48
47
44
48
90
90
53
56
55
44
48
44
61
47
45
46
47
45
45
46
51
49
54
45
97
60
43
83
46
51
94
55
59
51
43
44
45
52
50
45
57
44
50
68
41
44
50
63
43
45
45
48
42
84
49
54
53
71
44
43
85
54
41
83
79
58
43
42
42
84
50
57
72
82
49
44
54
43
50
41
48
43
44
51
59
72
49
54
70
50
51
43
41
79
42
41
41
52
52
70
44
44
50
42
43
51
41
69
48
50
77
42
42
41
42
40
49
49
42
48
54
45
43
70
43
42
48
42
51
41
41
44
49
49
44
41
72
54
74
40
42
55
44
48
87
50
76
71
41
49
52
46
40
41
50
51
56
70
41
45
60
40
58
48
56
47
69
54
46
54
55
45
47
66
41
40
38
61
43
55
54
94
41
69
80
66
50
48
81
41
56
46
57
82
40
47
42
52
61
68
39
39
85
49
83
46
47
56
49
49
54
39
61
51
47
49
46
44
66
52
57
54
88
40
46
74
47
41
82
48
50
75
41
82
55
39
40
77
57
49
94
40
44
49
41
72
77
53
40
49
47
85
47
58
39
42
41
83
51
40
66
40
46
94
40
42
53
75
38
58
56
43
50
40
46
55
47
43
40
40
58
50
41
40
76
52
41
50
41
42
43
41
51
81
46
46
46
49
53
48
51
42
46
42
49
71
57
47
49
78
41
51
79
60
50
50
61
71
60
59
76
47
42
82
47
40
49
56
67
46
40
49
86
47
50
79
41
40
41
40
49
47
41
40
49
41
85
41
55
53
50
44
53
43
51
76
40
50
56
50
43
43
47
41
85
72
57
51
41
41
45
49
57
51
48
43
55
43
41
46
57
48
48
85
40
74
41
62
50
41
58
61
55
48
42
40
47
82
48
42
60
84
51
52
72
41
42
42
51
56
68
42
51
41
58
75
41
41
41
67
41
49
70
69
50
42
43
48
49
53
53
42
60
44
40
79
69
43
42
75
34
55
42
48
58
41
79
57
48
43
51
54
50
51
44
54
43
83
38
43
61
49
41
49
81
66
56
47
42
75
48
52
49
52
56
82
66
71
43
66
50
47
60
40
42
50
50
43
43
56
43
53
43
44
42
45
49
44
43
41
50
49
49
50
56
61
41
41
49
47
42
43
61
50
40
49
47
61
66
40
41
54
72
52
48
61
74
53
55
46
51
49
45
49
43
77
43
48
48
66
45
60
91
47
55
76
41
40
55
46
55
61
48
42
40
45
51
52
46
48
42
39
51
41
48
47
48
42
41
44
73
52
43
66
44
41
54
59
50
54
49
52
66
46
73
54
41
56
51
51
61
73
43
51
42
41
48
69
45
51
42
44
44
44
50
43
43
44
59
41
58
41
53
67
44
61
48
57
51
54
42
59
62
44
45
49
44
59
57
42
62
42
59
71
52
47
49
53
46
49
49
60
40
78
61
42
42
49
57
59
50
90
48
53
44
40
45
57
42
56
40
44
42
48
44
49
82
51
52
46
42
64
53
41
48
50
41
82
41
41
81
42
43
42
41
58
43
51
49
60
79
50
40
56
50
50
54
68
52
55
72
47
44
43
43
66
40
41
41
48
40
46
59
42
82
40
50
42
39
47
56
40
41
52
60
40
72
41
41
59
49
47
41
83
49
76
47
52
40
71
69
49
41
47
75
