75
75
81
28
94
71
80
93
65
39
82
67
65
81
66
65
57
70
53
53
47
46
62
72
40
47
73
65
83
73
89
75
38
68
76
78
78
62
75
42
79
72
69
42
82
99
42
76
78
90
75
43
39
41
89
46
40
78
66
80
79
43
44
82
68
74
75
50
88
75
48
40
75
63
67
61
76
69
72
50
65
65
47
49
96
39
71
65
46
62
64
61
51
50
46
65
81
58
98
93
88
39
45
86
45
50
55
66
65
65
73
83
62
68
88
71
41
42
34
43
52
51
76
69
94
42
43
62
49
87
67
58
99
62
86
46
38
84
72
65
51
49
71
65
98
71
65
41
78
36
74
84
44
58
47
51
71
60
74
54
55
64
54
50
44
72
33
82
88
65
65
125
129
87
100
41
64
45
78
79
43
66
83
71
90
39
87
91
75
42
85
45
43
51
65
43
42
79
71
75
75
77
42
44
77
86
99
49
83
83
47
45
65
42
73
67
51
75
88
100
45
72
68
89
54
40
107
108
105
75
82
60
70
68
70
49
56
79
73
48
46
46
82
45
37
65
84
50
47
50
73
83
69
74
42
42
51
50
51
52
79
76
77
73
68
92
76
47
64
74
63
49
49
50
51
80
84
72
74
63
47
47
84
46
41
79
71
65
43
43
49
79
81
90
74
79
44
49
42
71
50
67
81
82
50
40
42
43
45
85
69
73
43
74
72
50
68
51
42
92
111
34
85
106
51
88
54
88
49
61
47
48
49
61
64
49
50
66
50
50
77
76
73
76
74
85
94
68
73
40
81
81
43
42
77
44
84
82
67
45
91
42
84
68
71
42
76
49
42
76
56
68
54
52
51
68
49
51
69
49
64
49
69
59
81
49
44
43
69
39
88
47
74
63
40
84
82
40
78
57
39
38
85
42
49
51
44
58
64
79
68
64
82
74
50
49
53
60
75
60
77
72
70
61
43
67
56
72
72
43
62
62
69
65
50
63
50
66
64
61
43
68
79
74
67
63
99
67
62
66
43
75
43
78
74
72
76
93
56
72
44
72
101
79
42
34
43
55
78
42
55
74
49
90
76
67
50
49
74
73
81
70
82
50
76
84
84
50
50
72
82
83
68
82
76
75
75
73
74
80
35
43
224
65
94
68
40
77
72
42
71
69
71
66
55
75
207
78
67
85
60
42
72
59
50
79
65
53
48
53
53
75
41
106
45
44
77
92
44
41
42
72
94
40
47
71
68
98
88
52
55
50
95
99
55
89
96
83
81
49
56
67
88
45
85
61
112
91
112
109
104
98
123
82
106
48
48
56
54
55
67
74
75
81
68
44
79
61
42
90
75
39
39
83
77
42
58
77
75
45
44
73
54
67
50
59
68
94
72
105
72
39
58
73
64
41
45
67
35
42
51
97
71
41
81
56
66
76
87
42
50
61
59
65
71
89
44
74
60
82
44
42
87
64
44
56
67
73
42
61
72
53
42
52
48
44
63
69
64
57
54
93
61
69
53
50
46
47
41
65
74
74
74
75
79
82
42
43
36
76
43
89
81
73
41
42
93
42
40
42
43
69
45
68
62
67
43
73
58
67
35
65
49
73
65
93
62
102
59
75
68
89
90
40
77
42
75
83
85
49
49
51
65
53
67
52
51
42
43
62
64
52
80
68
42
85
42
114
59
48
49
65
71
68
59
51
50
90
49
68
51
65
89
51
54
74
50
83
76
58
59
50
50
47
74
70
81
45
75
51
35
53
42
43
44
73
70
81
78
50
74
68
54
43
50
41
88
50
43
50
42
54
42
50
121
80
42
42
65
80
44
50
70
49
51
50
50
81
66
70
42
59
120
67
42
84
42
44
43
43
86
77
29
67
73
65
63
72
55
81
88
83
74
76
76
88
67
72
77
64
69
68
60
67
62
71
75
70
75
73
94
73
66
86
72
59
78
71
64
39
75
81
41
66
66
84
62
54
69
75
48
70
50
73
69
52
81
69
42
44
91
69
76
81
77
85
111
80
78
101
78
78
57
64
50
50
73
59
50
50
60
75
64
54
61
50
71
50
80
91
45
68
60
67
52
50
75
77
75
75
57
325
67
82
62
75
54
92
70
73
59
64
72
62
66
46
46
46
46
45
47
49
57
80
71
60
66
50
46
47
72
39
81
70
71
69
67
84
76
51
39
57
71
78
79
49
64
73
77
82
72
42
78
77
83
74
84
62
42
92
86
80
73
42
62
76
49
63
98
67
378
78
89
68
65
68
71
48
81
83
