46
40
45
39
60
61
59
60
63
76
61
77
55
55
49
45
74
59
49
49
41
43
40
79
54
45
43
58
39
50
49
56
43
48
52
52
44
55
43
94
41
42
48
40
54
41
49
55
80
55
45
77
50
63
52
51
47
83
51
50
85
40
41
48
47
43
43
40
42
89
53
50
52
57
75
48
41
49
74
40
41
79
39
44
42
44
65
47
39
53
40
77
49
49
49
51
45
42
49
123
43
119
41
43
87
46
42
42
61
44
43
54
52
42
93
44
64
83
85
53
79
67
43
79
83
49
44
80
44
45
42
67
57
61
43
42
41
51
52
43
43
39
43
50
46
44
61
41
51
50
51
49
47
49
41
47
53
49
83
40
39
61
42
60
44
56
42
73
43
42
43
44
49
55
42
51
43
56
51
44
98
43
45
45
54
45
95
45
45
44
55
43
43
43
47
47
55
45
58
47
53
45
46
47
46
46
54
52
96
46
46
47
46
52
45
62
45
59
67
48
38
45
46
46
46
48
47
46
57
46
53
52
49
49
56
50
55
55
49
66
47
47
72
100
45
47
68
48
47
170
86
51
53
65
68
48
58
53
67
45
51
46
49
45
43
44
43
56
77
49
42
83
46
44
43
50
46
64
61
42
54
43
60
47
58
75
49
53
42
46
44
42
42
42
51
42
42
50
50
65
51
83
56
53
42
52
72
48
57
82
58
43
42
52
48
83
48
48
80
54
41
85
89
57
55
83
53
89
44
54
41
71
50
45
50
49
49
75
46
48
48
50
50
41
52
41
45
53
85
45
48
40
45
42
62
43
57
46
48
50
73
42
52
84
40
50
42
50
45
60
45
66
46
51
83
41
47
41
39
52
50
57
67
41
47
70
44
58
88
51
44
52
55
69
52
53
75
46
42
40
49
56
47
54
42
53
48
56
38
84
167
40
41
50
76
39
50
45
44
44
83
40
49
50
42
46
58
51
48
57
38
59
40
40
41
41
45
41
60
87
43
51
43
48
54
52
47
70
76
72
41
45
90
79
40
47
40
42
46
40
41
73
42
40
78
43
55
42
53
42
54
55
47
47
49
53
42
60
54
69
40
44
41
70
39
40
70
42
62
67
95
39
47
47
43
52
42
45
65
50
61
42
52
52
41
59
47
42
41
42
48
54
70
40
46
39
65
49
47
40
82
49
43
50
42
60
50
53
57
51
51
74
50
64
41
43
43
52
75
44
59
59
75
47
51
73
44
42
68
48
40
47
87
44
52
78
41
50
44
42
42
49
50
40
58
40
51
48
41
42
49
43
57
64
79
48
52
68
51
55
44
49
59
48
40
42
49
49
42
48
54
70
51
41
77
52
41
40
42
56
76
41
47
44
54
47
41
40
52
85
51
44
75
80
50
55
42
51
80
49
46
42
49
50
45
43
80
74
47
40
43
42
43
47
49
86
41
51
54
50
42
44
51
43
50
62
63
54
64
64
44
58
42
39
42
60
73
41
60
40
72
53
39
41
51
41
42
43
76
48
56
51
46
52
71
45
44
89
78
41
42
43
40
49
51
73
67
50
54
59
49
44
48
53
84
40
56
48
52
84
58
56
50
42
83
40
51
42
40
52
50
42
55
50
41
80
43
48
60
48
51
79
43
60
72
55
53
59
49
51
41
41
45
40
52
41
44
47
41
51
72
42
82
42
43
47
48
48
52
65
42
42
61
41
49
71
42
50
63
45
44
48
43
43
47
48
43
80
47
48
51
43
70
42
48
84
40
60
43
50
51
75
48
60
41
45
47
51
58
60
69
59
41
50
48
49
53
40
47
73
86
43
49
41
45
41
50
46
47
62
53
51
56
41
91
41
49
42
82
55
45
67
83
52
67
49
55
48
75
61
60
58
52
40
49
55
42
46
41
50
41
41
53
47
46
42
53
76
52
44
42
59
49
48
47
67
78
45
43
85
51
43
48
59
67
53
66
42
41
55
44
50
41
73
41
50
76
40
52
69
40
50
47
59
43
57
41
49
79
41
40
44
48
83
41
50
49
49
53
77
48
48
56
48
68
39
41
154
47
50
61
40
52
51
43
44
53
82
42
42
42
75
78
52
73
75
49
46
46
41
53
58
44
50
60
77
76
40
42
70
82
50
42
52
75
49
40
72
52
50
49
41
71
50
40
49
52
46
49
65
49
41
41
87
39
43
41
42
42
50
50
51
55
59
48
49
51
42
43
93
48
68
43
41
52
41
53
45
42
43
43
42
44
49
45
52
84
88
43
53
