55
47
47
55
44
70
52
48
50
51
74
49
56
44
40
41
54
73
76
89
44
44
73
83
72
50
40
55
87
56
56
78
47
50
46
55
72
45
71
43
48
54
67
55
95
76
49
47
44
48
80
49
51
91
80
73
49
42
77
88
40
81
40
40
80
45
59
41
42
42
41
48
49
59
77
42
48
59
44
47
96
49
51
88
49
50
58
64
41
59
45
52
71
44
71
50
43
46
43
51
75
54
55
51
72
40
46
44
49
54
90
55
40
51
33
42
88
42
57
87
42
42
43
42
62
83
59
63
62
49
50
130
77
172
53
50
43
53
45
45
53
50
54
42
74
50
48
44
51
49
56
55
70
43
102
79
55
42
82
64
43
71
53
58
49
59
69
40
60
64
44
52
73
50
54
83
43
53
40
40
71
48
41
72
43
48
41
42
74
43
47
43
48
42
59
48
43
44
60
63
54
161
49
47
55
71
52
71
98
86
81
49
42
42
42
79
42
48
173
44
44
50
82
51
53
55
44
45
45
123
99
44
52
94
77
42
46
45
55
57
54
44
98
52
68
45
51
52
44
52
90
46
45
48
48
49
77
44
54
47
57
171
53
54
45
43
45
46
46
44
88
44
44
45
75
105
47
57
47
55
78
45
81
45
44
46
56
52
82
63
45
78
62
55
53
44
42
54
45
42
61
86
44
63
43
42
43
44
54
60
52
45
51
42
58
53
35
43
44
44
42
41
75
46
56
73
48
45
42
46
77
84
64
81
45
50
77
49
45
44
50
65
49
43
79
50
49
80
69
42
83
41
50
42
41
78
51
41
78
60
51
81
90
43
36
44
64
49
40
43
41
83
52
47
77
40
46
73
58
46
94
40
40
44
69
57
47
67
42
48
76
47
43
71
39
49
41
41
43
78
42
48
80
40
40
43
47
40
83
76
56
50
73
71
49
76
47
49
75
42
48
49
63
47
84
41
56
52
55
67
45
52
74
51
52
49
47
76
42
48
44
40
48
85
47
42
66
64
39
71
46
52
49
42
42
47
51
77
73
75
46
42
48
82
76
40
78
49
42
38
48
48
39
40
52
83
45
42
40
41
77
39
52
73
41
61
84
68
40
78
40
42
75
39
45
42
43
88
43
39
47
40
51
56
50
85
75
65
39
37
47
73
39
54
52
41
86
39
42
74
39
43
39
51
41
69
42
46
44
63
73
42
57
40
51
42
72
40
47
40
50
80
40
56
71
69
74
46
42
42
54
61
58
71
40
49
84
76
42
44
51
51
49
62
76
39
49
40
49
92
54
58
46
47
83
76
50
85
59
47
85
55
50
87
50
41
40
41
81
49
41
73
76
50
60
59
83
52
51
76
51
41
83
76
40
50
83
57
47
49
48
51
40
51
40
56
69
77
44
42
55
82
43
41
76
39
43
47
47
48
84
63
44
46
48
90
91
49
50
49
40
46
77
42
44
58
45
41
47
60
62
53
44
45
51
77
41
42
66
47
41
35
53
60
67
43
48
45
47
73
50
51
78
41
45
45
44
43
43
60
39
49
73
54
49
44
45
42
96
43
48
49
74
49
39
43
50
76
50
49
81
40
44
42
52
48
45
35
76
45
44
51
57
73
43
47
41
45
65
41
47
62
82
41
42
48
80
40
40
61
40
49
74
68
55
45
43
40
71
40
54
77
41
56
77
64
38
86
41
51
42
45
82
47
52
62
76
50
42
42
78
47
48
74
47
44
54
61
43
51
46
42
53
47
52
48
44
46
42
89
51
56
73
48
41
80
55
39
76
64
46
80
42
65
39
43
45
52
82
57
41
88
42
53
40
42
40
33
42
75
43
40
82
48
49
86
55
50
47
51
44
53
51
53
82
41
46
45
53
40
53
48
70
92
83
49
52
81
77
41
42
42
77
70
61
50
45
71
52
74
77
52
41
73
42
44
48
40
81
43
82
44
45
72
47
57
51
83
50
61
40
40
82
59
41
52
38
49
54
53
75
83
46
47
58
66
80
41
42
60
87
48
346
42
52
83
56
41
49
55
43
42
61
77
44
47
83
73
49
42
41
44
46
62
59
81
79
46
46
49
82
42
49
89
43
49
88
65
41
40
41
76
49
50
44
43
83
49
38
60
49
73
50
41
39
51
67
49
44
41
51
67
44
43
67
43
42
48
61
44
75
44
44
40
51
75
60
42
42
46
77
43
51
52
45
82
41
42
41
58
67
73
52
49
48
79
39
47
56
84
41
56
55
50
80
41
47
42
43
79
