47
43
51
71
45
46
44
52
42
52
42
43
43
56
50
54
70
42
79
44
66
44
51
54
42
78
49
56
53
78
49
68
65
72
50
45
42
69
45
83
62
71
53
52
56
84
49
73
87
78
77
50
41
59
43
64
57
41
86
44
43
50
66
42
52
54
49
54
49
62
51
64
55
82
50
74
48
83
53
48
51
55
81
41
63
51
79
41
48
41
92
76
41
84
59
111
43
44
43
42
47
44
75
45
83
41
41
66
73
62
51
68
49
91
50
45
61
44
168
45
51
95
56
43
49
45
70
52
57
44
69
43
93
44
49
47
45
43
43
44
55
46
51
45
70
50
50
54
51
51
47
43
49
44
91
91
52
86
44
44
51
41
49
55
48
42
44
53
44
43
51
41
53
45
46
42
52
139
88
43
76
44
51
45
62
63
43
54
43
62
71
42
46
44
91
64
46
45
59
45
63
64
44
74
43
45
45
54
73
77
52
52
47
53
47
43
78
47
44
51
93
52
49
55
46
63
49
99
45
84
46
55
47
46
83
79
47
46
81
46
44
46
45
46
82
52
96
54
48
49
97
54
45
63
89
46
83
50
47
65
62
44
45
73
49
44
62
46
99
47
80
54
80
57
88
86
45
58
51
54
45
48
56
48
90
44
53
87
53
79
47
73
76
46
52
45
51
47
58
92
77
47
55
48
61
55
53
46
66
44
47
76
61
50
54
46
48
44
44
43
60
53
55
52
45
51
56
53
66
66
82
53
70
54
44
61
76
44
42
46
64
44
62
43
52
54
46
85
49
44
51
89
76
55
42
53
54
44
44
42
52
47
43
69
56
47
65
42
71
54
70
62
44
47
51
47
67
48
71
43
56
42
43
47
55
48
48
55
48
46
47
50
48
55
47
47
40
44
49
49
56
41
56
40
52
93
52
53
49
42
58
40
65
61
54
48
61
57
87
57
49
50
41
45
39
49
44
72
40
50
52
43
39
43
46
58
43
40
104
41
48
42
43
39
50
47
43
41
40
54
49
41
46
49
43
42
41
82
43
56
51
82
53
70
46
50
41
71
41
90
59
56
51
79
42
42
47
89
60
50
48
42
45
50
41
49
48
55
46
41
42
48
60
42
46
47
56
44
54
39
62
40
54
47
98
44
44
53
41
71
56
47
85
46
42
44
33
62
48
45
47
49
53
56
50
49
48
79
42
80
55
72
57
49
41
65
43
41
48
46
42
48
42
57
42
51
51
60
48
41
47
49
76
49
49
50
60
51
41
41
79
50
43
41
86
58
48
55
78
42
42
40
116
58
42
41
50
42
52
56
87
50
43
60
81
53
49
44
42
41
51
40
42
41
48
53
52
63
43
46
56
46
69
53
69
42
48
43
57
47
50
44
43
48
48
43
43
43
44
46
73
41
39
48
52
60
42
51
51
50
42
51
41
50
41
51
42
48
41
41
42
50
43
52
42
52
57
52
51
58
47
50
37
61
45
42
41
61
45
61
43
51
51
55
50
41
44
57
48
60
51
51
50
53
45
48
44
52
44
61
44
43
41
52
44
49
44
51
66
43
42
62
53
52
57
58
48
44
44
52
40
59
43
61
44
61
47
43
44
62
43
49
44
61
43
56
49
50
44
52
45
62
44
50
41
51
43
41
45
53
52
48
44
50
44
49
43
61
52
42
51
61
50
60
57
61
43
63
43
54
44
65
44
46
53
66
45
58
43
52
45
59
44
48
44
59
44
52
50
56
44
74
44
61
46
58
44
57
44
68
88
73
51
44
49
59
52
89
74
43
50
73
52
93
60
52
42
94
77
44
44
49
61
79
49
47
43
45
43
42
59
42
57
41
50
42
45
42
50
42
53
41
72
50
80
53
81
48
57
56
74
52
47
53
70
63
42
41
49
49
49
54
42
44
44
45
48
47
45
45
45
51
54
43
46
43
55
43
80
64
52
48
42
45
70
43
41
84
53
49
46
51
43
43
40
48
48
60
56
50
42
47
44
50
45
56
62
52
50
57
42
57
57
48
49
58
53
44
44
55
45
58
49
72
79
46
58
42
52
49
51
61
42
52
53
43
52
59
42
41
58
83
54
50
61
85
49
49
67
85
50
77
78
90
49
49
49
43
49
74
42
60
42
76
43
42
47
41
50
75
51
66
41
41
42
78
51
72
70
43
42
50
49
47
41
59
76
50
48
42
53
40
71
76
60
52
65
90
57
62
61
48
94
50
51
48
93
41
49
47
50
60
42
77
44
42
55
49
42
81
