189
187
179
191
191
253
174
217
189
195
206
159
164
206
248
184
380
163
216
168
194
176
221
193
161
345
197
245
203
201
193
199
184
160
190
200
219
195
197
199
197
219
219
189
220
212
262
233
210
210
215
295
198
182
188
210
211
215
181
201
211
237
227
218
229
199
210
218
192
190
205
195
218
184
318
225
219
211
217
231
291
216
216
191
254
161
246
197
185
200
202
176
200
235
239
216
232
295
182
473
230
185
181
220
309
185
232
214
194
181
198
238
261
230
228
207
239
256
195
233
202
212
337
226
212
176
184
229
207
349
221
233
221
231
201
252
217
204
191
216
219
221
214
198
202
215
197
194
209
223
322
209
206
231
163
212
218
188
218
287
226
203
213
201
215
217
230
158
205
239
208
223
202
199
205
231
188
201
247
193
223
162
172
220
262
220
229
209
237
226
310
192
222
262
212
222
291
245
244
290
214
218
319
226
221
255
225
224
213
246
232
362
207
268
265
257
244
232
271
214
249
224
236
215
219
230
217
231
218
213
207
346
244
231
310
201
261
275
227
291
236
214
247
194
280
460
213
261
232
249
239
224
218
225
270
231
221
220
235
241
231
233
240
242
217
223
230
373
261
231
229
293
270
214
235
215
231
235
221
236
253
261
218
295
221
236
218
210
264
231
260
237
217
277
214
228
200
245
242
225
255
209
238
214
245
210
231
250
249
204
200
223
220
196
219
227
221
218
215
208
268
199
194
274
216
206
200
236
222
190
181
198
194
206
193
195
212
212
210
205
236
207
212
192
196
205
221
214
230
192
204
226
180
207
200
204
213
175
234
227
197
189
221
224
219
218
214
197
225
199
215
200
184
186
182
196
216
219
181
209
208
203
220
211
200
216
215
190
227
194
208
217
201
203
185
217
198
215
197
211
218
196
197
208
218
222
219
220
194
209
179
210
201
226
198
190
210
198
212
192
236
193
204
201
191
190
216
187
277
191
220
226
214
200
190
188
209
209
209
207
204
191
207
207
221
195
206
246
219
205
250
209
202
245
203
229
199
195
208
214
202
188
207
218
224
206
205
193
201
178
199
202
187
181
225
181
185
183
227
195
192
184
200
197
198
194
211
206
180
237
186
184
185
189
199
193
215
221
184
193
198
203
185
198
201
212
207
216
215
220
200
205
201
219
207
201
205
190
202
206
195
214
214
198
208
201
210
220
195
214
226
208
183
207
217
168
176
206
212
199
193
202
209
198
213
220
206
189
204
202
178
241
198
217
199
189
191
199
213
194
189
193
242
187
199
189
212
191
197
207
195
212
187
208
193
201
209
226
210
236
235
195
200
192
199
210
193
192
257
201
196
198
193
199
212
202
217
202
200
195
213
207
305
284
176
183
195
188
184
197
177
187
201
205
207
221
197
197
216
186
217
198
197
185
195
191
222
190
225
219
210
225
224
258
217
255
214
211
214
228
218
209
213
239
264
215
236
225
189
224
187
216
205
227
191
191
227
242
213
208
223
209
244
226
230
211
227
239
216
234
202
224
206
220
226
225
227
203
235
246
216
252
307
219
363
241
210
245
241
218
223
257
228
216
210
211
221
226
204
222
250
209
234
243
230
233
210
230
218
192
217
200
193
233
199
187
232
233
221
193
232
236
225
217
218
200
210
225
228
218
221
244
234
214
224
177
230
213
211
224
212
223
205
206
236
217
221
200
235
216
189
219
207
244
249
213
234
324
255
248
202
204
208
225
215
231
199
314
185
215
304
249
226
203
246
209
213
219
253
248
198
198
201
201
198
205
188
198
231
192
193
205
199
250
201
186
191
239
213
181
197
206
217
198
191
194
197
191
183
206
206
185
213
205
193
188
206
208
189
193
196
199
203
202
194
191
184
233
225
201
196
204
207
209
227
197
182
244
204
198
182
256
262
206
208
201
205
216
205
211
187
216
1250
190
171
194
202
187
200
200
206
188
206
191
195
189
203
174
214
201
185
198
199
196
200
218
187
179
192
206
188
202
195
196
198
200
186
220
197
203
167
208
189
192
183
192
200
209
197
203
196
207
230
202
231
205
201
199
222
205
203
188
187
194
202
192
212
186
199
214
189
296
207
212
282
196
166
195
209
272
231
201
215
200
219
210
238
224
214
213
206
198
201
210
212
208
239
241
224
187
198
190
201
212
210
228
201
230
215
209
221
208
323
253
263
335
209
197
239
204
198
223
218
202
206
206
188
208
200
294
214
242
206
219
214
194
332
255
257
251
234
240
229
229
227
258
219
225
260
226
