172
127
111
201
127
185
136
127
129
191
144
192
181
139
199
180
142
152
133
149
122
223
127
141
126
206
140
178
187
124
192
125
123
173
135
112
128
186
142
130
144
193
186
170
123
124
115
173
130
194
172
120
187
188
141
203
131
126
130
207
185
128
144
139
121
193
171
129
129
180
115
196
181
202
140
184
188
121
189
127
193
177
201
174
196
213
120
175
137
130
177
190
130
140
139
147
137
194
127
138
127
142
123
127
168
124
126
126
137
198
161
122
174
127
147
186
140
135
196
195
131
190
176
123
179
112
153
124
167
179
128
194
179
127
122
123
135
125
210
141
124
133
136
121
121
120
123
138
125
136
126
127
131
120
142
132
140
119
182
116
140
206
127
128
195
129
132
124
129
136
190
116
137
212
129
129
189
127
181
125
142
141
138
197
124
126
132
132
141
260
134
119
183
126
122
166
191
203
122
194
139
129
131
124
150
133
140
187
195
200
110
128
136
191
130
195
130
152
189
124
185
137
123
151
127
141
196
228
145
139
221
219
141
231
182
240
195
191
216
232
143
208
198
168
141
227
191
133
228
210
138
137
143
182
209
144
188
210
146
166
182
140
174
357
166
214
141
146
147
135
151
196
239
305
278
222
215
151
143
140
141
215
212
206
209
164
211
210
133
206
131
124
210
196
149
141
204
124
140
169
170
172
168
213
152
163
202
153
196
230
240
282
257
210
210
222
186
137
143
143
143
211
134
142
231
149
218
227
149
206
208
151
141
151
134
147
150
137
125
129
206
141
135
210
143
158
152
142
134
142
207
208
141
142
209
136
138
153
217
138
226
214
149
139
214
195
202
210
167
149
213
134
139
154
244
230
203
248
152
147
195
141
136
206
196
124
131
205
137
183
235
213
139
242
142
155
209
134
212
203
206
205
222
219
186
172
149
206
204
201
214
208
199
136
215
147
134
210
198
142
139
131
232
199
126
135
191
196
150
147
211
221
152
134
217
133
151
215
215
199
215
210
211
149
150
214
140
216
206
150
222
214
133
201
204
142
157
124
141
147
212
160
135
225
139
153
134
139
214
207
149
133
200
140
223
140
145
208
123
151
163
143
132
148
203
185
155
226
148
138
161
200
124
217
198
135
188
182
145
132
207
207
227
140
134
192
194
140
197
212
135
141
213
128
136
153
139
139
139
194
142
183
133
152
207
141
133
137
190
139
198
125
135
123
146
194
223
135
202
195
158
209
148
152
132
185
156
203
199
188
187
191
198
203
210
199
146
137
150
136
151
163
142
187
137
143
152
151
194
200
139
141
145
231
172
215
200
215
200
228
214
212
187
181
197
204
176
134
198
145
213
188
140
144
141
162
216
206
194
197
135
153
202
155
191
206
150
219
158
133
201
140
135
131
133
200
148
145
155
131
184
139
123
149
188
149
211
144
133
134
134
211
130
151
141
139
139
136
139
135
155
246
267
156
180
239
251
213
158
198
336
247
204
218
180
214
199
218
209
150
140
134
142
132
132
205
130
195
204
127
221
221
213
309
208
207
205
190
296
203
221
170
220
150
200
199
197
186
149
141
146
223
201
141
208
142
137
122
142
210
152
150
197
138
139
137
147
144
136
138
137
163
195
199
138
156
188
171
196
185
139
149
151
126
134
205
178
136
160
195
134
135
136
140
137
209
136
132
145
1081
135
135
137
196
143
137
132
152
127
160
203
138
155
144
139
204
209
132
159
189
146
136
134
150
199
202
138
155
199
125
156
208
191
139
150
200
137
198
193
137
213
205
203
246
241
201
143
218
217
197
201
135
146
207
202
199
209
182
148
135
139
146
136
217
140
133
152
124
134
207
138
148
132
212
139
138
221
148
160
206
202
149
146
146
143
138
174
270
179
248
256
222
325
176
272
204
131
145
189
206
199
138
147
151
136
135
212
222
132
210
200
153
197
195
135
206
189
136
201
136
135
158
129
142
137
140
198
134
153
156
145
168
224
133
309
148
138
152
152
133
142
273
285
149
167
200
154
140
299
227
204
182
294
286
313
325
341
247
268
194
146
169
195
192
157
207
135
517
150
203
146
191
204
123
220
144
207
158
137
204
148
146
293
151
163
131
132
194
203
208
201
140
131
142
200
147
135
141
199
136
213
129
123
134
186
155
152
148
188
134
135
147
144
202
205
151
195
148
195
202
131
202
198
140
136
151
132
199
185
149
145
204
199
138
150
144
192
191
213
214
146
142
149
189
147
214
151
197
131
210
132
127
143
210
140
139
204
135
132
194
