144
148
213
171
157
155
153
143
210
149
168
140
163
197
206
148
142
145
151
147
159
165
213
209
148
215
166
161
221
228
147
153
153
144
225
209
166
145
145
221
150
152
158
154
147
219
155
146
206
146
154
154
152
163
153
149
225
210
220
147
146
213
199
168
208
149
145
164
150
149
206
151
155
147
154
145
193
213
208
152
205
154
176
153
146
156
165
165
188
154
137
207
206
149
178
165
243
162
192
171
147
153
156
214
148
210
168
151
210
157
147
218
160
162
201
142
149
166
147
156
148
164
183
213
223
167
162
199
196
150
146
170
148
213
216
149
149
149
164
218
142
154
215
147
151
157
207
148
159
154
158
221
152
149
154
145
156
152
229
136
142
211
156
142
204
142
143
142
141
194
153
141
144
152
145
153
217
144
136
135
137
139
148
166
143
143
146
204
170
151
213
139
138
157
149
192
140
153
212
151
141
204
194
128
143
135
141
183
125
138
141
157
138
138
215
141
141
196
133
152
139
149
175
163
142
145
165
165
255
199
147
139
140
152
138
150
185
210
153
363
170
134
136
152
164
133
182
143
132
207
153
139
217
134
135
141
152
209
148
149
207
135
138
143
144
194
220
141
144
142
136
199
138
148
198
135
143
212
141
155
200
134
132
145
162
165
155
147
178
200
152
146
158
146
162
227
151
163
233
156
174
160
153
246
172
153
232
215
143
168
212
152
165
181
167
159
161
149
214
150
145
172
164
152
151
221
150
180
147
230
199
184
164
150
171
216
158
149
219
161
163
243
153
153
224
150
162
150
180
154
148
227
150
235
139
151
144
159
153
214
152
154
257
147
157
153
177
169
146
173
155
219
153
147
230
147
145
157
157
163
172
168
197
235
152
154
149
164
205
154
152
217
147
152
153
174
170
146
150
159
164
159
146
216
146
173
234
151
147
210
140
214
163
156
137
144
161
149
164
145
148
149
176
150
151
222
149
167
149
167
148
216
148
149
153
164
142
251
173
157
155
149
149
162
141
227
178
143
164
170
151
149
159
152
183
180
170
172
175
162
252
156
176
230
152
162
233
157
154
157
149
149
157
161
182
148
147
224
146
147
157
238
151
157
229
157
146
201
140
164
205
146
153
158
156
178
176
170
161
199
160
143
214
151
167
163
165
226
150
149
214
147
155
202
213
146
170
161
174
145
166
160
220
160
150
207
160
148
218
207
154
170
147
165
149
172
189
152
157
156
159
152
167
149
152
154
216
145
147
206
158
144
212
158
147
147
170
155
173
157
149
146
230
146
149
297
219
159
162
210
162
149
156
147
154
223
146
157
248
149
146
220
145
149
145
148
151
144
153
217
145
148
171
146
154
148
149
160
155
154
221
145
161
165
150
159
144
212
155
150
174
139
180
179
149
147
182
164
161
172
162
156
233
157
151
202
148
147
231
193
158
145
149
153
146
161
150
152
170
220
159
165
198
161
149
142
158
162
153
242
201
159
174
171
144
142
169
136
161
141
147
205
144
135
164
162
220
224
145
150
227
148
143
146
148
149
225
150
148
180
210
141
147
220
158
159
154
159
166
160
140
153
142
146
147
148
147
218
141
140
145
142
149
155
144
140
145
138
146
154
153
141
153
145
143
142
144
226
143
160
221
148
157
148
183
151
128
166
153
219
145
146
236
143
156
148
141
150
141
157
161
174
163
224
170
147
206
144
146
219
145
141
143
144
142
151
244
161
232
156
148
222
149
145
216
157
155
157
141
153
214
162
146
153
145
157
213
150
180
159
148
234
176
147
145
223
157
135
133
164
185
137
136
140
146
161
141
132
170
142
136
181
131
145
184
138
144
131
119
137
132
154
146
189
138
136
137
129
191
135
140
151
164
141
148
149
133
127
134
145
189
143
138
194
161
136
135
137
177
168
140
189
132
154
188
140
135
175
136
133
135
135
176
144
149
137
217
147
136
127
159
138
141
158
155
139
157
156
133
128
171
141
146
142
138
141
202
143
179
127
145
187
184
131
186
133
131
143
135
208
138
135
194
184
141
149
134
186
133
138
207
134
132
190
129
140
163
172
134
140
146
225
145
131
205
143
157
148
155
154
141
139
224
143
143
147
151
175
156
162
149
139
146
220
150
231
148
223
154
158
201
325
154
220
213
242
144
210
166
139
233
214
141
164
151
218
153
159
153
146
164
223
140
147
150
160
212
152
147
217
146
154
216
153
145
151
148
155
141
161
158
155
158
166
154
221
152
167
219
163
197
144
145
220
166
146
218
171
172
169
