176
189
145
125
191
182
132
130
124
208
204
127
182
124
183
131
127
126
157
177
134
191
141
146
128
122
131
116
133
141
174
181
128
130
151
129
187
124
169
139
131
180
140
178
179
180
137
175
192
177
194
116
178
189
162
193
186
184
182
145
200
198
126
187
123
130
139
126
187
123
189
192
206
201
203
122
128
133
186
132
135
125
175
149
143
174
196
182
131
118
121
151
153
136
131
125
182
191
144
205
129
173
187
136
186
133
124
189
139
169
201
182
215
131
132
184
117
123
200
121
145
166
125
143
175
139
189
139
122
179
140
130
131
188
130
135
180
129
207
161
153
198
149
175
136
176
185
171
136
202
189
176
139
194
119
198
182
122
148
149
114
181
119
130
122
194
189
125
139
125
137
193
129
134
144
202
123
128
151
243
287
206
223
129
185
141
139
142
147
166
124
134
184
138
179
189
132
188
121
194
129
131
175
131
175
183
181
259
126
187
191
182
202
119
163
188
130
124
138
152
124
171
130
149
124
184
125
131
136
117
182
189
180
142
150
136
195
143
132
188
185
142
182
174
117
184
129
123
125
139
185
137
130
187
167
210
197
123
180
145
135
145
200
168
135
190
149
138
177
139
210
132
184
202
142
130
217
170
140
204
130
210
174
115
131
198
190
189
139
123
138
140
137
136
138
176
188
184
142
131
139
124
190
137
139
157
130
237
199
191
184
180
124
180
176
128
124
209
114
130
197
177
176
123
137
152
179
194
182
185
188
176
194
125
179
185
178
184
124
129
178
130
162
131
120
148
203
127
176
131
178
197
127
132
137
200
129
148
130
185
115
207
150
190
192
130
136
210
127
175
180
201
134
131
118
169
135
105
135
124
170
122
183
125
189
170
129
176
141
111
131
171
161
137
165
166
123
146
137
163
126
167
178
122
146
173
150
177
125
137
104
174
124
125
133
132
176
170
124
120
122
181
172
115
150
126
141
169
150
127
136
165
134
169
138
180
190
138
191
122
171
157
131
159
125
183
174
141
157
174
180
127
177
131
199
175
136
137
194
180
156
134
134
126
183
173
170
170
184
138
133
129
182
121
128
116
142
168
132
129
225
248
218
252
171
186
238
261
247
213
151
113
144
155
217
222
241
186
214
313
268
280
173
215
167
248
210
366
254
265
259
223
280
263
185
265
337
179
325
199
176
193
217
135
190
165
150
121
118
132
137
173
148
119
172
147
166
175
128
163
177
168
181
165
174
135
175
126
126
133
174
163
115
121
134
180
187
162
187
135
110
163
167
133
164
191
123
175
187
119
126
124
169
126
121
124
163
172
170
137
165
161
162
138
133
123
181
219
271
183
303
220
191
180
137
217
132
173
161
117
122
154
160
171
179
149
171
127
181
177
125
128
110
110
174
187
179
147
172
193
219
161
143
183
165
174
117
121
165
164
125
169
156
185
164
145
163
172
176
142
137
217
283
134
126
149
174
184
124
149
116
143
110
190
166
121
161
129
179
123
129
175
156
154
209
130
185
163
175
132
124
129
177
166
125
171
148
166
127
147
138
177
186
136
165
132
178
164
116
125
147
170
165
183
158
207
177
132
194
131
169
182
279
129
124
178
173
134
130
119
201
135
130
145
134
133
127
133
165
127
188
173
119
134
123
161
169
141
245
159
130
182
133
183
132
133
221
135
169
125
183
177
192
187
140
138
151
188
185
134
148
126
170
182
195
197
186
206
192
131
124
117
178
133
126
168
177
134
192
185
134
158
182
156
178
214
328
267
302
157
187
155
127
202
128
172
166
169
136
189
135
119
166
127
142
154
184
130
130
141
136
119
129
126
181
188
119
201
168
169
182
179
124
118
121
196
192
112
184
123
189
171
136
189
112
159
184
130
123
120
133
126
122
172
128
166
172
129
122
127
175
180
112
185
175
178
126
137
137
141
173
173
124
174
163
188
178
166
184
137
118
123
125
183
130
207
174
127
191
181
126
117
136
128
183
176
136
141
128
172
117
113
183
121
162
191
134
123
124
188
135
187
178
192
181
134
127
127
122
153
113
179
134
137
185
120
128
133
187
182
169
172
173
144
122
133
127
198
150
267
193
179
122
184
112
129
178
113
173
135
123
180
183
176
133
126
126
111
125
132
187
114
113
189
123
178
138
137
172
127
163
121
110
169
137
181
124
135
147
122
170
139
135
173
118
185
123
135
185
124
169
121
127
188
176
177
133
126
179
128
163
121
145
176
184
238
283
250
196
213
240
168
118
116
128
188
123
119
176
141
