130
125
177
165
130
205
125
126
168
157
117
175
175
178
142
203
137
121
180
184
115
122
176
166
165
132
108
171
157
180
171
160
166
124
154
123
168
195
188
195
146
209
141
165
179
120
184
196
118
154
164
132
168
166
136
155
161
173
173
188
129
132
186
162
163
140
141
189
141
163
179
202
199
160
246
212
182
253
290
225
230
171
229
301
396
240
184
224
176
207
192
307
199
271
264
230
173
210
167
212
168
224
329
358
313
272
184
234
231
182
296
208
206
192
140
180
278
207
294
255
199
134
445
111
181
170
132
193
163
111
191
181
121
189
186
183
179
182
119
163
172
121
165
164
134
168
194
173
116
116
180
136
164
162
152
134
171
113
111
171
107
133
192
174
124
182
193
193
214
202
131
162
199
184
134
202
173
135
195
117
201
227
156
179
219
171
196
140
207
236
211
119
143
132
141
116
151
175
169
109
165
120
160
155
151
147
113
140
175
176
130
164
170
170
126
177
173
179
124
150
214
129
191
159
135
147
185
112
200
170
162
140
134
180
219
214
116
141
132
142
179
132
183
120
182
187
148
212
663
408
318
303
224
213
195
181
168
250
179
136
133
173
136
303
198
299
178
138
174
136
175
174
140
155
177
169
167
146
135
111
179
183
125
160
172
174
174
125
125
176
174
162
178
180
128
176
163
123
189
168
169
163
166
166
129
174
128
220
226
197
161
169
109
187
169
125
166
166
120
155
190
137
134
155
170
155
151
171
147
192
176
144
174
128
141
150
169
120
177
168
177
142
119
127
137
161
176
138
168
168
187
161
171
171
191
184
123
137
200
184
134
119
189
137
173
146
177
174
138
164
139
184
138
186
155
129
193
192
162
150
139
137
169
174
121
190
136
131
171
181
137
169
172
159
187
139
132
250
184
137
162
174
139
169
173
166
184
133
138
124
172
122
140
165
169
234
274
135
186
183
195
140
179
163
177
161
176
144
112
163
129
201
194
128
129
157
124
124
192
161
180
193
153
177
183
125
148
130
163
153
121
204
178
182
136
189
180
114
133
127
205
179
181
177
114
168
141
301
132
182
136
166
166
114
172
161
137
123
170
156
156
156
179
168
185
160
119
174
181
259
166
167
152
163
149
149
174
187
181
153
180
149
177
153
143
181
114
163
148
134
133
171
161
203
169
134
167
193
168
185
178
146
193
164
135
129
174
171
174
191
175
183
168
133
138
130
179
162
183
153
136
158
169
124
178
163
160
128
189
116
154
172
183
176
188
200
226
182
222
200
189
145
132
177
178
131
154
172
214
159
179
212
234
224
170
217
127
167
174
140
176
150
173
175
183
209
237
216
195
226
220
172
157
163
180
142
116
241
165
175
178
187
198
173
171
143
205
166
194
176
148
218
244
169
174
130
146
197
162
131
207
158
182
181
173
132
176
159
111
173
129
118
161
158
143
124
113
176
134
146
176
171
171
171
144
176
128
171
136
162
133
162
150
180
168
158
181
131
157
169
145
149
150
165
175
163
133
181
165
186
173
161
169
137
159
139
122
171
161
169
180
173
176
153
133
169
123
129
160
145
177
175
172
124
177
132
125
172
189
178
158
192
128
175
170
119
113
125
165
170
177
180
157
156
159
129
166
121
162
168
162
152
167
178
128
172
120
133
161
149
105
183
176
134
161
135
147
172
176
155
176
182
127
163
122
129
179
157
153
157
180
122
136
169
161
128
169
145
153
175
150
149
122
107
110
116
176
131
168
153
150
158
125
164
170
158
165
171
178
100
190
134
160
158
168
150
160
113
129
152
183
127
157
181
174
196
139
196
187
139
127
143
167
179
130
179
161
147
162
165
173
175
157
121
127
152
163
164
163
158
153
167
146
204
192
136
126
172
161
197
139
164
178
185
147
164
161
164
166
131
126
132
164
161
113
114
166
176
101
178
110
179
156
159
150
156
167
113
109
130
149
145
181
154
153
136
160
182
136
135
160
157
134
142
145
191
184
200
173
127
153
202
237
218
209
174
161
160
189
213
199
280
154
166
180
203
224
154
207
127
118
156
144
123
195
177
153
126
177
118
166
160
127
160
184
123
135
184
124
123
173
152
155
166
133
123
180
190
126
139
134
132
157
164
124
145
164
109
156
165
146
170
135
140
114
162
116
144
153
157
172
158
158
125
162
136
167
116
173
153
154
157
149
134
134
160
141
184
152
158
157
145
122
129
175
155
166
163
118
175
127
133
123
163
161
165
164
155
153
140
138
134
116
115
170
147
176
167
166
172
