208
164
205
207
165
218
153
172
231
161
173
224
198
164
168
232
148
162
274
231
218
173
234
226
168
269
223
152
175
203
176
213
166
243
173
153
153
149
170
168
153
153
169
223
194
223
204
151
175
159
155
245
171
162
166
200
160
301
218
310
177
161
188
175
207
240
176
193
169
174
174
174
160
311
171
171
182
171
205
173
232
178
250
178
172
147
173
168
182
209
230
214
242
169
155
174
191
162
177
169
163
328
171
183
202
195
218
221
185
314
210
246
218
212
219
179
178
160
156
157
198
454
173
180
179
223
168
181
180
265
193
195
251
161
174
218
167
158
269
227
160
180
170
219
227
158
226
169
175
178
176
159
163
159
228
170
223
165
167
158
167
146
172
231
173
254
181
162
236
161
161
227
167
226
239
158
267
237
157
152
161
163
232
147
174
207
230
224
178
227
212
191
190
229
175
170
279
174
181
222
219
272
169
167
196
189
197
170
249
242
254
268
366
332
226
202
256
217
211
195
289
261
270
213
204
207
580
185
251
258
193
311
204
195
192
283
197
186
287
223
188
260
175
280
232
190
188
167
206
231
204
194
194
181
183
229
187
332
190
185
194
282
267
190
237
261
240
202
356
264
189
277
297
167
185
187
275
182
276
166
196
654
219
296
259
202
203
174
185
240
269
185
259
258
192
217
204
184
245
266
186
199
177
178
249
194
184
205
500
344
244
325
197
329
331
290
226
256
259
156
202
197
164
224
184
240
197
186
161
187
159
193
207
192
339
232
159
180
181
248
178
237
173
278
231
233
185
235
244
242
229
248
191
249
175
244
169
247
231
165
230
160
164
270
152
168
249
179
255
237
175
168
178
164
161
151
180
175
173
248
158
228
167
163
152
167
198
281
178
177
175
206
223
267
203
207
197
222
158
163
212
210
156
161
224
176
183
217
180
174
243
259
236
173
151
265
152
178
192
203
171
180
162
148
188
181
168
237
149
149
156
170
398
166
161
180
168
171
307
247
196
288
188
181
250
175
168
238
173
169
181
236
163
192
169
229
161
410
231
176
174
305
169
183
177
179
194
172
178
149
181
167
228
170
184
197
192
167
210
228
182
171
173
225
238
168
239
218
178
229
241
147
269
239
236
169
165
181
186
237
176
167
216
167
217
175
404
168
180
221
175
165
276
236
161
161
248
184
179
223
181
417
179
163
253
199
142
199
361
186
221
197
168
159
300
164
211
217
159
161
369
149
316
223
165
218
230
157
157
167
162
250
185
149
167
186
232
215
163
149
204
270
219
144
163
136
164
138
172
252
480
166
161
170
170
171
142
161
168
180
198
191
166
249
156
162
154
195
163
206
204
144
247
148
225
208
157
240
173
153
159
183
175
174
195
173
211
202
176
161
171
327
262
236
280
157
150
221
156
215
150
200
221
167
143
156
248
223
170
212
215
217
232
214
152
210
200
210
166
243
179
166
212
213
171
208
205
154
226
195
221
162
164
203
153
167
139
198
166
150
149
249
163
140
194
205
137
153
210
165
149
161
143
166
199
169
143
200
208
146
161
142
199
137
199
289
155
197
142
169
248
229
275
289
167
180
234
155
236
193
145
205
230
239
155
189
224
144
153
197
204
150
232
218
217
255
152
159
142
147
184
152
143
246
207
226
151
163
170
153
204
152
168
214
203
156
156
146
208
142
154
150
162
200
217
292
163
142
194
150
164
165
153
161
184
272
187
181
230
166
150
137
206
164
163
200
161
146
165
207
145
170
159
168
217
170
163
150
146
213
165
137
154
145
161
195
168
213
154
189
195
153
220
151
170
149
167
198
154
174
187
172
165
142
129
200
143
213
204
153
136
145
158
194
144
172
185
118
118
187
181
188
144
131
142
172
125
180
152
131
143
139
224
226
153
172
143
146
112
144
134
143
177
142
212
144
176
128
131
131
182
134
124
131
127
151
119
185
179
140
127
131
126
121
205
199
182
183
187
127
257
190
118
132
145
168
181
131
125
131
123
140
170
208
192
169
114
187
146
175
145
127
174
125
136
174
125
131
130
141
181
132
186
190
196
175
166
192
152
141
163
133
125
192
174
171
137
134
143
175
329
130
194
132
124
131
131
120
131
154
172
123
141
125
126
121
184
119
186
134
136
142
188
119
141
120
128
139
138
166
128
128
185
112
117
178
178
112
122
127
177
136
135
121
138
186
122
130
164
129
126
144
201
154
142
185
161
128
134
176
199
125
137
138
127
134
129
170
179
141
114
132
141
118
130
130
184
131
133
148
