43
44
44
76
55
44
47
56
51
66
50
55
42
46
49
44
43
75
48
42
78
40
49
52
49
58
53
91
96
42
54
79
75
47
44
72
41
42
40
62
55
40
43
47
53
75
81
52
44
42
49
63
41
53
46
41
44
43
53
40
44
42
43
85
45
52
48
63
49
43
42
81
72
78
43
82
42
42
63
50
82
44
43
82
44
78
52
52
70
55
50
44
47
50
51
41
49
46
69
44
41
51
54
53
51
43
54
54
41
43
64
41
43
76
87
50
41
54
42
42
68
41
42
80
41
35
47
41
40
43
42
54
74
42
48
43
114
42
50
43
43
43
43
76
66
44
44
125
43
43
94
89
73
44
44
44
55
71
50
50
44
91
44
48
55
43
82
56
44
44
43
45
45
52
82
45
59
43
85
84
65
47
42
57
78
49
49
52
47
43
49
80
46
43
49
41
48
41
42
53
59
80
51
44
61
45
45
80
41
52
83
42
41
63
84
54
61
47
51
43
45
43
64
44
44
97
44
55
43
42
45
50
57
47
86
44
112
62
45
46
72
52
48
60
50
54
90
45
49
54
51
49
53
42
137
47
45
47
54
129
55
57
52
52
46
46
81
46
45
56
59
59
54
47
45
45
46
47
83
53
55
47
52
46
45
45
95
44
47
47
47
54
45
66
53
51
53
93
46
49
206
69
61
51
46
54
45
49
97
46
63
75
49
65
47
58
77
47
54
44
44
53
87
67
56
82
50
44
63
51
53
78
44
55
67
50
43
43
50
72
46
43
46
41
44
52
49
75
55
52
52
43
51
78
55
43
62
52
72
45
49
42
43
49
48
51
51
76
81
56
40
42
76
57
44
44
78
44
45
77
47
76
48
39
49
55
87
43
50
41
49
59
45
40
54
42
42
70
50
44
61
41
66
44
42
54
49
81
42
40
48
45
49
51
53
53
58
82
49
40
76
41
51
54
40
76
47
58
43
42
72
48
41
45
59
71
40
50
33
46
86
51
46
56
51
60
40
53
76
86
41
42
40
80
52
57
41
49
74
52
50
43
42
42
43
41
76
42
48
42
41
65
42
49
76
92
43
44
45
41
46
78
40
50
42
50
68
55
50
42
48
42
43
41
43
51
51
44
50
47
71
52
61
53
87
51
52
71
46
45
41
48
82
44
41
82
39
42
42
44
79
74
49
61
56
54
39
38
46
52
43
41
47
43
44
50
70
41
56
42
46
75
41
60
44
49
47
44
63
49
82
83
55
50
54
76
56
48
64
50
65
41
61
42
41
43
47
40
41
41
50
55
43
42
42
50
89
49
47
41
49
88
61
52
43
48
47
54
41
48
72
59
42
65
41
56
48
49
72
40
41
35
43
41
48
77
54
55
41
43
70
40
46
45
43
78
50
42
70
51
49
63
44
48
48
50
76
39
64
89
46
83
40
41
76
81
40
49
47
91
42
95
51
55
45
39
60
72
49
44
81
83
59
47
84
68
47
53
33
41
85
52
60
73
79
60
41
40
51
73
41
41
71
82
42
40
59
84
43
50
42
82
43
42
50
40
71
60
41
83
40
50
42
49
47
77
40
60
75
42
83
78
40
47
72
50
44
41
48
89
39
45
68
67
54
51
42
71
43
41
41
50
40
39
43
45
50
82
57
45
68
42
73
60
42
79
57
57
40
83
46
47
74
49
48
95
68
57
47
70
63
52
41
84
78
43
39
43
44
79
41
42
39
54
74
39
42
79
50
45
78
49
44
42
61
41
51
48
42
71
41
84
47
42
44
69
74
48
41
49
69
40
41
40
44
76
54
34
75
70
45
76
74
52
49
45
82
41
64
43
47
83
45
86
85
47
77
41
47
52
39
91
82
68
50
41
51
48
54
52
59
44
75
83
48
43
77
46
48
76
44
46
40
46
78
47
51
34
53
62
53
55
69
58
49
42
46
59
48
39
46
62
47
48
72
76
79
47
45
65
52
39
75
44
89
77
41
43
39
54
79
60
47
50
39
80
43
51
40
61
81
48
52
73
58
47
49
85
44
52
42
41
48
68
73
43
44
49
59
76
52
43
41
77
45
52
50
58
50
77
58
44
45
59
50
70
46
79
47
41
51
76
49
67
47
42
65
73
46
39
49
47
49
43
79
47
48
50
50
78
49
47
41
76
48
52
84
46
40
41
39
41
42
49
60
42
43
75
49
47
43
42
71
48
47
75
49
56
67
49
328
41
49
71
52
42
47
47
71
48
46
40
55
68
49
46
48
70
83
78
