182
176
133
115
111
113
165
162
182
124
164
127
174
119
106
129
180
150
165
120
196
130
167
169
127
124
132
169
159
129
128
168
159
140
176
124
168
137
113
109
112
134
113
165
201
135
138
158
115
121
193
175
164
153
139
191
131
111
133
170
174
176
119
168
111
164
113
133
191
135
162
159
112
117
119
167
179
164
138
141
134
100
115
166
117
156
115
151
121
178
170
177
141
161
119
110
121
113
161
178
142
129
145
113
157
129
164
194
104
172
118
138
183
127
172
173
114
169
127
190
195
177
112
113
122
189
121
111
176
126
180
167
128
211
127
160
148
114
102
105
157
156
105
131
168
173
129
131
109
164
175
175
112
167
140
175
113
151
156
166
156
129
114
159
139
163
172
110
185
126
151
155
121
164
140
189
132
133
135
183
167
159
177
175
161
132
160
123
149
165
125
118
153
185
207
180
203
227
248
160
318
235
162
207
132
193
199
152
172
170
171
152
142
184
167
171
131
182
119
164
122
162
121
170
120
129
142
205
185
132
154
121
163
170
169
137
129
110
185
127
98
151
172
143
158
117
123
128
100
168
122
113
163
124
164
123
169
149
163
139
163
133
167
143
170
158
181
121
184
135
186
106
153
136
169
156
181
131
124
129
163
125
156
168
189
128
137
168
184
150
192
127
148
122
142
130
161
149
164
119
120
163
187
137
163
178
174
166
173
134
150
131
95
219
166
166
155
148
181
131
178
156
140
162
175
127
163
136
128
169
161
140
174
128
165
141
138
176
139
195
179
178
157
138
121
140
131
162
166
162
165
127
209
122
139
162
137
173
154
132
176
188
129
158
177
122
185
131
155
131
132
161
99
134
174
128
127
127
115
168
161
158
153
137
160
123
133
144
179
205
224
257
159
196
332
274
207
150
203
207
158
184
190
173
196
128
260
205
206
174
187
113
176
182
153
149
168
138
155
163
292
191
281
274
327
244
203
189
201
346
226
188
173
204
196
193
240
184
149
139
120
211
137
278
157
205
205
251
334
286
209
188
235
244
215
222
253
153
156
182
126
164
117
190
174
133
178
127
200
168
178
183
172
182
195
136
175
181
180
181
180
129
110
124
111
206
127
180
193
262
166
127
177
194
135
192
194
134
140
185
189
127
138
145
179
192
194
133
144
190
171
172
166
184
129
111
136
172
207
193
173
189
133
160
168
124
167
197
393
175
111
186
166
144
181
134
177
217
129
123
178
189
255
125
179
119
147
185
159
144
146
232
266
163
273
205
183
232
220
240
210
169
194
126
188
192
202
152
194
190
176
130
138
164
170
134
121
140
184
173
138
184
167
120
219
228
169
129
191
189
170
135
124
165
195
154
114
189
181
131
146
135
155
163
175
178
149
166
132
134
137
148
204
176
192
119
136
201
145
134
134
135
146
129
172
180
148
186
146
203
179
122
135
196
118
111
179
179
166
138
178
195
149
155
110
133
153
134
118
198
164
126
123
115
135
192
162
126
187
173
108
174
122
120
171
132
117
112
129
181
122
134
224
182
230
143
139
212
123
188
121
111
174
126
125
130
137
178
180
178
192
128
202
120
145
194
181
147
199
176
116
135
179
102
136
182
178
157
159
192
181
186
176
180
184
132
189
192
176
180
117
139
167
147
175
110
172
178
119
109
188
111
174
138
108
185
182
126
125
190
131
205
115
175
176
129
170
132
181
136
139
149
133
205
136
149
191
135
112
171
137
204
117
142
204
203
128
137
177
117
178
146
171
127
187
187
169
115
166
118
178
165
109
125
188
178
188
112
195
138
130
266
192
184
190
128
188
137
129
161
158
143
184
118
184
136
140
138
175
143
179
127
172
123
121
122
237
203
173
180
172
147
166
135
129
145
158
196
210
144
140
140
121
180
187
131
185
139
201
144
127
176
139
135
183
165
198
176
118
131
125
129
137
147
204
182
123
176
176
141
145
155
138
134
208
200
237
171
197
143
190
143
189
175
123
169
163
189
162
169
194
292
169
303
228
262
288
219
320
222
257
272
194
170
228
209
171
128
139
221
135
112
184
138
150
156
125
120
185
183
181
132
170
202
167
246
251
189
193
149
173
122
159
156
179
190
180
168
182
133
173
154
145
224
203
196
144
184
173
161
147
140
188
132
188
183
170
179
142
127
133
120
169
195
168
137
170
176
177
137
170
161
102
199
175
187
159
183
201
218
170
230
133
191
185
172
266
216
240
154
160
213
325
256
282
244
185
176
341
295
209
246
198
345
188
177
212
219
201
304
