167
163
222
227
173
166
157
163
145
166
154
171
153
209
235
162
161
174
227
147
243
169
157
229
238
217
158
164
142
153
155
160
215
224
170
242
151
152
163
221
205
161
165
145
149
133
227
151
176
164
164
173
164
155
168
167
153
149
150
208
142
142
165
149
136
148
147
225
152
158
152
209
153
145
156
210
158
160
220
203
148
164
219
218
152
145
145
145
198
144
148
201
204
144
160
210
144
158
140
147
205
153
188
204
191
143
145
206
147
142
200
205
146
144
143
130
141
141
155
148
139
157
139
197
182
168
145
157
142
153
163
174
151
158
166
165
154
153
156
172
224
142
163
206
168
150
157
172
150
176
160
176
161
149
172
163
179
158
178
176
160
161
163
160
195
154
159
172
170
150
155
153
160
171
182
156
163
169
180
209
167
177
164
218
190
165
172
204
225
218
181
226
323
1782
219
219
183
167
163
168
182
159
172
179
218
213
241
169
260
162
264
198
177
166
166
220
179
165
162
161
182
172
151
167
163
156
170
238
158
156
153
174
161
159
169
164
162
169
158
163
160
170
233
154
164
237
162
219
154
156
154
162
153
166
167
152
168
169
152
175
165
170
169
178
169
221
230
172
174
163
177
169
167
190
182
181
188
179
175
171
176
248
248
161
171
195
188
175
168
184
251
182
159
187
244
171
169
164
167
177
187
166
185
179
167
246
164
190
167
168
163
163
162
189
169
163
169
163
168
250
176
172
177
178
186
172
181
257
232
233
197
247
272
173
179
176
175
179
175
219
176
165
177
172
202
278
195
195
188
184
168
257
177
176
278
258
175
169
233
226
171
232
165
160
174
163
162
244
169
179
228
168
177
162
161
187
173
157
179
168
169
165
163
157
229
174
161
227
158
164
151
145
163
179
147
142
142
155
143
144
208
220
149
138
150
141
159
139
142
166
195
143
161
139
204
136
146
148
146
149
145
155
142
140
153
138
153
194
137
143
210
152
152
148
177
162
161
196
150
143
144
187
150
151
176
149
149
144
204
139
148
140
139
146
153
144
161
151
146
141
141
186
152
140
172
156
200
158
198
163
145
132
167
198
153
141
167
152
149
146
208
146
141
143
189
140
137
149
220
139
157
200
198
134
155
140
168
151
143
201
143
141
146
156
175
159
163
161
225
164
149
213
150
151
149
166
184
220
164
152
278
171
171
157
157
161
190
151
226
163
167
157
155
178
166
163
156
158
210
183
181
257
166
175
188
184
208
164
170
192
174
187
173
178
170
257
170
170
183
226
308
195
191
167
178
162
172
169
172
170
252
167
302
178
223
185
465
240
167
185
177
164
193
162
214
185
262
167
155
176
176
273
177
198
176
228
180
182
195
177
174
181
252
243
153
241
177
183
166
181
232
183
170
157
177
220
159
200
185
255
164
179
191
183
180
173
186
184
227
163
169
161
173
176
167
171
221
174
156
181
157
201
245
166
219
180
207
180
187
264
178
185
178
170
162
220
167
191
176
165
160
154
159
227
162
150
162
225
162
187
164
322
212
161
242
205
156
164
167
161
167
167
177
157
167
157
164
183
164
161
964
148
189
156
157
179
161
173
148
251
182
167
176
183
166
161
156
181
174
164
158
169
159
155
215
179
160
174
172
183
161
162
192
162
161
172
193
248
164
166
226
165
227
162
162
163
161
228
172
176
162
157
231
174
158
159
229
176
165
159
173
165
155
186
163
178
180
638
491
260
204
275
184
174
275
180
160
193
178
177
176
174
193
172
176
263
175
167
175
288
171
172
170
207
163
171
171
166
200
173
176
185
177
178
173
159
163
176
165
163
185
182
167
194
171
234
174
170
217
166
208
178
203
160
191
194
161
178
162
189
173
147
233
245
167
157
143
190
212
157
156
166
160
163
162
157
154
172
172
155
155
166
204
181
228
165
188
171
231
147
148
150
160
168
182
155
164
154
199
160
149
152
211
156
147
164
214
172
200
234
158
153
214
150
174
167
229
165
154
185
169
1616
171
146
168
163
158
159
173
180
146
166
150
206
221
170
164
218
163
160
169
168
155
156
150
179
145
199
153
150
149
170
150
165
162
189
177
238
161
161
221
174
184
158
162
150
155
183
165
154
161
166
152
154
215
176
165
155
149
168
222
181
163
193
174
161
192
236
172
169
176
166
168
176
236
161
169
235
177
176
222
180
164
243
173
168
161
233
161
164
168
237
170
176
168
239
183
174
173
167
189
187
172
178
174
166
177
205
169
179
174
164
198
210
163
168
172
184
187
247
