201
166
219
222
231
226
184
179
216
215
208
179
167
206
193
186
173
193
231
206
247
208
222
158
225
234
169
206
227
226
237
219
239
183
189
222
164
218
214
156
237
167
199
195
157
221
224
224
204
206
217
172
230
174
250
216
204
195
198
199
215
185
223
192
193
213
184
220
298
251
200
182
169
212
194
193
213
205
206
185
171
188
219
218
206
324
228
206
203
211
220
217
202
207
179
204
194
189
335
241
306
232
257
204
207
353
210
275
185
185
214
226
215
192
230
200
194
221
191
193
209
215
208
279
203
237
218
214
228
211
210
219
238
229
187
271
398
365
243
186
187
163
164
158
154
157
172
202
356
162
162
157
168
160
202
149
187
153
152
191
152
189
145
156
167
176
196
157
165
211
230
178
190
194
166
203
233
185
172
261
140
170
212
222
163
300
174
161
174
161
163
246
164
183
180
234
320
228
175
290
188
155
162
176
154
175
245
150
302
173
178
169
167
167
214
201
167
177
165
217
323
212
233
206
164
403
161
215
269
153
186
199
192
194
157
210
199
192
159
198
176
207
162
164
182
167
164
211
198
167
275
222
219
210
196
176
162
202
181
190
150
184
161
169
204
206
180
208
171
159
168
198
181
162
163
200
229
164
178
194
184
212
167
168
164
168
225
247
180
200
172
153
157
158
301
182
171
181
151
162
206
267
220
214
184
197
170
318
184
169
198
193
204
230
188
224
231
271
203
235
223
269
268
235
255
206
224
195
213
203
1630
271
253
234
202
244
200
235
352
339
208
261
228
234
260
382
188
236
187
211
224
225
222
211
218
205
200
231
204
210
231
209
231
363
178
232
217
221
201
202
225
218
220
209
233
225
237
206
202
226
221
222
302
219
268
345
224
204
210
228
208
227
220
201
205
207
250
211
220
206
314
220
245
280
205
212
214
275
244
242
280
248
227
201
303
368
219
227
229
220
190
233
216
218
213
215
203
207
220
217
214
222
189
192
225
258
212
189
176
224
197
224
207
201
215
192
189
187
191
166
236
232
216
242
187
170
206
212
187
195
205
203
271
225
188
214
334
264
246
189
260
220
186
183
193
205
219
194
305
329
225
312
250
175
197
202
221
243
199
224
168
185
182
200
214
182
232
178
221
196
190
203
209
186
183
191
199
189
3124
194
188
1039
201
176
173
160
193
200
177
192
185
188
178
210
180
199
180
182
200
198
313
204
219
258
271
208
204
195
184
211
181
187
214
201
197
181
203
187
183
205
206
191
183
184
165
185
203
277
233
209
231
178
238
342
200
220
169
184
175
188
185
229
189
205
185
201
208
179
160
204
212
204
220
188
178
182
201
182
188
198
187
239
181
203
179
186
199
171
182
152
192
193
192
194
167
182
184
197
180
175
177
194
189
204
219
188
156
172
176
197
178
195
183
204
230
190
196
180
199
189
172
187
196
201
180
183
184
199
191
253
196
189
193
199
188
232
176
193
185
193
188
175
223
212
160
186
188
181
223
233
178
191
177
185
210
187
186
188
176
189
214
192
200
236
200
184
207
212
213
197
243
184
187
194
194
205
295
369
320
287
231
317
315
216
179
164
171
175
166
179
163
175
195
198
166
164
195
173
165
181
176
165
165
157
176
196
186
195
186
205
178
162
173
262
167
175
165
165
169
162
176
182
183
214
208
183
170
180
198
163
225
165
166
172
186
175
236
202
167
159
194
169
178
173
164
182
164
197
170
206
167
164
190
170
192
169
182
194
147
187
170
170
167
210
181
173
168
168
210
165
167
165
212
166
167
160
168
199
175
183
205
179
196
169
202
225
1028
157
172
205
170
186
184
217
148
155
192
169
172
215
202
188
166
189
170
177
200
182
168
172
185
208
189
176
191
168
215
206
160
165
163
213
169
180
170
166
169
166
180
175
171
168
184
165
177
176
229
220
226
192
174
213
171
229
155
166
190
162
171
199
162
187
182
179
176
169
177
233
173
167
172
191
172
175
182
224
183
162
186
170
157
183
172
171
183
190
208
181
252
182
180
167
181
167
166
212
176
176
221
181
169
181
175
203
174
179
169
173
183
180
177
167
219
169
179
178
193
214
178
175
182
199
231
179
176
191
166
175
212
166
164
183
204
174
175
189
183
171
177
206
177
180
185
176
182
183
174
212
183
206
170
211
169
177
189
179
175
167
177
192
174
197
181
170
172
233
149
183
178
173
188
186
179
189
169
200
186
174
177
182
179
198
268
179
299
177
178
184
178
182
168
194
165
177
156
170
190
226
366
330
