177
212
194
217
214
186
221
234
190
183
177
189
168
236
189
207
204
195
203
177
212
190
216
205
187
212
224
194
193
219
187
189
211
181
194
180
257
199
193
217
201
189
198
164
203
192
176
192
197
226
201
192
196
275
209
186
254
190
194
244
181
233
194
190
193
195
198
188
189
212
200
183
288
223
200
196
224
231
230
239
194
201
216
221
190
196
204
211
202
203
204
236
204
187
213
167
177
203
199
226
204
185
213
198
197
206
196
226
212
206
205
221
192
202
194
209
227
279
205
242
250
227
220
216
250
239
253
254
246
247
213
258
228
262
223
222
231
350
218
213
200
244
217
223
263
234
213
215
231
228
232
215
227
208
245
201
238
233
264
249
214
226
244
205
214
207
240
215
234
233
256
206
235
204
214
207
249
234
315
202
208
217
278
251
233
209
213
297
218
221
284
228
194
201
207
247
230
219
241
209
221
220
203
225
203
206
283
205
205
219
231
210
205
250
208
220
241
211
259
203
208
206
212
236
210
205
249
233
222
200
214
292
203
207
198
220
208
193
214
189
205
206
229
200
191
196
227
268
218
194
218
200
206
254
256
188
226
189
204
191
207
285
221
204
171
192
216
240
197
199
252
189
219
210
210
196
198
196
205
198
204
201
242
203
197
228
202
189
219
215
203
235
185
270
193
204
205
219
193
208
248
208
204
208
197
220
192
195
257
210
202
206
248
192
201
185
256
264
194
248
219
198
249
197
206
239
190
205
256
267
202
204
195
205
210
212
211
210
257
194
196
204
237
217
188
215
205
244
200
997
204
247
205
192
246
186
189
230
191
194
199
194
204
211
153
199
195
231
211
264
235
193
203
211
271
225
189
206
194
214
196
240
205
196
207
312
200
196
192
215
200
201
199
201
188
234
200
169
209
188
207
217
191
196
231
212
196
212
219
195
185
239
198
198
200
195
184
227
187
199
192
230
201
205
269
179
206
244
193
203
193
225
192
198
220
189
189
205
237
200
196
247
190
207
232
199
228
223
209
235
197
200
187
227
203
228
208
192
211
245
180
207
230
184
244
186
223
193
196
200
192
204
216
190
249
195
190
196
258
202
201
249
206
191
207
264
214
195
217
212
207
249
205
234
266
205
222
212
195
211
216
194
258
242
197
206
220
227
222
229
242
197
264
215
217
214
191
208
209
201
213
276
213
210
201
210
202
209
203
258
206
199
249
205
224
189
199
207
213
246
260
273
206
227
209
252
319
273
205
262
200
199
243
207
192
214
259
191
202
241
208
232
218
260
207
200
208
200
223
194
212
207
214
209
195
220
207
217
211
201
192
256
203
222
203
207
200
212
271
196
220
202
222
181
183
169
204
224
200
225
242
202
188
186
201
198
180
193
310
261
205
191
210
196
224
170
250
215
216
186
200
214
283
224
181
201
177
204
226
213
184
172
203
246
224
200
179
205
190
208
200
202
184
165
195
232
194
177
205
235
245
258
226
236
171
222
193
189
207
190
234
188
178
208
222
227
210
197
205
326
207
177
210
196
225
203
229
206
196
195
198
242
222
177
197
211
194
199
174
166
174
214
195
209
176
195
297
223
168
180
238
244
196
193
201
228
162
201
247
251
192
157
183
193
191
162
189
241
174
224
205
194
188
258
248
232
189
197
236
234
188
191
238
196
176
225
232
187
180
235
198
157
195
164
218
216
206
159
225
247
178
211
213
230
217
222
206
161
220
195
196
210
160
218
195
204
205
203
196
239
206
204
229
218
201
203
192
201
179
253
191
216
166
172
231
207
171
194
235
188
183
204
214
180
203
189
212
166
238
178
204
282
196
237
204
172
240
208
209
214
203
219
241
219
196
196
256
193
202
207
216
189
194
292
222
205
313
181
192
186
276
209
218
201
204
270
243
202
198
184
193
178
182
253
203
197
244
192
190
257
212
206
280
284
193
215
193
194
195
231
209
205
196
236
200
185
191
217
254
228
184
212
268
216
196
234
199
184
245
233
185
201
209
179
192
184
198
185
215
201
189
202
202
249
197
182
189
187
176
258
185
192
190
190
177
245
195
221
188
202
182
214
196
202
191
216
208
201
188
196
201
250
197
213
196
197
213
194
180
218
207
201
259
340
201
195
192
192
203
210
186
217
377
234
210
250
249
251
208
189
174
176
193
224
192
253
202
204
216
204
214
321
262
239
227
148
230
207
214
212
254
192
181
251
196
209
216
206
192
232
221
199
199
223
152
204
214
236
182
201
215
196
220
209
146
206
175
203
230
190
