528
441
403
391
397
332
362
347
314
315
397
413
428
523
387
322
407
448
400
438
307
374
362
330
332
363
277
333
315
342
309
320
283
297
286
303
270
297
284
205
279
234
253
294
193
226
262
236
234
256
9974
227
231
277
261
261
256
269
250
230
238
232
276
224
214
186
203
147
208
142
195
157
193
184
171
127
139
148
142
147
153
155
133
137
147
156
150
126
141
120
170
154
151
115
131
113
135
122
109
143
113
152
108
126
121
158
155
137
145
142
223
211
145
143
110
147
157
130
153
124
141
168
139
159
157
128
139
140
128
155
146
124
149
154
223
133
113
130
118
165
151
152
134
131
138
139
132
140
150
124
144
150
118
153
131
168
119
137
152
125
161
149
120
136
146
148
132
146
155
152
144
152
134
149
139
153
159
131
140
125
141
130
142
129
138
173
142
161
142
112
152
161
144
148
118
168
124
133
137
151
130
152
146
146
141
137
155
116
141
144
118
163
135
150
145
169
138
114
137
121
150
162
144
153
159
143
156
148
148
159
153
153
152
165
164
144
153
145
154
123
139
129
143
151
167
131
144
121
115
137
146
130
154
118
151
144
153
123
155
131
150
138
156
149
137
130
114
142
150
122
141
128
118
121
146
163
147
132
160
141
167
126
130
145
131
117
135
128
139
149
150
139
121
152
125
167
143
131
127
118
133
142
151
146
144
165
117
158
148
132
158
119
122
126
136
153
135
157
139
139
120
149
156
143
135
129
142
152
146
154
150
144
262
138
134
141
123
130
115
142
121
147
137
127
109
142
142
118
122
137
152
151
153
154
126
145
147
132
143
118
143
143
135
153
153
155
112
142
125
130
126
131
135
124
124
117
151
155
149
140
150
134
148
141
116
141
136
150
146
132
141
149
132
110
120
137
119
152
151
167
129
139
156
151
115
137
135
146
153
119
144
132
149
141
132
150
121
150
122
140
133
143
150
117
115
146
144
135
154
153
199
171
163
153
156
151
145
121
158
171
175
163
196
200
172
180
204
210
177
194
202
212
207
186
154
179
133
123
186
152
202
194
198
207
205
231
173
230
206
158
210
209
195
214
194
221
200
204
221
182
287
186
220
134
189
158
145
131
156
123
129
146
158
143
164
130
135
142
126
146
155
151
155
168
160
145
165
177
168
139
156
175
180
153
168
192
165
157
163
144
125
148
125
161
149
156
190
187
205
176
199
186
178
173
143
152
132
136
150
158
195
154
154
159
133
131
159
159
142
126
146
122
147
157
141
136
140
150
165
126
146
151
162
155
141
136
128
135
132
167
157
142
139
126
126
115
144
122
152
129
157
151
146
128
138
145
138
120
146
117
148
132
149
147
127
130
125
122
142
109
143
160
155
152
166
176
184
169
160
166
172
152
126
147
121
155
143
140
122
133
143
128
174
151
146
171
142
150
113
169
142
126
152
149
124
132
143
136
150
120
149
126
119
145
102
147
148
123
134
126
120
135
149
168
128
153
137
135
133
146
123
138
129
137
141
143
151
124
123
145
160
121
115
129
117
143
151
134
140
137
161
129
169
142
143
139
125
164
141
157
135
151
153
141
145
154
121
139
128
150
140
142
142
125
152
135
136
151
127
158
158
161
140
137
152
124
149
151
153
121
133
142
145
133
144
135
159
140
149
133
146
125
129
130
145
162
138
139
139
177
175
147
156
155
165
148
151
142
105
169
121
150
135
141
152
137
135
136
131
132
143
136
119
127
124
134
147
181
122
156
133
141
139
153
146
158
123
145
148
152
144
134
123
136
170
176
154
145
135
142
117
132
140
156
150
152
154
137
126
139
161
147
136
147
137
131
146
133
164
138
149
140
130
132
138
149
141
138
138
147
151
137
127
166
141
157
142
134
112
119
149
159
153
122
151
140
139
119
153
160
155
116
134
155
116
157
101
159
175
156
144
124
132
130
153
156
114
137
121
154
145
146
156
139
144
139
123
147
140
148
151
123
145
155
165
155
153
140
170
145
141
115
164
110
137
142
149
139
113
147
157
152
146
114
153
120
146
157
119
153
136
157
149
156
123
128
132
146
128
141
112
103
128
112
123
135
147
112
146
132
123
141
119
177
121
178
206
140
165
121
144
125
152
700
147
122
138
149
144
135
126
138
137
148
141
154
147
151
170
118
149
144
136
129
152
125
131
115
164
168
129
160
133
156
155
156
147
161
122
135
142
111
145
152
172
163
125
151
135
124
154
155
153
133
163
171
182
155
146
171
168
146
200
173
165
155
175
158
181
174
