193
173
218
197
215
221
142
215
214
228
191
225
221
195
222
232
214
182
212
209
230
180
160
205
225
203
202
196
183
234
194
180
233
231
185
161
216
210
175
237
198
151
164
214
207
194
173
175
232
222
206
239
244
314
225
203
224
241
181
304
175
230
213
192
201
223
205
226
214
193
190
226
211
228
186
239
234
212
175
169
208
170
314
192
162
173
172
187
231
239
220
192
216
212
227
206
219
234
221
238
192
184
212
211
240
232
292
381
275
236
326
265
286
221
297
271
370
353
232
286
345
208
242
244
144
188
188
194
173
213
192
179
190
198
218
207
270
193
250
205
259
312
204
185
175
210
207
177
211
189
218
218
220
182
163
191
194
229
182
220
208
237
199
241
177
382
196
140
211
207
166
181
215
225
236
213
219
176
175
231
203
185
209
175
173
211
171
280
206
238
190
215
164
219
174
140
189
178
146
176
197
179
192
216
212
206
186
179
205
221
169
179
179
209
164
175
173
172
175
174
220
171
227
176
153
180
221
171
181
209
197
222
169
193
216
187
195
306
209
222
195
139
184
192
217
181
225
220
207
252
213
198
143
202
227
208
216
185
209
172
213
214
227
219
221
136
182
245
185
209
192
176
207
185
194
191
211
181
213
170
214
234
184
220
194
209
145
229
210
223
187
229
209
167
219
142
209
197
220
221
187
194
201
187
230
206
207
146
187
185
229
169
235
188
147
168
247
181
212
201
191
183
229
174
194
186
175
175
211
234
201
165
213
225
215
212
231
189
205
219
205
252
218
207
192
199
177
209
214
197
256
245
281
203
238
194
211
189
161
175
186
199
169
199
165
165
183
215
158
231
188
170
176
141
163
163
140
205
152
175
198
160
212
173
152
195
175
218
198
184
167
172
155
157
179
194
213
183
171
196
201
170
164
166
193
204
174
159
204
160
207
160
198
151
211
152
163
209
217
191
159
181
161
193
161
185
189
188
199
174
190
158
160
242
164
178
176
159
216
180
195
168
190
157
182
187
180
189
189
204
266
231
256
177
167
183
230
204
180
183
156
191
182
220
170
184
180
183
185
192
178
222
297
183
250
187
208
194
202
172
172
214
192
217
210
200
170
176
212
207
202
173
267
223
197
179
187
175
326
179
211
191
223
198
339
185
191
192
175
170
191
174
203
208
170
223
202
193
190
208
175
182
185
209
173
182
230
193
197
181
194
182
188
184
200
206
202
173
256
183
181
184
220
203
196
194
185
215
182
193
213
204
193
230
200
197
191
193
206
190
200
244
194
188
191
201
185
205
222
192
186
183
192
185
194
177
227
178
182
219
191
203
306
354
237
335
231
193
175
228
210
206
202
198
225
207
194
220
194
222
216
200
196
185
210
186
199
213
185
248
215
202
228
198
282
191
186
223
208
205
273
303
196
256
199
269
274
214
204
201
213
257
206
242
228
210
201
285
206
242
225
247
232
211
212
250
425
198
221
243
230
171
199
230
215
195
249
210
204
198
351
265
218
223
234
218
306
246
241
214
190
197
197
217
171
198
228
216
223
195
213
200
203
209
206
210
192
193
209
228
217
207
221
195
280
221
260
265
294
206
201
225
224
197
219
235
229
220
220
205
188
234
195
197
222
210
211
235
216
215
225
187
191
221
253
218
240
206
220
206
217
204
211
208
225
188
215
181
214
211
187
202
188
201
188
263
340
224
264
241
250
285
279
176
200
210
193
178
189
213
193
162
221
194
222
201
210
184
210
160
198
180
184
182
186
170
183
196
160
203
215
172
197
163
170
182
200
176
187
194
199
184
190
171
190
174
192
208
199
200
186
195
135
164
157
186
190
194
175
198
177
178
185
200
190
212
194
181
209
183
186
200
181
214
190
198
191
192
171
172
183
208
182
176
198
173
172
193
203
166
180
213
195
161
192
192
187
189
185
204
154
207
161
177
178
188
162
192
199
182
181
186
186
156
173
173
167
172
191
166
166
206
166
160
212
184
178
197
188
199
190
182
186
170
181
181
162
159
191
168
174
184
180
178
171
172
178
161
191
177
177
191
217
159
193
182
167
163
178
195
181
193
187
198
185
172
150
167
191
195
186
192
179
183
167
188
186
174
167
175
179
189
190
159
197
177
192
188
201
168
192
180
192
171
154
192
185
162
199
171
191
189
182
176
176
201
160
183
177
150
189
193
191
178
179
170
183
154
184
181
181
162
204
211
182
185
239
313
250
150
171
169
175
200
188
180
171
186
173
194
182
180
154
162
189
172
177
154
174
178
