118
151
135
136
138
132
124
156
122
147
124
149
123
184
159
149
114
150
139
128
116
153
150
145
148
139
166
192
211
158
141
172
169
202
176
121
162
156
182
184
110
154
116
129
106
129
128
156
158
152
138
140
123
128
105
124
123
122
125
171
117
165
153
122
138
121
149
117
134
154
125
117
141
116
166
146
125
156
118
122
125
128
149
147
125
120
116
155
161
163
155
139
123
124
123
122
126
116
166
115
142
134
130
123
134
114
145
122
145
139
152
141
116
127
123
103
137
162
123
146
125
127
136
135
142
135
150
156
123
121
172
142
124
123
155
125
156
138
148
128
121
126
143
145
170
127
145
121
101
105
169
110
172
145
101
168
119
152
135
170
117
151
133
132
139
157
132
125
146
134
113
160
118
144
175
138
134
134
151
169
140
180
158
144
107
154
155
130
171
145
139
161
138
163
129
149
134
157
129
125
138
116
116
129
166
150
143
131
107
150
153
121
125
132
136
146
135
156
141
133
145
127
127
140
132
162
141
167
157
146
128
140
132
118
124
129
139
128
116
148
144
144
149
166
143
134
139
138
152
101
130
105
141
141
136
167
119
116
155
153
140
123
143
123
117
137
111
134
133
159
180
139
104
144
155
99
158
142
157
130
112
148
145
154
107
142
174
149
141
168
174
122
135
126
144
122
117
163
165
123
174
140
161
148
135
113
159
96
114
140
157
161
167
117
105
141
95
153
161
146
130
108
148
141
101
144
150
124
154
143
151
134
132
113
112
139
139
136
128
105
129
125
169
145
142
139
131
145
143
147
109
164
131
164
159
144
169
149
150
119
172
151
171
131
152
139
157
147
116
140
150
125
128
153
128
144
127
101
148
132
142
116
114
138
117
153
158
127
160
157
161
155
141
147
115
117
122
149
137
162
163
144
153
143
142
140
157
146
147
137
122
146
118
145
149
177
157
147
117
152
139
132
127
146
153
149
147
177
150
167
173
123
268
119
133
146
129
117
166
162
150
122
173
175
161
123
117
145
162
157
136
155
139
114
153
146
141
140
140
144
137
144
140
164
157
138
130
139
126
162
151
133
137
101
116
150
149
105
153
150
129
156
137
135
115
137
153
140
159
126
114
146
105
150
141
122
149
172
130
219
239
139
106
140
118
120
136
114
146
144
152
145
161
134
171
123
155
166
150
115
149
117
121
139
147
147
135
127
142
136
143
141
155
137
165
130
125
132
139
105
133
157
147
135
112
147
148
136
128
135
163
104
144
138
115
140
160
150
157
108
122
146
117
159
135
114
151
217
121
130
124
115
146
130
114
138
146
145
163
154
145
122
170
108
156
126
147
145
137
148
141
150
172
158
132
131
123
137
116
141
144
150
116
132
140
131
122
158
118
156
139
149
121
135
126
113
142
134
107
123
160
201
158
119
141
113
148
153
151
145
102
106
129
163
125
140
132
98
111
129
153
141
153
108
108
150
138
177
142
159
142
141
116
133
146
149
112
153
116
150
130
150
131
147
115
134
123
161
109
147
140
116
143
163
153
178
115
106
150
161
146
101
157
139
163
115
133
135
137
132
133
102
148
132
119
147
143
149
117
136
127
137
154
125
115
106
132
120
122
145
160
134
122
119
155
135
112
146
133
129
117
127
148
166
143
150
193
192
943
188
143
167
249
161
181
191
120
168
175
107
167
151
147
160
141
153
128
107
150
109
113
161
109
139
111
147
139
218
165
170
155
131
143
163
136
143
115
121
121
143
133
123
106
154
149
148
121
139
164
145
154
160
107
142
142
170
167
159
124
138
156
142
128
166
147
148
128
117
135
142
132
130
124
162
122
137
159
141
151
123
123
142
163
155
139
158
158
160
146
145
138
174
154
144
167
125
156
129
125
168
161
177
166
186
112
146
141
160
120
135
147
129
143
145
141
146
125
137
133
133
125
177
193
154
214
233
210
276
219
241
295
214
285
259
298
293
288
291
226
244
260
278
234
262
212
220
169
257
193
217
212
233
156
224
148
126
117
156
159
177
148
163
165
173
140
122
126
170
144
161
163
128
149
120
162
174
159
106
148
154
164
153
170
145
186
171
121
149
145
143
178
122
128
155
166
155
120
172
168
156
131
122
164
166
112
162
158
141
161
142
174
153
156
144
141
155
157
148
162
150
138
153
121
126
158
138
182
139
141
126
141
171
149
172
125
126
173
154
156
157
150
129
120
161
128
177
183
177
142
163
161
121
163
130
124
120
150
155
145
145
164
131
122
178
146
154
142
161
122
122
