104
60
91
90
76
82
78
70
118
88
78
56
86
52
81
49
79
70
61
77
79
46
61
45
82
50
65
40
77
51
48
71
48
49
58
45
39
58
76
68
81
46
71
73
44
59
43
128
59
79
53
57
85
42
75
46
88
49
66
65
61
80
63
65
105
88
95
74
73
64
72
69
110
69
71
47
78
70
44
55
67
38
45
87
60
40
59
60
79
44
61
42
75
46
62
39
37
41
43
68
67
45
51
75
32
71
64
39
46
78
46
51
45
48
42
64
65
41
48
40
41
53
76
44
40
44
56
39
70
63
59
102
49
47
48
107
45
112
52
50
85
86
60
41
60
38
45
74
53
60
120
90
100
70
59
81
90
131
63
121
72
94
72
114
68
110
85
113
67
77
60
110
58
91
60
49
78
50
83
46
39
48
46
48
77
49
71
80
45
74
54
67
48
45
74
58
42
79
39
46
41
51
39
42
40
47
44
53
52
67
33
40
56
42
40
47
62
89
59
84
39
47
65
89
48
58
40
41
74
41
41
91
69
38
44
48
47
38
41
43
57
65
69
212
64
65
42
132
41
32
46
41
47
52
54
45
92
45
39
76
53
50
41
33
27
72
41
47
65
41
50
39
54
71
49
62
39
50
75
46
68
84
38
48
43
48
76
45
85
40
40
51
48
63
46
73
74
43
42
40
78
76
49
38
45
57
48
73
50
47
77
57
41
79
67
40
95
82
71
144
64
116
53
77
65
78
49
68
64
49
64
74
40
78
55
61
95
50
80
74
45
64
75
51
50
76
45
42
51
42
38
41
62
49
57
65
74
64
54
53
112
89
40
44
57
137
66
84
41
40
39
72
40
80
90
65
57
46
39
47
48
46
49
42
65
40
83
48
34
88
58
67
41
44
62
56
40
69
48
45
64
38
40
47
50
95
40
41
42
42
32
71
81
43
43
39
32
76
87
39
50
71
73
38
83
39
41
52
44
51
63
67
41
56
52
40
41
44
58
80
74
40
38
40
39
40
86
39
55
74
41
38
45
41
46
50
42
42
44
75
45
39
40
52
39
45
41
39
42
42
44
47
40
104
42
42
42
42
50
80
48
71
87
54
83
42
52
42
74
71
51
54
52
46
76
72
44
63
39
39
38
73
50
59
75
42
78
79
49
51
78
89
39
44
85
72
41
92
49
40
55
52
82
46
67
68
38
56
77
41
40
41
82
74
52
81
71
38
39
41
48
80
55
39
46
64
40
53
43
85
41
66
49
85
51
69
78
45
41
87
44
43
73
40
45
73
57
40
47
38
39
81
41
70
67
50
43
64
75
56
43
38
47
54
78
40
39
72
51
49
77
74
52
67
42
48
77
48
40
39
46
82
44
79
71
55
99
89
52
80
60
41
56
81
66
40
68
60
74
63
49
68
57
45
43
66
80
49
41
47
39
71
58
41
42
39
61
48
40
77
78
44
81
76
47
46
46
42
54
69
80
40
66
88
40
45
47
77
39
78
74
59
63
71
46
45
38
89
69
68
52
46
52
55
63
40
45
39
48
51
68
68
42
49
48
45
49
63
40
48
40
42
47
40
75
82
41
57
38
39
46
75
40
39
86
40
86
77
39
77
58
46
49
40
41
47
74
47
53
48
63
51
72
43
44
63
63
56
48
52
45
38
46
38
38
75
70
38
42
40
41
39
39
62
66
41
57
59
79
73
53
47
102
51
67
74
31
85
61
39
45
40
58
45
68
45
68
66
61
40
40
84
76
46
77
58
59
49
74
76
76
93
53
46
50
54
52
85
40
60
43
78
79
71
84
45
48
67
46
40
73
38
76
49
51
71
68
54
32
79
56
38
55
69
54
64
60
39
38
78
45
40
43
80
62
70
40
44
84
39
48
62
55
41
57
41
40
81
70
80
56
40
58
57
45
43
82
48
60
73
48
44
40
79
89
40
42
48
48
45
73
78
91
142
79
60
45
48
69
43
76
82
39
80
48
41
78
72
48
90
58
47
84
50
79
73
48
40
56
75
40
78
82
43
49
56
56
74
74
46
84
71
50
50
45
39
78
80
74
68
73
46
72
55
44
42
41
73
39
39
55
40
76
38
53
78
83
60
67
93
70
49
33
76
73
40
39
59
55
46
77
66
39
46
45
73
42
77
39
41
70
73
40
40
51
39
44
59
59
81
40
39
81
75
39
61
42
79
72
75
60
40
40
83
77
76
56
62
51
78
62
75
45
53
56
75
53
74
73
75
41
62
42
72
41
84
88
54
41
54
