43
83
65
93
79
40
40
41
41
68
42
60
73
48
57
83
47
60
52
49
90
50
41
74
51
81
48
50
65
52
49
53
76
74
90
48
42
41
51
44
52
43
51
42
52
68
80
41
42
50
50
41
43
41
41
58
71
55
50
60
48
57
52
73
43
61
54
43
70
64
53
52
44
96
53
41
59
40
55
477
41
41
73
44
46
43
55
51
42
62
52
41
47
42
49
43
41
83
43
70
67
84
46
52
73
42
41
53
59
83
49
44
63
58
44
54
44
52
93
42
41
102
83
64
393
59
50
58
54
71
59
88
57
49
49
49
57
47
73
91
90
54
47
53
56
50
78
56
59
60
57
83
45
91
48
45
82
45
47
84
44
45
35
52
43
44
49
44
49
75
50
61
75
51
53
103
88
79
82
48
49
82
58
61
141
43
46
115
50
56
50
124
121
45
81
41
67
36
66
44
45
50
48
47
50
47
57
52
48
53
44
62
44
53
47
52
69
50
94
51
52
46
44
84
45
45
66
44
54
43
45
93
46
49
93
55
65
43
45
51
60
82
62
53
52
61
46
45
69
50
158
49
59
45
55
46
46
44
47
45
47
87
52
45
56
52
46
88
54
44
45
49
46
70
47
44
47
47
43
52
47
49
58
47
49
44
51
51
61
44
46
45
49
99
46
58
85
46
53
80
65
50
56
82
44
51
49
76
43
42
46
44
50
76
59
48
44
44
65
60
48
41
49
83
41
49
42
48
86
52
44
35
44
72
43
44
42
72
59
41
49
41
42
54
51
48
55
81
41
52
51
41
83
47
41
77
42
78
42
41
72
40
44
61
39
42
41
49
43
62
99
65
50
42
40
47
43
78
49
67
52
72
41
50
41
40
85
41
41
49
51
74
58
49
48
64
75
44
44
50
58
93
57
72
53
48
48
40
39
48
41
55
75
39
73
40
47
49
40
43
39
79
58
49
48
53
54
41
40
81
48
41
49
49
83
46
49
49
43
48
42
39
50
42
75
41
40
40
41
70
42
60
52
49
67
41
53
40
49
69
41
81
51
47
46
50
40
52
42
68
76
46
76
47
53
50
43
80
39
48
46
85
72
49
41
47
44
48
41
50
43
48
40
43
52
44
72
48
47
68
47
82
42
49
52
67
69
45
42
49
59
64
51
46
45
52
39
46
39
59
41
40
55
47
57
42
46
43
39
47
72
49
40
72
41
78
198
38
71
53
58
57
47
74
77
42
41
46
83
39
52
46
41
69
45
39
44
50
52
49
52
41
57
58
87
42
50
41
70
47
47
42
51
48
42
75
48
59
57
52
47
40
67
40
46
53
57
43
56
81
39
50
40
55
58
41
51
41
50
79
85
47
51
42
45
51
49
77
41
77
42
52
39
46
59
40
50
65
50
43
42
48
55
47
47
49
43
50
45
47
39
50
77
42
42
65
40
53
55
51
70
71
39
39
49
43
59
41
42
64
90
44
39
43
40
54
80
64
53
42
50
43
46
42
41
47
47
43
47
73
72
44
54
40
50
82
60
57
48
56
84
51
49
39
76
69
52
48
60
46
39
53
46
55
54
59
41
77
49
46
47
55
40
41
57
54
77
46
53
40
41
46
53
71
41
42
52
49
42
49
48
61
69
48
49
53
63
46
75
52
50
56
40
71
82
54
41
90
68
48
70
47
56
61
40
41
41
49
51
48
69
44
41
51
78
55
40
41
76
85
55
50
76
57
47
48
40
81
42
47
62
44
42
49
71
55
49
50
45
83
58
48
49
40
40
62
42
47
42
42
50
40
41
67
42
41
53
81
54
45
45
41
33
83
46
38
54
54
41
46
43
40
42
52
77
47
53
60
44
69
49
50
49
48
73
61
48
43
51
83
42
61
48
45
73
58
44
51
41
70
41
50
63
60
61
59
44
49
61
82
42
41
43
52
79
44
45
57
43
41
52
66
64
86
43
47
50
83
46
55
39
43
47
78
63
47
41
61
73
47
41
50
51
80
46
43
55
52
72
43
50
52
40
41
40
42
76
84
53
41
72
67
60
39
78
82
42
47
73
44
41
74
70
47
47
43
65
62
46
48
57
76
49
42
49
51
71
44
52
51
43
71
63
58
46
59
37
50
44
112
178
58
102
57
62
39
51
40
81
66
40
40
74
66
79
40
49
47
39
39
52
73
38
42
45
52
69
56
61
39
49
48
48
41
70
38
59
56
46
94
42
39
84
37
42
45
49
52
44
50
50
40
39
44
49
42
114
49
44
42
