238
287
197
269
168
201
181
206
220
199
197
399
218
223
192
192
180
185
160
182
287
195
179
171
168
207
198
206
251
234
211
194
167
216
183
173
168
208
160
234
194
190
179
203
168
217
185
164
190
156
180
187
168
163
184
208
210
199
210
195
184
182
170
192
198
199
212
173
171
181
202
192
168
168
160
248
309
183
196
216
181
187
171
218
203
191
177
188
184
203
209
167
177
142
146
151
132
143
148
130
136
141
202
145
160
135
177
139
187
140
190
154
148
130
142
136
161
149
146
136
143
128
161
146
168
133
138
165
165
145
162
144
184
154
155
134
158
132
151
135
143
145
150
143
161
176
145
161
122
154
151
153
131
171
161
145
150
157
136
158
134
152
158
189
127
136
149
225
168
143
218
168
234
177
156
138
182
170
147
141
173
143
161
150
150
134
165
136
177
156
135
135
185
129
152
178
189
149
157
147
138
150
142
179
139
130
145
133
149
144
160
132
170
155
156
128
152
166
133
143
179
161
129
142
183
135
163
129
127
134
168
141
168
171
216
248
450
264
365
253
150
147
140
169
133
131
152
157
145
138
175
189
134
143
132
157
150
149
143
137
184
139
136
159
144
162
170
136
152
682
128
182
148
153
144
154
154
148
163
144
132
135
205
191
179
205
205
231
163
160
161
167
144
148
148
159
156
156
134
169
155
135
170
136
137
162
134
156
137
164
144
146
152
157
149
181
137
157
158
155
153
147
3774
164
144
155
135
181
140
164
161
156
162
184
172
133
161
198
156
199
181
159
141
173
139
158
149
150
167
168
151
146
130
152
131
175
137
140
169
152
146
157
140
173
170
168
215
140
166
164
164
130
153
143
167
145
157
178
134
155
166
158
152
156
129
157
131
129
152
135
154
132
138
143
163
134
153
132
153
152
156
142
142
158
171
169
144
144
155
149
159
167
155
185
168
166
139
148
147
161
157
153
172
146
153
180
162
146
166
149
152
139
196
159
159
139
148
127
130
133
129
170
151
154
153
138
151
131
187
172
147
130
154
151
151
158
141
158
162
144
149
179
162
132
139
176
170
193
169
142
146
173
161
152
156
135
162
480
147
152
149
151
169
171
154
169
170
148
134
184
161
140
177
151
153
137
162
155
152
136
158
160
149
150
155
149
134
161
145
153
147
154
171
146
141
161
152
171
152
175
146
174
144
181
159
132
170
159
187
168
176
160
138
141
134
129
158
177
152
167
154
131
133
150
153
149
151
185
147
140
197
186
163
129
155
186
153
132
193
145
214
201
214
199
303
294
283
245
279
280
372
330
285
298
277
204
207
227
266
260
261
229
201
236
228
182
200
177
165
208
209
207
170
164
222
248
159
239
248
285
234
215
163
159
207
211
211
208
170
173
203
161
193
229
168
203
208
212
195
167
179
215
198
216
200
195
182
189
239
271
380
173
158
197
190
173
179
257
313
197
255
205
167
181
257
252
213
171
196
216
188
310
308
219
170
191
204
199
204
295
145
202
218
215
190
180
212
174
192
224
214
178
166
180
222
171
206
200
166
153
157
208
223
194
176
180
188
215
232
204
215
181
196
178
216
182
172
161
220
186
277
245
274
229
179
327
234
210
199
202
202
187
241
178
198
182
168
179
161
175
178
197
205
187
168
173
199
174
186
204
223
173
190
152
211
208
192
192
220
180
182
158
159
212
188
171
195
171
152
204
201
173
210
184
206
232
157
167
190
202
172
332
180
168
188
195
165
204
162
179
170
199
172
190
208
177
233
176
177
167
232
198
197
175
203
170
177
196
221
194
214
161
235
151
162
168
195
164
169
193
188
172
197
175
195
183
187
194
206
187
193
173
196
236
220
201
505
180
200
228
178
202
160
179
226
186
157
193
256
264
254
218
225
172
209
210
175
250
206
170
197
164
186
181
236
292
387
321
266
263
349
364
372
271
253
203
191
208
163
212
222
226
191
170
163
208
241
191
195
179
180
169
203
179
179
201
207
214
185
210
179
180
227
201
171
217
188
173
164
252
208
191
193
172
193
198
206
248
156
162
185
230
178
168
225
169
171
184
214
202
198
225
173
220
165
176
173
216
170
177
178
184
173
217
198
212
273
329
225
190
202
184
177
212
190
239
273
168
235
207
162
197
183
287
197
197
184
220
201
181
172
206
157
172
193
227
208
188
158
173
217
311
208
163
166
183
264
222
211
180
182
172
197
174
225
174
186
207
217
246
191
177
191
207
172
184
192
197
206
209
245
222
269
247
220
165
218
152
226
286
