110
76
73
79
46
57
66
53
61
130
53
55
98
84
97
102
114
46
91
81
67
41
46
39
55
45
41
45
81
49
50
56
54
70
42
81
45
74
46
58
46
78
42
40
76
51
42
86
75
67
39
38
71
45
39
41
79
69
78
40
56
42
40
77
40
74
78
61
53
40
40
74
42
69
64
43
50
62
48
38
40
85
47
40
42
71
49
44
45
202
48
43
67
59
43
40
83
79
41
50
103
68
69
84
50
71
81
82
49
42
77
90
61
76
77
74
44
74
40
41
84
74
53
80
72
72
40
41
48
69
49
42
82
80
80
79
59
68
72
76
76
47
57
99
117
73
75
113
40
41
46
44
57
80
73
95
95
83
77
79
58
84
66
73
80
47
47
50
71
59
65
74
73
78
70
59
63
76
75
62
71
40
48
91
44
73
45
71
77
46
77
55
79
40
75
41
42
82
75
50
74
75
91
49
84
81
81
83
46
40
50
126
102
77
50
59
50
47
73
55
75
85
87
87
86
61
82
38
77
81
69
58
41
41
112
47
40
86
77
60
42
47
71
74
59
38
80
41
42
50
40
37
77
39
42
39
43
60
82
95
61
78
50
40
141
46
71
41
47
89
127
58
67
91
74
94
53
89
75
40
70
42
73
54
74
39
42
45
39
43
76
82
75
48
78
85
72
78
84
39
45
90
69
89
59
68
75
82
82
44
72
51
53
45
44
79
50
76
40
53
117
79
82
51
56
87
68
38
51
40
58
39
86
64
83
78
41
46
79
72
72
76
69
53
41
72
44
52
46
68
88
84
38
78
43
40
81
90
82
49
75
41
85
38
39
84
39
50
44
69
65
66
55
47
54
83
68
48
49
64
67
91
74
42
78
38
68
40
80
87
40
47
79
88
47
85
85
70
39
92
50
45
40
54
58
41
70
40
76
41
85
81
47
41
83
49
43
44
42
80
40
41
57
71
104
83
45
70
40
40
40
41
42
44
60
78
39
57
74
115
71
92
151
76
91
40
53
77
71
46
79
108
58
74
47
40
51
71
79
40
58
46
68
41
74
43
43
77
75
105
50
71
74
112
103
89
74
107
66
47
40
85
62
43
48
105
64
41
90
32
48
40
49
48
73
40
66
57
52
69
82
67
41
54
50
82
41
47
42
43
72
48
80
52
83
59
51
45
44
42
79
76
72
41
75
45
59
84
42
45
44
75
50
94
42
71
42
44
44
76
42
92
54
73
44
50
69
47
50
44
45
43
44
45
47
75
44
76
180
75
56
61
127
108
101
65
92
192
94
82
51
87
48
92
43
47
41
49
74
58
51
53
44
74
42
74
108
51
47
48
70
90
75
44
54
77
76
71
69
44
74
43
43
44
62
45
43
44
45
43
44
72
86
44
75
76
51
64
84
54
50
49
101
50
75
84
78
68
69
51
42
74
77
83
45
67
73
73
90
72
77
80
88
80
77
85
80
82
95
91
66
79
75
58
41
82
79
79
49
77
40
83
43
33
62
78
41
41
42
60
43
89
72
45
42
66
76
45
64
77
42
44
76
42
45
43
74
73
67
41
40
42
42
65
43
48
51
72
74
44
44
48
41
50
58
54
44
72
77
78
50
40
74
52
48
48
49
85
50
79
47
40
49
70
80
62
42
47
43
49
44
33
70
44
42
51
42
75
42
39
64
50
43
44
69
72
41
42
41
82
45
73
41
56
76
43
84
42
42
49
44
40
40
79
81
50
43
59
54
75
68
63
42
43
49
69
68
49
45
50
51
41
41
80
75
43
78
87
42
42
84
43
48
40
83
69
57
43
69
48
52
86
42
71
46
53
71
41
43
80
46
40
41
42
45
50
73
66
67
41
48
78
51
42
52
44
42
81
78
70
42
41
59
42
49
77
67
66
79
73
60
102
56
39
40
39
82
65
41
39
84
42
80
74
52
56
84
46
89
47
45
42
51
78
44
68
89
53
90
70
71
48
52
51
34
44
41
84
51
75
44
47
74
44
71
40
42
47
40
48
44
67
82
85
47
47
40
69
40
42
59
83
58
79
42
70
56
47
45
49
77
47
39
51
76
41
84
51
83
50
38
47
67
48
47
63
60
44
49
83
78
48
48
46
65
40
64
76
42
50
105
52
74
40
73
41
42
82
40
46
78
43
75
39
77
50
78
49
57
48
70
68
76
79
44
41
40
77
55
48
66
43
77
75
79
79
42
48
55
43
58
80
48
81
49
42
53
81
64
67
43
40
42
40
41
41
39
48
90
47
