153
157
169
152
220
169
159
236
162
154
158
228
152
150
150
145
147
231
155
154
152
149
143
148
155
182
215
173
157
163
146
170
164
168
213
155
175
145
149
212
228
151
165
223
168
151
216
156
167
212
221
163
148
228
240
150
147
152
157
139
215
154
156
155
139
152
155
165
218
148
167
178
168
155
169
218
158
148
159
153
165
157
152
177
150
164
150
160
217
172
171
161
157
164
155
175
162
161
191
164
152
151
156
174
178
158
165
165
163
156
162
167
163
154
152
243
221
163
150
164
164
147
152
142
155
161
159
156
160
317
151
184
171
173
174
168
165
165
161
177
172
169
184
171
167
169
182
166
164
220
166
186
159
234
173
159
159
194
180
161
230
162
177
162
228
155
166
222
159
160
178
226
179
175
214
162
163
179
190
150
238
163
166
156
159
165
159
165
247
180
249
162
176
163
175
168
174
221
157
158
178
158
159
188
230
169
147
229
173
163
170
159
175
177
232
178
172
152
209
164
220
228
165
158
229
171
161
206
224
158
164
162
218
204
163
165
224
170
158
216
232
164
155
153
157
160
302
160
163
150
148
172
165
165
168
159
159
154
149
200
164
163
165
148
165
147
146
156
147
161
153
233
143
147
150
157
228
200
148
157
208
150
149
153
212
145
160
209
162
150
140
159
160
146
174
202
145
142
210
144
147
218
149
153
202
208
147
160
175
144
144
154
143
200
149
155
214
148
160
164
216
148
145
224
148
150
178
206
148
210
197
149
214
149
147
210
154
202
143
146
152
161
156
163
154
155
169
145
139
143
143
204
151
209
221
144
159
206
149
159
211
162
160
192
135
147
206
202
137
125
155
143
160
151
126
135
194
149
146
157
135
148
158
142
146
155
139
142
161
153
204
155
156
138
211
150
140
145
196
146
159
143
162
152
148
151
143
216
207
139
145
141
142
156
152
216
210
141
165
146
139
148
156
201
204
145
151
210
150
146
183
192
142
142
206
157
141
188
135
142
201
145
133
133
138
177
201
156
162
139
163
145
203
136
138
190
136
134
208
154
166
202
219
147
135
146
142
198
195
144
158
157
136
151
150
214
142
135
206
138
137
145
147
146
156
139
162
150
147
143
158
218
141
143
199
151
143
145
199
141
156
200
153
146
160
198
143
157
205
210
148
148
202
145
145
201
154
144
168
204
146
158
165
157
141
168
203
144
142
207
176
153
153
175
149
186
198
135
138
146
162
154
139
157
200
153
138
141
162
150
149
146
145
201
144
144
202
143
151
143
138
159
209
208
144
162
142
165
156
151
150
145
196
135
147
157
203
156
146
157
149
152
150
148
156
191
146
148
154
153
188
155
158
153
173
154
196
145
135
157
150
159
166
248
238
146
173
158
154
147
157
146
147
146
168
168
146
137
153
150
142
151
141
146
214
148
160
223
164
138
234
147
158
221
223
197
214
217
206
209
210
211
212
209
210
234
166
154
219
139
151
228
218
142
144
145
215
145
148
150
202
205
166
167
146
153
215
143
144
206
145
142
214
150
150
215
139
129
146
148
154
168
152
157
148
189
147
154
141
145
151
167
138
148
152
152
166
166
152
221
174
152
166
152
145
160
155
162
157
161
164
234
234
236
173
242
226
156
241
228
232
218
172
169
176
205
157
168
217
214
144
168
226
147
159
150
151
212
222
145
142
221
152
161
151
165
146
145
149
161
143
202
143
161
158
144
163
151
194
160
154
145
200
145
151
214
148
159
153
159
149
152
154
160
156
167
164
169
160
157
164
153
167
153
149
152
168
149
164
160
165
148
163
151
221
153
149
153
152
151
156
157
141
148
152
171
163
151
153
153
150
154
154
168
155
166
151
155
149
185
168
168
149
148
145
152
185
212
170
157
168
171
133
144
132
149
208
135
153
149
196
155
149
198
141
142
199
129
147
151
132
157
147
154
132
209
146
137
201
147
138
137
139
142
136
142
138
140
139
152
149
135
201
160
147
144
158
141
143
175
195
136
149
157
153
140
141
137
137
214
142
162
138
140
137
216
162
148
165
163
152
145
158
200
156
142
150
261
150
166
145
157
165
140
152
184
179
165
154
149
149
152
162
153
152
648
229
169
165
136
182
205
175
158
142
145
156
146
150
215
139
166
147
154
165
207
154
153
151
154
172
159
179
158
150
165
156
173
145
157
215
168
197
156
163
157
161
153
213
172
183
167
165
232
170
162
163
163
145
152
143
164
156
221
214
154
165
172
147
166
155
152
157
173
221
208
157
153
217
194
