210
203
184
192
180
198
202
226
209
213
229
220
188
180
197
182
224
179
229
221
180
251
243
194
235
208
227
196
196
188
191
199
217
197
188
186
190
189
230
200
197
216
204
208
259
211
190
189
235
201
181
221
192
221
189
198
191
184
206
189
220
200
213
223
207
207
225
241
182
213
290
228
192
221
215
194
206
222
207
265
252
192
216
249
213
230
225
236
202
211
222
219
217
198
229
197
202
221
197
234
197
218
258
222
256
228
189
221
236
212
206
224
196
213
267
215
274
225
195
233
243
206
217
218
192
224
226
189
195
194
393
197
276
241
206
184
252
196
199
201
239
219
210
275
208
212
214
234
212
293
224
223
247
261
254
205
198
246
236
259
283
232
248
242
251
262
231
219
269
267
267
223
240
263
243
249
246
229
307
270
220
258
236
252
239
207
194
190
274
260
214
245
173
189
184
188
264
194
245
188
181
181
212
190
205
168
188
236
223
179
227
256
346
332
245
346
200
201
180
283
229
188
162
187
168
200
167
213
174
174
168
180
175
209
171
174
182
183
170
185
203
181
211
189
190
179
169
178
199
172
166
224
189
172
171
206
171
204
170
160
167
214
170
217
225
162
174
177
171
206
208
175
211
164
177
279
251
175
181
228
213
204
173
173
206
190
213
267
193
178
204
346
200
177
203
177
178
219
213
200
165
171
170
211
170
168
277
193
216
288
180
329
170
161
338
203
168
193
285
235
174
167
329
154
168
164
217
175
169
211
162
224
214
191
251
221
170
214
222
175
167
181
181
217
209
173
222
235
181
215
219
219
164
158
224
210
195
236
168
179
214
180
217
211
177
169
196
168
347
178
168
179
216
175
164
230
183
174
201
174
197
208
197
211
201
235
201
171
170
334
223
281
257
220
207
171
158
208
168
173
161
179
283
191
255
257
264
177
236
192
195
177
205
195
163
179
213
206
277
408
334
250
228
192
232
238
309
271
204
172
205
178
187
181
209
172
176
174
175
212
179
180
228
263
178
167
200
180
205
191
199
236
195
177
234
240
427
214
239
308
310
358
171
296
223
163
268
179
180
193
233
354
171
221
235
258
236
247
242
231
244
203
169
247
172
172
179
174
207
219
172
182
211
205
174
223
185
181
163
220
174
182
171
191
227
225
180
216
249
175
227
230
178
235
216
187
171
208
172
194
215
181
183
215
198
187
184
202
171
220
186
205
176
210
168
235
234
168
203
183
169
184
168
181
192
264
326
163
176
287
232
411
262
244
272
168
241
198
166
169
225
161
164
237
218
281
334
333
423
305
340
340
250
351
215
243
166
239
162
188
218
155
167
221
219
164
186
208
164
171
163
232
163
235
176
146
214
237
158
177
177
179
225
218
167
216
186
220
156
159
167
197
164
160
161
178
234
164
166
166
165
163
175
171
167
232
180
161
225
165
157
215
220
170
165
157
158
207
238
155
162
172
172
171
220
232
219
171
148
158
239
166
161
150
190
169
238
172
180
234
151
211
183
220
174
216
173
194
203
208
178
177
197
198
180
219
158
201
202
215
207
199
182
165
169
193
182
197
240
197
196
187
176
190
195
203
181
194
182
175
180
227
175
209
187
218
182
202
182
183
192
171
191
196
184
181
186
193
191
198
205
183
186
223
188
196
195
179
188
204
191
192
219
188
153
173
163
226
194
224
175
167
198
189
172
157
209
201
193
240
220
206
178
196
210
189
181
180
187
189
236
222
192
192
188
192
175
191
206
218
180
203
192
199
193
208
206
193
196
168
223
203
196
197
202
199
204
181
201
178
216
220
192
186
205
178
207
189
173
193
184
214
191
192
208
186
174
196
205
224
171
180
200
185
190
184
240
208
180
184
197
212
197
188
183
192
200
186
169
211
200
219
204
180
193
202
194
183
242
220
191
201
198
186
182
201
207
189
238
195
188
178
212
196
191
189
243
206
213
161
190
246
220
200
236
199
192
201
193
192
216
225
195
201
187
189
190
214
196
206
191
171
179
213
195
190
180
192
196
210
214
193
188
192
182
190
211
203
184
182
176
196
211
201
206
193
194
191
202
195
188
187
211
196
179
174
180
159
189
202
179
176
191
204
190
214
190
211
224
194
208
200
206
194
220
172
196
186
160
166
196
167
207
171
174
178
175
228
227
167
218
200
174
163
172
213
159
201
171
172
198
214
159
157
178
167
171
170
161
182
165
169
183
172
176
170
225
171
177
155
205
175
167
237
154
178
183
219
168
175
203
178
197
163
161
212
237
192
163
220
