52
46
42
82
117
103
40
38
39
72
71
88
42
55
39
83
84
43
68
40
39
40
42
40
50
51
39
47
56
88
60
56
73
42
41
57
90
52
95
61
83
53
83
46
55
77
57
90
41
83
45
44
78
68
83
39
37
41
53
88
42
39
41
41
58
66
50
39
83
39
76
43
38
48
79
81
40
39
38
60
47
62
49
77
85
64
49
72
41
46
44
47
76
40
77
41
77
68
55
84
53
79
119
82
52
39
42
46
41
51
45
53
57
61
75
54
39
61
46
40
53
43
39
74
69
38
47
52
44
44
57
39
43
75
55
46
55
65
46
85
86
68
49
74
43
68
45
42
40
41
79
40
74
43
81
39
51
40
39
63
81
39
78
39
67
40
39
41
41
76
48
45
46
61
73
42
42
43
71
49
70
51
52
38
73
39
57
41
56
58
54
59
48
74
45
74
42
50
44
52
45
43
58
42
45
45
65
68
70
42
73
87
46
41
57
43
84
59
42
46
40
73
46
78
45
42
44
40
74
40
83
41
67
45
47
66
40
70
40
72
48
42
48
81
56
53
79
45
83
53
66
38
55
59
61
51
39
51
40
59
46
40
47
43
59
75
54
75
38
38
46
44
88
45
62
48
69
45
41
44
46
91
55
88
41
41
82
51
43
87
41
41
86
56
67
50
40
68
46
54
51
46
43
47
71
40
73
59
41
39
46
83
31
55
58
40
40
48
100
83
51
43
40
87
46
47
66
43
57
70
60
87
52
72
39
55
46
54
45
42
55
126
41
44
43
85
66
43
58
48
49
53
47
51
42
54
47
88
43
48
44
53
79
105
53
51
87
84
48
79
52
47
59
81
92
44
43
51
36
49
88
47
43
55
51
44
49
64
75
47
90
36
51
42
80
51
47
46
48
44
114
61
77
83
44
61
74
58
75
55
52
53
78
50
61
47
44
51
91
52
44
50
51
56
102
142
80
81
43
43
44
45
78
50
44
45
46
53
66
44
54
50
54
52
43
59
52
42
47
43
44
50
53
54
51
66
79
54
44
60
49
70
74
44
42
41
43
45
45
50
42
47
64
52
76
50
87
52
43
86
43
54
53
85
52
54
48
85
50
41
43
42
81
51
50
50
44
47
49
53
43
71
51
41
48
68
60
43
50
50
82
43
77
42
67
40
40
47
77
42
48
67
74
60
44
51
40
67
45
48
42
65
71
48
40
74
42
41
48
64
50
78
54
39
39
39
69
68
66
50
80
40
47
51
42
39
43
40
65
47
47
43
81
42
40
85
46
46
46
78
47
41
65
42
79
50
70
43
63
52
56
43
50
72
41
49
46
86
49
41
79
42
68
47
47
47
75
50
47
53
53
80
57
78
41
46
46
83
58
42
42
44
49
50
41
49
41
78
52
85
71
40
39
53
81
43
48
74
40
75
47
40
69
48
70
63
45
89
41
42
40
64
41
45
83
33
42
47
41
68
39
81
48
76
41
53
48
49
47
79
86
42
50
50
59
42
47
84
57
41
47
48
39
52
42
43
41
47
51
45
47
50
46
50
76
51
62
67
89
41
60
67
76
42
46
47
45
63
39
51
49
55
77
40
73
43
83
42
62
51
49
72
47
49
43
56
43
41
86
40
44
48
58
86
49
48
39
58
40
50
72
49
77
43
77
51
53
46
72
41
77
91
52
41
39
41
41
49
60
60
40
71
40
68
43
49
47
76
47
39
46
71
51
39
45
50
78
40
40
51
46
40
39
40
41
81
51
48
47
54
52
39
59
46
49
42
52
42
59
56
48
93
40
76
43
42
59
40
78
47
41
42
44
41
52
54
42
82
41
58
41
51
45
44
46
42
48
48
49
44
52
41
42
51
42
41
41
48
43
78
42
57
41
43
69
43
51
52
50
48
50
49
42
41
44
52
42
44
41
41
50
40
71
45
53
52
82
48
50
44
41
40
46
57
42
52
51
41
42
50
52
76
66
48
50
41
51
77
49
65
44
43
52
41
43
41
48
52
44
49
43
47
44
56
44
55
42
80
42
42
71
42
82
43
41
44
72
40
40
85
80
49
50
52
78
41
45
42
43
43
47
42
43
44
43
60
92
53
46
50
44
59
41
58
43
84
50
51
61
77
62
57
54
82
54
63
44
46
41
92
89
50
81
45
77
48
78
78
62
49
59
66
47
76
59
90
46
89
44
50
62
55
49
56
55
66
70
40
47
44
94
41
50
57
76
43
75
83
85
79
51
40
52
41
90
47
70
43
67
41
