442
284
116
153
131
170
134
134
167
152
133
176
145
131
166
175
166
193
132
219
202
226
252
227
205
189
192
149
168
119
163
130
125
120
168
184
165
167
127
184
123
133
187
188
118
181
175
125
142
166
122
171
189
134
151
277
142
134
145
124
171
174
130
251
141
112
184
180
136
168
139
123
184
176
134
170
124
118
167
113
191
176
181
134
182
133
127
178
168
137
172
107
186
175
119
127
190
123
186
202
128
128
131
177
169
135
184
166
131
127
156
304
146
186
136
190
185
165
146
132
140
157
138
126
134
127
127
115
202
177
134
132
172
140
184
169
155
132
178
116
192
129
136
191
148
115
143
186
116
136
195
175
137
181
121
123
127
118
163
139
124
147
145
115
167
175
171
171
125
173
192
130
185
127
120
102
191
112
135
111
124
118
164
189
127
175
104
132
175
136
197
1056
195
136
135
166
164
127
182
127
213
128
135
133
173
133
182
165
147
135
188
135
181
196
184
129
163
110
162
173
185
120
187
119
140
147
169
131
172
133
119
150
200
177
180
137
118
126
167
160
126
121
153
126
156
121
127
129
171
178
161
125
156
136
169
163
166
139
153
121
181
291
172
196
179
127
186
178
393
185
126
122
179
120
154
114
118
129
147
171
177
110
170
116
120
133
194
173
149
124
184
168
163
172
207
121
205
178
135
154
170
110
189
187
142
162
109
161
137
170
136
167
137
161
190
157
125
135
130
126
169
112
124
152
168
121
172
133
133
155
140
142
175
179
134
151
125
115
182
132
118
180
179
149
159
123
109
125
197
150
177
127
154
164
187
214
241
193
151
174
133
165
128
237
196
187
159
112
179
133
173
141
164
132
158
173
170
172
177
122
189
180
178
175
186
139
117
135
166
142
132
131
201
130
134
180
131
128
129
133
197
191
184
152
190
124
212
191
189
142
191
148
281
191
173
196
123
114
184
238
138
150
134
108
193
199
137
144
123
193
187
191
176
197
123
124
165
130
142
158
133
124
222
199
204
195
126
192
141
184
126
185
127
141
170
189
131
142
206
124
127
196
192
147
141
254
123
133
192
199
144
189
210
209
225
192
199
169
183
156
202
193
184
240
194
200
144
152
144
163
195
176
151
186
118
196
136
148
167
137
201
197
184
163
149
199
191
132
190
183
176
138
116
136
138
143
200
229
129
180
202
140
149
138
135
190
185
144
188
220
166
187
186
213
268
233
228
206
257
287
272
219
167
194
186
247
202
209
177
187
186
162
305
201
187
188
224
225
254
179
215
169
130
141
123
201
134
255
140
201
145
195
174
209
260
316
255
309
346
195
226
150
200
260
362
253
149
181
119
195
181
137
193
200
153
129
290
177
230
201
175
185
117
179
126
144
183
142
129
149
185
133
185
183
143
190
192
128
171
193
131
207
172
146
191
189
132
128
139
138
139
195
222
185
172
187
128
129
145
237
290
336
292
313
306
175
223
282
320
247
318
275
275
225
348
211
205
146
141
196
133
168
142
138
222
175
174
144
200
207
201
187
159
131
199
146
201
156
195
190
133
187
213
137
191
182
190
184
142
193
123
177
206
171
115
127
139
131
183
199
182
136
118
145
236
184
124
129
140
127
222
299
249
206
189
222
240
300
136
204
176
274
145
191
222
207
181
173
208
213
245
192
154
190
250
175
128
196
136
210
196
188
137
190
145
205
130
189
123
186
141
147
156
195
153
131
194
151
199
203
188
145
191
203
187
174
130
189
135
120
124
188
131
197
185
195
143
185
106
131
150
196
144
211
143
202
215
157
228
314
200
346
243
174
319
271
251
184
272
201
139
186
143
203
215
237
133
144
120
163
134
209
130
139
197
180
133
185
131
213
187
141
143
109
122
177
122
136
129
116
116
124
186
168
197
141
132
142
193
132
125
134
139
167
171
160
158
119
148
178
140
175
147
139
114
135
173
137
158
141
124
129
179
149
149
110
128
130
167
139
173
178
129
140
140
184
167
174
139
160
162
150
136
137
140
142
107
171
174
178
130
125
121
175
179
169
178
166
397
148
115
176
168
169
138
172
219
131
183
189
187
172
215
142
149
183
183
183
182
186
189
136
182
150
186
205
166
217
225
216
168
123
155
186
174
144
151
175
169
139
174
132
129
145
189
123
166
199
128
139
165
153
142
130
128
203
181
145
187
131
167
138
152
148
128
122
163
163
130
129
138
177
176
165
141
298
150
121
151
170
134
142
175
141
170
180
149
142
208
184
262
129
145
155
238
182
297
247
180
425
