306
352
359
362
312
370
278
199
200
171
217
207
208
207
168
216
202
164
199
161
201
217
178
209
167
216
205
198
167
164
204
222
229
171
171
214
202
205
171
225
218
208
218
202
231
232
245
216
205
193
248
311
221
251
206
179
271
292
210
204
227
215
194
162
189
277
291
226
213
228
272
197
198
187
208
160
158
184
168
207
194
157
223
213
212
243
203
242
363
325
322
410
385
349
246
219
193
208
186
169
214
180
197
168
201
190
168
189
168
210
195
194
195
190
192
162
189
178
203
183
184
213
289
175
167
169
202
184
153
176
148
184
187
202
173
258
170
162
202
168
162
216
165
203
181
167
219
177
206
176
178
197
205
207
165
242
295
194
182
156
284
203
206
164
204
186
173
279
188
202
225
203
181
171
191
188
173
155
183
167
220
162
165
172
164
159
169
179
208
208
198
206
179
178
160
223
199
166
208
195
229
188
187
210
202
186
218
158
199
185
159
197
167
213
181
207
161
163
192
184
202
204
194
173
210
198
182
167
214
212
168
181
191
172
189
204
179
195
154
197
170
202
207
192
170
170
157
218
204
184
197
213
292
229
167
169
214
180
179
211
169
167
166
176
211
180
181
247
229
211
206
163
207
184
158
181
162
179
195
176
169
187
158
218
193
180
194
175
204
208
201
159
210
205
184
202
172
179
168
169
202
171
183
189
206
175
174
162
252
174
208
180
167
211
206
208
246
209
190
213
319
186
188
192
206
192
235
204
200
205
224
208
191
186
171
211
177
157
183
312
168
157
190
200
170
217
189
186
162
160
207
216
187
249
169
165
165
177
198
180
203
213
181
213
180
193
202
182
195
167
190
200
166
183
165
198
211
200
203
223
234
270
243
185
210
265
168
235
236
272
279
239
240
160
216
215
191
199
168
224
145
149
161
219
193
192
195
155
166
217
178
170
194
160
215
192
199
157
174
158
231
228
190
220
232
220
194
165
219
192
241
238
196
221
225
258
282
399
370
359
322
290
182
253
211
211
178
194
192
185
212
233
235
303
369
255
246
212
223
221
204
188
221
196
170
188
174
201
205
166
223
199
216
188
225
224
191
205
199
200
200
182
194
234
238
254
273
323
262
289
318
292
279
361
298
194
268
246
215
226
201
183
211
268
340
401
482
285
228
254
367
335
277
240
291
779
294
258
212
198
179
208
186
232
195
212
257
232
196
217
224
198
201
321
211
202
213
191
215
211
181
210
274
271
282
335
290
434
338
367
261
302
211
214
218
206
218
183
192
183
204
308
204
248
318
319
361
284
212
225
213
226
218
225
219
179
167
183
234
223
248
207
215
186
288
202
203
263
283
286
331
246
313
379
850
264
339
274
218
213
196
214
223
192
190
199
231
207
217
197
176
216
226
209
197
202
203
218
204
208
225
210
223
193
192
189
786
191
204
222
217
184
232
190
187
209
189
213
199
191
261
196
191
217
211
211
248
198
214
191
216
204
191
185
240
219
216
192
194
333
193
221
221
192
182
205
192
216
299
250
259
293
176
198
215
227
244
160
219
264
222
183
204
246
212
213
183
204
184
183
216
201
207
212
204
220
228
301
205
231
230
201
172
201
256
197
193
216
181
181
208
265
223
188
207
301
221
199
231
315
216
215
184
206
195
183
211
202
208
167
206
214
218
192
186
170
205
189
217
189
189
214
212
219
215
197
224
213
175
260
201
238
271
225
246
315
254
199
208
209
211
174
201
191
196
216
192
184
187
219
236
190
187
210
218
209
179
158
184
195
212
206
192
153
140
183
161
157
158
154
177
170
156
160
235
185
152
164
166
145
177
157
156
184
157
182
154
163
271
158
144
154
174
173
165
178
149
168
148
159
187
158
193
155
160
182
159
162
190
291
197
138
165
177
147
155
183
182
185
174
176
161
213
163
150
147
191
198
168
186
149
154
155
152
181
150
187
149
152
168
153
144
174
155
188
179
178
185
148
135
162
188
151
194
164
151
149
155
198
154
188
149
150
152
155
189
150
198
163
157
181
136
187
153
155
174
153
178
177
153
185
160
198
184
163
187
151
144
155
143
184
154
171
151
172
180
151
182
183
175
182
166
138
150
144
145
148
157
147
184
148
181
155
149
154
158
164
152
178
172
148
191
164
185
152
145
181
182
175
184
171
147
157
187
155
194
166
146
189
150
217
151
147
143
164
190
141
184
158
142
153
168
223
157
184
149
160
187
199
183
177
193
142
174
153
185
190
187
188
154
149
192
151
151
150
148
197
184
194
151
