151
151
197
204
146
127
196
141
149
139
170
202
198
143
172
147
191
148
194
143
219
209
206
157
157
143
202
153
212
143
169
167
215
149
200
156
208
142
143
145
153
216
297
141
206
227
205
150
136
143
140
195
137
191
156
190
194
140
164
211
141
203
155
145
125
223
141
198
206
218
156
158
230
153
197
157
191
218
158
141
155
151
156
143
171
208
154
165
151
159
203
154
157
161
214
193
239
285
213
263
219
159
159
209
221
215
140
149
152
187
144
155
147
153
150
152
306
240
166
190
163
210
161
204
221
214
155
226
206
168
169
231
202
221
159
165
224
235
148
149
193
137
171
205
154
166
146
215
212
164
219
183
187
151
189
163
150
208
161
196
195
143
145
202
157
210
166
207
148
156
145
146
215
157
142
197
206
198
159
189
273
193
161
204
204
195
154
211
199
164
148
405
147
147
228
154
171
158
167
291
175
276
392
162
157
176
344
162
241
213
180
222
228
174
237
160
243
257
159
258
262
158
176
236
232
166
172
229
231
186
282
252
148
162
161
221
190
248
179
230
178
171
240
175
243
188
180
199
196
179
176
171
149
237
168
160
172
210
259
241
219
187
172
169
172
165
170
228
197
262
281
174
253
258
291
223
212
220
230
185
175
244
174
184
168
232
167
241
227
156
236
161
167
173
181
241
236
162
238
166
253
167
215
164
188
168
207
157
215
238
158
238
144
163
173
172
234
224
172
265
225
160
161
169
175
172
155
217
171
206
218
207
155
162
157
159
138
163
184
190
217
178
192
164
164
141
216
206
156
156
218
229
170
149
215
173
157
225
165
203
153
152
265
196
158
168
219
146
162
159
203
161
196
158
210
198
213
156
170
160
217
157
197
148
211
205
138
158
155
156
137
226
211
211
153
205
168
149
167
180
209
159
149
282
187
156
249
201
157
176
229
245
185
287
160
151
210
208
147
151
140
203
170
180
314
230
185
162
225
145
183
371
221
198
208
174
202
209
151
170
208
153
144
154
207
158
222
196
161
163
132
212
197
148
162
202
197
160
153
175
206
148
202
177
201
234
234
162
222
155
211
211
159
170
148
161
165
203
200
167
206
149
156
171
199
162
153
205
162
167
142
148
166
250
179
201
210
161
149
149
197
199
144
224
145
169
158
154
223
157
154
167
233
156
186
190
209
275
242
203
164
145
176
160
144
271
219
271
191
154
196
145
220
149
157
167
211
149
143
221
196
141
150
216
195
152
162
193
230
145
165
207
162
147
250
138
215
138
204
209
205
140
198
156
218
144
151
169
212
154
220
227
157
151
214
212
154
145
159
147
152
204
746
165
160
244
180
185
334
308
193
234
152
221
186
152
223
153
162
170
152
232
209
174
149
158
136
220
164
212
149
206
155
233
147
199
148
217
167
172
150
214
194
208
147
215
200
207
165
234
215
154
164
232
167
208
217
201
176
249
156
219
145
232
206
213
146
211
164
168
228
221
155
233
217
157
208
191
174
162
215
206
161
163
201
192
156
176
216
155
198
153
231
154
181
178
200
151
216
148
161
163
210
145
285
223
281
232
162
195
213
203
147
210
202
207
155
184
195
149
153
202
145
211
139
150
142
144
147
153
201
200
144
195
198
140
155
140
141
140
149
198
217
141
146
141
152
144
160
152
154
199
210
144
147
197
139
152
140
212
203
154
152
198
148
183
151
146
191
145
194
189
188
147
196
143
142
149
208
149
198
124
145
121
206
216
143
135
179
174
203
203
159
175
161
190
134
238
201
201
150
138
133
235
199
142
230
274
146
239
175
231
222
172
187
209
198
122
218
175
272
242
230
175
230
220
231
224
196
207
325
320
280
229
171
196
186
130
145
129
130
141
200
194
191
145
177
140
139
145
133
134
127
145
139
183
134
151
141
206
134
154
137
204
134
144
141
136
137
154
135
192
182
194
192
141
127
195
189
135
139
131
144
147
145
143
204
186
144
130
164
173
146
148
197
134
125
132
205
141
145
127
203
130
145
148
183
144
183
136
129
127
199
139
124
183
139
155
147
185
206
135
134
215
196
133
178
188
191
174
150
152
154
139
127
136
194
126
147
138
136
142
192
205
197
124
204
160
135
198
214
131
147
196
133
145
128
186
179
135
134
151
147
193
131
187
145
189
157
149
136
197
171
201
144
128
130
196
146
213
137
153
168
155
224
139
136
204
162
217
150
211
212
223
141
209
155
236
190
242
279
236
234
380
274
226
216
234
206
217
248
202
214
157
223
214
228
212
138
170
