149
161
162
194
126
163
267
159
203
162
165
160
147
169
156
130
150
180
160
166
165
154
219
157
155
154
145
168
179
160
173
163
152
134
172
119
170
149
148
157
160
175
168
160
157
145
169
161
165
149
165
167
123
161
159
170
151
149
165
128
161
126
134
177
179
137
155
170
175
154
160
140
152
180
181
166
189
152
159
145
159
162
165
141
161
167
182
151
166
166
125
172
159
161
175
142
183
160
182
204
172
169
148
166
182
141
171
142
166
163
141
157
131
182
182
158
165
152
146
158
170
139
171
171
155
147
149
162
181
147
148
147
140
183
162
209
226
203
243
255
212
258
245
247
221
171
171
149
173
162
152
153
163
157
182
152
165
151
170
146
148
172
164
169
181
210
258
280
204
235
203
218
272
245
352
219
187
199
218
202
222
229
205
249
192
236
226
245
185
220
229
194
212
167
185
236
260
242
299
313
274
280
312
272
265
236
248
187
185
201
207
210
181
267
148
152
168
157
171
177
234
275
221
249
227
248
286
222
250
328
301
264
331
253
275
276
283
304
259
224
210
223
229
205
193
204
202
161
192
224
214
210
189
174
214
270
292
255
268
220
246
254
230
218
271
320
249
247
248
193
208
192
207
191
209
221
194
173
196
206
191
201
201
192
210
208
203
195
290
254
270
348
328
300
361
330
352
298
253
270
256
230
238
216
211
205
168
177
215
170
222
208
213
195
201
196
198
195
208
210
201
225
207
215
209
250
206
175
197
202
201
206
206
197
196
232
199
212
211
175
167
246
223
187
173
196
218
215
215
213
168
201
204
192
180
208
220
218
218
203
205
205
185
229
228
237
236
231
239
285
203
242
230
252
213
216
195
228
211
196
194
222
220
198
177
227
189
208
205
184
207
239
230
197
179
211
181
186
196
187
211
186
203
199
185
175
179
200
194
206
213
224
206
205
200
211
206
177
212
196
193
202
166
198
214
238
212
457
210
179
278
352
302
215
269
638
225
919
486
208
211
288
415
400
344
436
243
260
202
223
227
222
213
204
196
240
221
185
192
237
201
199
248
214
200
201
167
165
186
208
209
191
206
179
215
182
172
214
198
201
210
167
213
198
192
203
181
184
200
198
230
226
220
185
189
202
205
196
227
208
202
199
206
231
193
194
236
198
215
216
194
211
259
229
199
221
226
186
216
210
198
209
208
197
174
189
213
212
191
208
196
230
199
199
199
204
192
204
200
202
196
189
204
189
194
200
183
206
212
200
213
208
181
193
171
184
169
189
197
224
170
199
212
246
198
160
213
197
176
224
219
224
183
199
166
196
215
212
190
203
199
210
235
211
209
232
217
205
201
212
217
190
240
205
196
190
198
202
209
204
190
192
203
184
210
205
200
214
235
214
193
230
224
218
228
242
328
263
225
397
361
329
285
284
329
307
358
344
243
254
325
389
334
363
370
265
253
246
226
350
208
204
202
200
218
162
163
199
192
210
208
198
204
208
224
210
194
173
196
180
235
210
194
200
222
211
189
208
210
208
204
192
200
169
212
215
241
205
202
188
208
228
218
281
232
269
277
254
275
229
242
216
296
254
227
257
248
235
268
300
280
420
322
343
296
293
326
369
358
356
373
346
335
362
381
294
302
314
337
276
235
253
244
295
212
208
312
182
241
215
188
173
212
210
220
207
192
196
242
196
212
205
238
234
219
184
206
217
203
217
186
206
236
206
196
202
201
222
197
197
187
201
183
210
200
196
210
258
237
208
203
195
188
196
183
220
200
214
216
207
196
213
200
172
190
181
220
188
168
189
224
196
159
199
196
202
170
157
223
227
187
192
216
170
198
205
232
193
221
182
211
205
197
192
187
201
184
193
224
224
187
196
208
211
199
172
205
206
189
184
229
236
187
221
200
201
218
206
207
207
194
213
198
181
196
182
203
203
178
185
221
190
180
223
213
253
287
308
305
305
281
358
236
250
230
201
211
211
223
205
181
171
183
239
197
186
227
215
212
177
187
212
240
184
188
227
194
208
194
192
201
164
209
195
197
177
173
221
206
210
266
187
201
216
204
181
169
195
205
205
216
175
180
203
178
204
186
211
215
211
167
207
177
222
215
206
166
188
195
195
199
6674
231
192
207
236
238
229
207
198
175
195
199
202
205
232
207
214
203
185
213
171
206
205
206
202
189
199
207
225
186
190
186
206
166
180
197
215
196
223
201
209
187
198
191
184
169
194
220
205
177
203
196
210
193
156
197
199
172
247
231
171
201
208
218
194
201
182
204
189
