213
198
197
281
228
207
204
201
200
209
196
202
205
200
209
201
209
200
252
211
234
247
252
200
215
273
208
210
251
262
206
210
194
224
231
206
192
227
258
233
419
209
206
200
286
218
215
230
328
220
249
223
298
193
247
197
202
240
219
240
245
194
221
215
224
249
235
220
235
223
241
214
206
272
223
219
240
231
226
223
238
437
236
213
206
215
217
215
218
267
223
216
223
235
220
241
248
239
229
231
232
266
314
237
225
221
225
251
248
233
267
225
247
231
233
218
335
222
245
226
230
254
209
254
228
253
266
274
240
336
235
241
275
239
244
223
246
265
230
275
241
234
235
240
210
241
311
219
252
392
354
232
502
250
416
317
285
267
263
271
308
264
251
262
260
252
230
244
343
233
247
262
263
259
291
273
240
229
258
241
220
240
263
305
282
260
257
242
230
247
277
244
250
257
232
233
306
241
294
230
235
236
224
312
237
371
730
222
295
240
237
532
225
257
360
234
233
250
335
217
223
281
2362
230
230
231
240
225
296
236
224
232
215
254
183
223
226
213
220
211
212
205
222
282
209
205
270
214
307
283
210
214
224
224
244
232
223
221
221
246
208
202
203
209
246
207
241
199
218
211
223
285
399
203
333
306
207
204
208
285
216
350
222
281
189
204
203
202
257
208
202
200
203
212
196
246
193
231
202
210
231
306
273
211
201
192
312
208
230
233
227
207
225
224
227
225
254
249
221
244
223
196
212
221
197
245
247
471
1248
217
225
218
285
221
311
281
243
226
293
268
213
205
227
207
236
238
193
211
207
194
233
226
230
201
220
196
217
194
322
259
215
243
303
285
202
222
231
237
302
230
241
206
256
204
219
213
201
215
211
183
293
217
201
220
229
207
222
413
221
203
194
233
208
198
222
209
202
220
198
207
228
199
220
209
236
193
203
241
207
199
237
235
224
203
306
300
211
199
196
234
311
230
354
240
205
288
224
210
220
312
216
185
191
204
191
191
245
198
243
215
245
193
286
186
175
173
199
358
217
217
214
270
218
280
238
295
322
225
185
213
282
209
290
207
353
226
246
255
207
566
188
265
211
187
261
222
206
207
238
210
207
200
193
212
192
192
219
197
211
202
189
205
194
195
200
192
289
191
205
210
185
208
195
281
198
191
199
291
197
200
212
202
202
192
191
188
191
194
200
188
190
199
188
195
178
181
185
222
189
189
255
243
240
209
259
227
252
245
220
218
215
227
225
212
225
229
223
213
197
207
228
219
211
244
206
235
216
211
216
257
196
218
224
212
236
211
229
215
212
235
211
227
219
235
226
218
207
206
217
217
210
204
232
204
239
245
197
197
245
227
207
236
206
208
211
250
202
200
226
203
201
208
201
199
217
201
187
210
207
208
234
214
219
272
238
192
190
225
262
225
253
194
277
238
226
208
280
231
220
215
254
220
213
217
227
210
216
213
207
219
218
210
204
230
230
211
215
217
195
233
215
202
199
228
251
214
219
243
203
221
210
206
218
201
225
193
200
221
211
219
252
200
218
221
243
209
205
239
195
206
209
211
205
203
205
209
236
205
212
194
226
202
202
204
215
206
201
203
214
211
195
190
200
214
204
205
202
209
217
198
210
195
308
215
214
205
216
213
203
204
217
213
204
206
203
209
208
198
227
200
230
218
222
204
197
203
235
212
203
211
192
198
192
197
198
197
193
230
206
192
202
213
221
224
210
201
196
308
247
197
194
166
236
214
199
227
212
199
193
193
196
208
198
188
200
197
198
199
196
218
205
193
198
201
199
197
214
205
210
243
207
195
224
207
202
198
201
204
210
237
215
304
198
197
174
257
193
203
232
194
205
195
188
195
259
163
195
216
201
195
194
206
186
196
269
248
203
196
200
186
199
194
201
261
202
190
194
189
204
190
277
188
200
208
197
206
188
251
192
198
230
201
198
200
259
221
219
249
196
185
201
210
203
192
207
192
203
205
192
209
228
205
211
241
217
263
198
240
225
223
236
211
230
212
219
219
211
238
213
196
213
206
229
195
233
202
202
203
207
215
238
213
202
199
245
202
219
235
217
227
208
213
215
228
228
219
228
207
255
219
229
207
227
202
219
233
214
206
202
264
221
214
258
226
206
217
209
216
203
217
213
231
228
236
215
212
251
201
204
231
242
209
204
213
207
206
208
215
203
246
234
229
230
257
207
225
256
208
228
215
237
203
201
200
269
205
257
221
232
205
246
215
201
201
243
181
164
168
167
172
219
184
166
164
168
159
183
176
190
169
