165
162
187
146
159
160
188
180
179
180
175
165
175
170
163
158
178
174
176
176
157
189
172
171
175
216
171
427
167
162
175
150
142
198
135
176
179
178
139
193
177
168
173
168
168
155
179
155
163
177
173
133
174
179
194
138
177
180
154
179
147
163
163
206
153
146
168
161
148
157
181
169
189
140
148
169
160
183
161
178
182
188
185
174
170
154
152
164
185
139
178
179
167
173
177
194
163
158
228
154
197
218
192
136
180
167
184
185
147
191
170
149
152
174
177
174
176
145
149
179
186
186
148
214
175
172
180
157
167
160
172
171
157
195
185
163
177
160
183
192
147
149
193
173
153
166
186
172
184
162
169
170
183
173
159
144
182
169
148
158
149
153
173
184
189
197
186
168
178
131
180
131
189
185
183
190
175
163
137
174
168
170
146
144
173
130
151
184
187
126
162
148
189
190
184
182
171
180
150
158
190
176
202
195
187
161
146
204
207
139
167
195
175
176
179
182
188
155
138
196
188
158
161
159
179
173
184
207
159
173
215
186
162
167
178
194
200
200
178
200
184
180
176
145
157
187
178
167
141
155
203
195
181
184
172
159
196
199
167
155
176
184
178
199
185
197
169
187
170
181
177
175
171
189
194
191
151
146
155
160
141
137
178
175
185
177
181
172
165
152
175
142
155
153
140
199
152
149
164
192
181
187
152
183
176
144
180
196
175
164
206
186
156
170
194
170
167
231
224
155
172
180
171
177
183
176
165
139
172
163
187
171
152
170
150
177
188
170
152
149
171
167
135
158
170
180
166
178
196
155
165
138
139
145
181
204
191
162
194
186
173
173
173
163
178
196
187
168
169
154
157
175
189
177
164
192
188
180
133
195
165
181
162
159
202
158
197
200
166
189
129
155
181
195
179
201
177
179
190
187
199
172
180
200
173
180
198
195
176
161
172
148
153
159
178
154
201
144
173
169
160
175
192
160
180
164
173
151
175
167
181
172
173
175
154
171
168
165
175
184
166
179
180
124
180
178
150
184
147
180
180
159
212
143
148
179
246
171
132
180
196
180
167
134
192
191
172
126
179
164
182
206
200
150
142
159
166
164
184
154
175
231
157
146
186
155
180
142
153
155
187
158
192
172
161
161
174
132
155
180
182
168
156
197
163
183
166
148
180
147
134
187
189
191
182
181
169
156
174
144
178
164
180
185
178
179
177
145
185
168
167
178
157
168
183
179
168
184
197
144
194
154
173
137
190
156
181
177
177
167
175
160
177
182
161
164
162
183
169
140
161
185
223
159
168
143
176
213
229
191
217
214
156
242
258
188
213
214
296
256
312
292
268
272
311
282
291
291
339
319
304
327
262
318
275
347
244
261
261
247
256
177
276
257
282
243
361
222
188
172
307
199
406
219
138
206
178
171
154
169
174
168
163
147
174
158
189
211
207
185
168
191
210
180
158
164
136
179
152
172
158
176
164
135
160
182
154
170
168
182
153
148
186
206
164
196
172
170
179
173
193
183
153
130
155
165
175
158
171
157
169
166
177
186
161
174
149
187
191
185
187
173
195
171
174
179
199
180
182
168
181
186
169
153
190
156
183
157
177
185
162
142
140
198
178
172
172
162
149
160
171
169
192
167
156
185
179
141
173
162
164
194
164
154
179
168
149
187
155
185
182
136
172
166
170
156
152
173
159
198
173
186
179
168
186
152
173
176
146
153
160
176
153
183
163
183
186
179
189
158
191
191
178
155
159
181
183
168
141
173
180
186
176
150
169
174
160
183
155
151
200
160
177
154
154
159
169
141
167
142
186
161
192
161
209
150
158
147
176
170
154
185
153
186
156
142
137
176
148
150
175
178
173
157
143
153
164
157
170
183
164
153
165
181
146
149
191
187
185
187
205
258
141
177
162
200
141
161
174
152
151
178
153
149
175
164
187
149
150
164
160
169
200
168
156
190
159
150
148
168
174
172
185
145
172
150
159
326
169
141
179
175
149
156
157
189
171
153
159
147
160
165
180
239
159
159
154
139
144
147
191
143
169
189
180
188
152
145
140
157
204
148
152
147
166
147
185
165
192
157
143
181
150
173
196
162
158
166
184
157
159
154
196
183
180
153
186
161
180
143
152
145
136
171
177
187
188
177
187
158
171
159
176
181
193
193
151
180
159
144
142
145
194
169
169
181
153
172
146
170
144
167
181
175
149
154
143
165
172
150
152
159
187
163
176
165
165
147
169
148
148
182
140
170
157
152
160
157
156
159
175
167
149
152
174
128
171
205
178
163
