166
204
295
220
207
150
155
150
228
164
143
170
144
208
154
178
182
236
211
147
146
150
202
150
225
151
199
146
164
151
181
169
183
174
146
146
144
144
143
139
174
149
169
199
139
234
178
167
157
164
190
164
213
171
222
154
222
152
164
153
213
228
218
145
176
153
147
213
150
209
149
146
165
199
210
162
156
225
148
239
161
231
154
146
159
206
163
220
146
208
140
215
165
147
224
155
150
165
235
157
144
146
213
156
236
156
154
144
141
146
142
166
141
210
152
150
156
226
147
155
145
142
215
150
238
153
215
148
208
159
148
147
162
143
238
165
158
159
140
178
151
211
154
148
157
218
188
215
148
174
144
208
146
148
175
152
212
143
217
146
232
174
146
156
161
144
151
219
146
230
153
148
168
164
148
161
172
208
167
149
229
171
143
140
147
144
150
157
149
146
170
157
223
149
219
175
156
155
212
156
230
164
150
148
153
218
149
207
141
229
154
169
145
159
215
174
211
165
157
161
170
212
151
210
154
160
152
161
173
163
195
153
479
151
221
151
221
153
152
150
152
165
149
149
147
148
157
202
161
205
164
176
210
149
152
153
196
135
199
157
144
153
144
155
144
152
154
210
151
195
254
184
195
186
153
175
139
152
165
215
136
135
208
221
137
135
132
139
135
132
154
152
181
160
133
141
213
135
218
149
137
135
138
132
158
211
145
215
139
217
141
136
143
135
139
144
207
136
220
137
150
139
236
155
143
141
147
151
145
144
144
144
157
138
202
139
241
146
222
146
212
150
159
200
141
164
138
151
138
144
149
140
152
146
144
146
141
140
137
158
234
313
226
222
137
146
136
215
142
141
151
149
147
145
201
145
187
145
162
137
160
133
132
143
228
212
214
132
146
137
134
140
146
165
163
206
148
228
173
205
161
206
234
145
138
204
132
146
199
155
237
138
235
151
150
144
208
140
147
139
140
197
164
251
194
265
195
211
259
141
160
132
146
192
138
186
142
164
150
139
144
168
162
145
141
197
147
207
144
195
141
203
168
142
185
136
198
153
164
151
142
206
145
187
145
205
204
198
155
168
143
185
156
157
148
143
156
158
191
171
164
144
156
201
181
140
189
139
136
141
162
195
139
250
135
143
142
198
142
196
140
146
143
148
169
193
139
144
175
147
138
146
154
135
146
155
146
218
165
181
146
186
146
138
139
162
156
159
141
154
287
138
145
140
142
137
155
185
141
142
142
201
143
148
155
144
194
147
139
144
199
152
157
167
150
155
201
143
156
152
155
194
144
209
153
138
125
169
239
143
169
144
152
139
181
137
170
145
137
147
145
143
239
145
204
141
188
149
158
201
203
141
141
134
152
145
146
144
140
145
181
154
164
131
160
136
146
153
158
138
127
136
151
147
302
192
174
186
127
134
134
138
133
132
141
135
134
157
168
167
150
134
135
131
154
206
146
244
131
158
149
135
138
130
137
142
142
132
148
133
132
137
156
141
145
187
130
138
154
151
135
130
129
140
139
162
138
145
143
130
132
122
138
145
136
133
128
178
198
146
162
178
180
132
185
133
187
147
147
144
125
137
153
131
133
136
144
150
155
145
135
199
149
186
141
152
130
154
140
146
142
131
144
149
184
131
213
150
143
131
134
136
187
161
147
159
153
152
135
129
151
152
136
153
133
136
131
139
136
131
191
124
138
192
140
146
135
159
133
149
132
133
132
172
146
189
149
139
134
137
139
130
127
135
140
156
135
138
156
157
139
139
137
150
137
154
143
182
143
197
147
195
140
137
153
133
151
145
145
162
173
194
171
144
144
144
176
154
205
145
196
147
160
157
200
148
201
143
147
145
170
260
148
176
143
154
144
175
143
147
141
161
156
153
146
168
160
151
148
228
155
220
142
146
146
150
149
147
149
144
130
139
143
141
156
162
220
180
157
214
143
140
144
201
151
186
153
151
146
185
146
270
164
228
174
138
155
145
157
144
147
153
199
161
161
218
225
200
143
141
208
141
151
155
144
161
139
141
154
135
170
145
218
169
200
188
153
158
144
141
158
145
135
163
144
130
150
146
141
146
146
141
142
139
139
144
159
151
140
140
147
174
168
167
161
173
229
349
329
224
213
150
154
138
134
209
172
212
151
136
161
144
215
144
222
142
218
144
209
144
143
142
141
222
142
157
158
149
143
143
152
255
224
174
136
154
132
156
141
165
167
221
154
157
143
207
141
146
139
168
129
144
145
148
166
141
183
139
209
147
198
147
217
146
147
145
140
147
157
141
