210
200
195
203
219
226
202
208
217
219
262
216
218
203
177
190
174
189
183
186
170
196
179
183
193
184
157
172
172
163
173
186
173
198
168
158
161
178
168
196
167
187
169
161
175
186
191
196
180
195
180
167
182
146
177
167
146
153
172
197
165
151
157
177
182
186
166
161
166
168
174
180
167
163
192
182
173
165
206
216
268
254
187
162
177
165
184
176
153
173
175
177
159
183
187
190
168
198
192
145
193
162
189
179
179
172
188
176
177
175
168
159
172
165
179
185
180
183
174
180
176
154
181
177
175
165
165
156
163
174
195
192
199
174
189
202
158
153
172
172
192
171
166
166
162
175
165
186
191
185
203
215
188
216
330
244
210
183
404
427
187
187
182
172
213
227
202
207
176
174
176
176
198
172
208
178
180
195
178
193
170
158
163
190
192
185
192
166
177
166
173
153
181
204
181
183
169
179
174
186
181
191
173
165
192
167
186
174
202
175
196
191
183
192
187
169
182
158
175
191
175
152
203
186
168
172
177
170
170
181
198
218
199
247
210
201
175
207
196
209
169
212
213
217
195
224
177
216
203
228
233
195
179
179
184
182
164
167
196
166
183
174
170
204
171
180
167
171
147
182
175
179
172
177
184
168
176
177
175
182
159
159
166
189
169
162
164
169
141
189
190
172
151
181
176
199
164
170
172
153
162
174
160
183
174
173
196
164
161
178
183
166
169
156
173
191
185
157
178
173
169
171
183
192
174
191
181
204
196
202
163
187
175
196
162
175
162
178
172
172
201
176
159
164
164
187
176
157
191
153
164
185
159
164
148
167
147
161
163
185
184
154
147
169
201
180
173
181
173
161
178
175
194
171
161
171
163
160
188
175
168
168
159
176
160
180
187
173
160
176
197
178
172
169
190
172
158
183
199
195
192
171
162
170
160
201
195
179
160
152
179
189
162
180
187
171
146
180
173
160
201
170
169
181
178
181
180
158
189
177
175
179
166
173
178
163
160
171
177
172
169
174
177
177
169
174
160
208
195
154
162
166
172
170
173
184
187
166
173
172
175
170
159
222
190
171
186
176
166
168
175
166
167
173
183
179
194
168
158
211
167
159
178
180
179
163
173
198
161
183
178
171
167
149
194
192
160
186
180
173
194
173
170
182
160
185
181
170
201
169
178
173
172
213
256
178
174
198
162
177
207
171
162
207
157
207
208
155
161
187
201
172
152
160
175
155
167
175
181
195
148
188
170
188
172
145
151
166
157
154
177
166
166
178
169
154
169
182
191
179
189
159
176
176
183
182
152
175
167
177
158
183
181
182
184
171
165
176
156
164
170
181
161
171
145
187
163
193
176
207
149
159
191
174
164
175
213
199
172
184
161
195
180
168
176
161
165
161
180
183
190
187
210
174
191
168
172
183
166
199
201
181
168
173
201
191
210
192
165
187
169
205
180
173
201
170
184
156
180
175
175
167
153
187
206
196
192
166
185
171
183
207
162
174
201
175
182
175
187
195
181
172
187
184
184
171
194
177
160
192
191
171
187
178
171
164
181
179
160
164
175
196
173
192
183
193
178
177
183
210
182
167
180
185
189
202
183
203
168
189
163
163
194
166
177
158
154
193
186
184
197
176
183
187
170
182
173
174
182
169
180
175
201
176
171
194
183
210
180
164
174
168
167
180
219
190
186
143
155
169
161
176
187
170
169
158
167
166
163
172
182
179
202
193
178
202
177
177
199
175
169
155
198
173
172
170
195
158
185
180
196
180
172
179
247
159
155
179
170
188
180
184
214
205
176
226
175
163
161
197
156
167
153
160
197
181
165
167
180
187
198
204
168
181
167
191
215
174
197
188
163
193
190
170
159
156
206
157
152
175
166
215
186
164
190
182
174
166
182
171
196
161
168
205
164
175
182
185
186
190
171
149
167
177
179
178
214
192
181
175
175
210
185
187
169
167
190
218
203
183
208
195
255
193
186
186
173
161
178
167
168
174
177
188
188
166
164
175
185
169
181
179
188
160
179
196
148
184
174
160
184
164
185
170
184
164
177
164
185
153
177
184
192
224
181
193
166
156
182
183
162
4208
188
201
209
165
174
175
164
178
202
157
167
184
174
206
168
210
171
163
189
171
170
171
184
194
158
205
173
197
149
206
178
171
191
170
185
159
139
202
176
173
153
175
182
178
294
200
193
170
193
200
203
184
177
149
163
177
155
180
167
199
197
197
186
195
162
181
162
175
175
182
179
174
159
170
192
161
156
165
184
181
177
184
172
162
185
184
165
184
