205
239
295
225
222
196
168
182
204
183
199
200
181
189
212
185
183
193
293
229
263
218
174
163
217
176
177
201
194
189
185
169
201
182
174
160
177
166
208
183
192
169
194
157
192
155
166
198
163
183
199
186
206
193
187
199
227
179
185
192
205
188
177
206
191
195
194
295
176
187
216
200
235
313
183
173
184
209
192
174
196
172
196
184
178
211
251
228
191
181
194
194
188
183
185
205
186
210
287
198
187
397
181
184
179
170
186
184
251
226
226
201
192
187
222
176
230
183
219
213
237
194
273
195
192
185
194
246
161
220
242
203
190
199
195
173
214
240
220
174
257
185
183
191
218
195
208
238
289
198
257
188
242
191
220
179
202
212
264
163
196
215
198
437
240
222
222
226
219
209
263
220
349
253
336
258
224
184
200
228
282
276
250
230
178
228
184
191
182
235
182
180
248
251
198
190
277
251
218
161
240
216
250
203
214
258
174
204
235
345
252
258
249
247
214
277
210
209
218
199
186
217
210
325
372
184
292
240
495
260
232
282
200
201
208
249
200
262
277
210
222
290
200
253
238
234
175
273
278
202
270
237
209
254
193
229
222
177
330
346
252
176
195
284
202
178
235
208
198
243
281
209
216
228
196
208
261
218
197
214
256
272
195
252
238
213
261
249
232
245
239
188
231
252
198
195
288
228
212
262
264
214
236
252
258
226
201
193
181
260
306
353
227
189
237
214
232
187
219
168
261
189
189
201
169
195
201
228
202
192
190
230
220
188
200
192
207
227
252
212
210
269
294
176
347
458
285
190
285
508
349
291
397
282
207
250
207
243
245
188
220
408
194
226
278
388
242
240
218
226
413
196
211
191
191
189
218
198
243
408
184
261
245
204
345
259
197
197
210
220
213
213
262
236
221
267
206
209
322
206
253
200
199
238
209
246
248
361
201
195
220
210
219
216
248
310
278
215
241
210
217
214
216
212
358
245
447
222
298
491
353
273
241
210
217
209
305
205
177
231
260
248
188
238
232
216
207
245
226
203
314
240
222
198
202
198
211
264
239
196
191
204
248
232
219
202
206
210
242
209
202
223
289
239
275
255
215
220
442
254
209
207
219
369
210
224
200
213
202
255
270
260
283
271
201
200
250
220
217
198
245
211
200
194
188
223
209
238
198
188
213
209
290
206
240
216
195
197
268
206
223
209
238
230
212
202
264
220
209
212
244
238
211
199
206
227
230
281
201
288
269
253
193
233
305
217
255
243
313
198
213
200
255
229
229
260
212
408
224
250
242
223
214
284
215
207
229
252
252
196
202
205
213
253
250
262
200
199
206
201
268
256
243
253
203
229
198
194
191
202
234
233
203
255
224
195
216
209
255
196
188
190
210
231
191
193
229
205
200
258
209
285
208
247
206
203
203
205
209
190
235
200
287
231
212
260
235
205
179
209
206
190
229
202
177
202
199
250
201
209
241
194
225
191
208
210
191
242
190
198
271
198
193
190
227
243
190
227
202
210
223
246
197
231
201
186
200
231
213
223
178
222
262
196
190
184
245
185
247
240
179
218
233
233
169
177
175
220
227
180
222
207
182
177
205
168
228
215
179
178
198
214
201
237
179
203
191
176
224
175
245
198
193
219
206
212
180
180
186
184
281
237
220
194
209
175
186
195
221
222
203
212
188
191
181
192
213
213
164
205
180
219
254
214
178
181
211
176
176
198
178
230
225
183
181
210
227
230
236
220
189
208
181
178
180
230
215
201
241
234
226
172
234
235
225
193
179
185
217
227
216
174
183
164
203
191
231
197
192
198
209
241
243
195
240
210
228
206
190
181
183
204
166
171
226
218
173
172
176
179
173
169
243
172
175
219
203
223
225
233
204
209
221
228
176
184
175
236
200
204
164
179
226
234
248
173
217
194
172
247
235
236
196
176
205
202
220
220
237
188
173
239
184
174
185
222
185
242
222
198
199
184
201
184
166
198
241
182
191
233
168
225
213
236
182
178
221
205
177
219
205
185
194
234
180
165
218
186
173
181
223
181
179
181
249
203
180
197
204
174
247
219
166
177
178
168
238
168
231
212
193
172
243
165
221
222
230
180
202
172
177
174
181
217
200
231
177
232
195
175
184
180
169
233
229
177
182
175
188
224
199
226
223
200
240
217
184
220
509
236
213
199
170
169
208
202
226
201
329
206
175
184
201
185
191
181
180
196
182
191
205
193
183
230
208
192
192
189
182
174
193
221
240
231
271
198
182
251
209
210
197
195
196
190
206
205
189
179
222
213
