219
222
195
249
227
249
298
211
196
182
182
186
177
202
183
183
223
219
179
197
200
227
187
200
206
182
193
188
229
215
203
170
215
215
249
195
199
240
212
298
181
194
246
196
218
187
212
178
185
218
178
225
189
185
185
189
181
211
195
177
199
186
232
186
187
187
182
215
194
189
195
198
224
220
185
182
189
175
190
187
200
182
214
184
210
202
181
221
187
184
216
188
186
195
226
211
179
184
174
228
227
193
245
183
170
192
184
180
205
177
198
239
180
209
180
196
261
213
186
187
225
185
175
193
184
214
258
206
229
156
206
198
195
231
189
198
181
193
188
247
190
208
211
194
204
238
213
167
251
207
215
216
272
396
248
250
210
192
203
197
234
218
209
202
206
169
199
187
197
167
195
256
168
194
241
216
222
197
298
203
195
195
234
367
289
227
204
227
237
225
229
247
205
220
209
321
254
248
213
244
228
258
242
251
218
234
205
218
279
264
203
225
261
209
212
231
230
277
208
268
194
260
248
244
246
242
269
266
274
267
241
207
262
381
229
301
226
207
209
265
244
258
478
229
227
296
236
218
211
260
210
309
212
257
199
224
250
220
206
238
235
208
220
246
200
256
228
211
201
225
253
240
185
260
305
229
244
194
253
274
228
251
233
301
207
227
252
211
213
283
319
205
240
243
239
337
274
267
342
287
210
382
306
252
379
226
282
224
295
197
219
247
342
224
242
327
179
298
355
259
251
211
207
208
306
205
217
230
219
229
263
230
325
242
202
210
217
411
216
199
236
234
201
238
389
220
212
251
251
191
236
220
219
228
234
240
211
352
202
226
267
223
241
241
269
254
210
285
245
229
303
184
168
208
284
207
162
190
187
203
220
235
181
533
203
183
304
186
182
236
178
203
211
221
165
218
183
206
198
240
189
196
158
164
176
197
210
203
215
163
190
257
197
219
174
166
189
278
191
226
194
244
180
248
164
167
314
160
235
268
165
172
302
177
166
236
246
179
219
193
195
206
175
257
167
202
167
407
204
206
228
290
216
187
308
197
163
166
216
210
272
191
311
254
186
206
174
220
210
222
241
170
238
170
224
171
193
223
186
181
201
212
213
196
287
325
202
222
212
169
150
184
179
172
166
237
202
158
158
176
170
160
165
158
176
165
154
152
178
157
143
192
161
150
162
165
200
151
170
190
146
208
181
150
190
236
189
160
207
148
173
156
166
185
177
226
155
145
168
173
175
142
210
156
145
213
209
153
166
149
149
186
143
236
156
195
153
171
140
185
187
243
187
234
201
182
225
197
251
233
222
189
199
186
187
197
193
230
368
289
261
226
238
201
211
201
178
218
186
207
200
210
192
205
213
226
233
276
248
237
178
192
219
232
218
186
222
171
210
178
190
189
223
184
234
196
243
194
187
227
216
177
189
221
220
205
191
221
196
180
222
232
207
244
213
180
196
203
186
190
195
201
184
213
211
181
187
206
308
238
258
212
268
186
264
196
315
184
180
214
188
194
245
286
284
298
223
195
217
179
191
237
202
190
242
215
255
203
202
188
185
246
171
200
205
181
191
181
175
223
193
214
179
195
231
172
203
191
178
206
258
186
180
191
226
188
190
220
198
237
180
215
256
172
232
240
207
170
243
168
214
222
186
235
177
232
227
254
186
167
249
208
194
195
181
220
233
187
185
174
229
221
194
179
265
238
183
188
212
181
232
216
184
192
185
223
219
204
181
184
237
211
176
199
247
168
243
242
239
192
241
199
206
242
225
187
243
173
266
216
163
167
197
235
239
176
191
166
231
265
166
251
182
241
221
193
159
166
178
240
189
232
210
216
263
224
303
201
291
223
212
287
208
231
182
248
179
186
208
270
236
331
196
227
224
184
182
279
206
264
193
247
171
203
188
259
240
209
262
249
222
209
198
253
210
219
235
201
272
184
166
167
235
209
304
198
197
271
209
203
175
158
257
282
241
207
240
252
160
171
201
240
233
169
250
187
208
258
167
227
165
236
250
163
163
239
235
189
218
202
246
233
247
240
206
224
186
241
184
212
226
170
232
220
168
246
169
238
236
173
202
153
250
244
174
222
178
198
242
171
150
196
244
258
174
165
215
208
241
243
242
187
166
262
175
252
201
184
336
169
214
229
171
235
255
212
231
218
185
218
165
249
175
185
252
177
240
183
203
235
170
246
169
165
196
182
220
188
181
144
171
228
240
224
200
164
178
164
164
223
205
190
226
190
178
215
215
202
178
200
168
209
213
186
184
203
198
238
164
202
