46
98
83
44
76
52
79
51
79
45
60
66
73
51
75
50
80
55
62
40
42
57
82
51
61
75
66
87
41
78
70
41
89
41
42
41
45
51
59
43
78
41
48
49
53
78
78
48
42
76
34
50
65
49
42
48
44
46
43
66
43
60
54
72
42
58
43
76
41
74
64
44
47
82
45
73
40
54
75
48
53
52
77
57
44
60
43
55
44
48
95
42
72
57
53
50
44
50
48
47
30
48
52
58
52
50
74
49
88
60
42
89
83
67
79
69
44
44
41
88
50
59
48
83
46
72
102
43
43
46
86
82
51
81
44
47
46
57
63
43
64
82
57
45
44
72
43
56
53
49
82
43
44
51
81
71
66
49
49
71
67
51
42
81
42
43
40
49
44
41
41
44
43
49
41
51
50
48
45
49
41
42
42
53
50
59
43
50
52
43
43
60
44
52
46
46
44
44
48
81
45
111
49
43
52
44
52
45
49
46
43
49
56
49
81
43
52
45
53
52
99
52
45
52
52
52
50
50
53
44
51
66
89
57
60
59
63
51
45
46
45
48
47
73
52
51
52
88
47
44
65
97
45
57
89
47
49
156
45
45
57
83
80
44
155
44
55
50
64
59
59
45
50
85
58
97
56
77
47
46
44
45
77
86
45
41
47
52
57
85
46
46
55
46
76
44
44
105
45
53
57
45
51
97
47
46
47
64
48
44
65
56
58
64
88
43
57
100
70
85
45
59
56
49
52
69
46
52
44
44
46
63
49
61
44
50
64
86
80
58
45
64
84
46
47
46
87
52
50
47
69
62
43
45
79
83
54
44
42
77
43
77
42
74
43
43
43
42
66
52
49
55
47
53
43
51
43
49
45
53
49
54
42
56
52
53
52
63
50
53
47
41
42
49
53
60
55
49
43
51
50
68
56
62
43
73
82
71
55
47
48
53
65
54
41
42
41
42
48
49
53
51
45
45
78
79
76
46
86
91
46
91
56
47
78
75
46
42
63
49
77
76
44
85
77
42
89
81
52
81
49
85
41
67
42
84
39
50
44
76
53
91
47
73
59
72
91
114
46
43
88
85
42
42
78
40
70
40
70
45
64
47
42
53
69
47
83
55
84
49
78
46
87
47
76
59
50
50
75
67
42
40
41
63
53
172
47
60
42
79
48
47
49
79
54
77
50
48
42
72
44
42
51
78
57
39
42
55
55
60
108
49
50
66
56
40
63
77
54
41
46
74
59
50
45
68
43
74
49
82
52
64
46
45
48
64
48
55
58
42
48
76
55
62
92
55
71
40
39
71
38
55
41
71
74
46
41
87
53
79
40
81
32
47
34
78
46
53
52
79
41
50
41
42
43
46
46
68
43
42
49
74
50
75
42
44
40
49
42
53
42
51
42
41
48
43
80
76
51
46
41
43
44
60
43
43
44
45
75
51
43
43
48
51
50
43
49
49
52
46
52
43
43
45
43
48
42
44
42
43
52
41
49
44
55
42
43
56
49
49
52
42
49
41
52
56
49
46
47
53
51
55
51
51
52
44
51
44
53
43
48
45
48
44
51
42
55
52
54
53
56
81
46
52
50
81
71
41
46
44
85
50
45
60
44
43
56
53
54
50
54
50
44
51
41
55
44
46
43
80
44
81
50
52
42
51
45
43
75
44
56
63
63
51
50
53
54
46
55
48
53
42
43
40
52
46
53
41
55
51
59
42
84
63
42
42
50
43
54
42
63
41
52
62
63
76
46
55
49
83
49
54
43
83
43
47
50
42
51
51
41
76
52
82
48
41
60
42
51
79
53
64
57
57
54
68
75
70
45
75
40
80
57
48
40
35
61
61
72
46
46
86
48
52
57
48
53
56
41
48
40
55
42
46
39
61
42
46
79
47
45
42
39
43
50
42
57
49
69
54
86
62
53
51
50
41
54
54
57
52
65
83
81
85
57
77
41
59
68
46
89
51
71
52
90
40
85
39
42
42
79
45
78
74
76
60
49
49
82
48
84
40
49
45
48
46
38
44
46
41
50
39
43
47
40
72
46
64
47
51
51
41
41
42
47
41
50
44
46
51
45
47
58
61
39
49
50
47
47
59
83
135
49
40
79
40
47
59
72
40
40
48
77
49
89
53
44
41
42
50
50
49
44
54
41
52
41
60
44
43
40
76
69
98
52
68
51
85
47
106
42
56
45
41
49
49
41
41
39
42
42
41
51
49
40
49
47
43
84
40
39
76
59
42
78
89
58
70
47
40
75
69
57
39
58
47
58
44
49
42
