142
163
127
137
131
134
130
105
136
134
152
147
168
135
135
149
153
132
140
135
153
121
157
113
137
169
151
237
145
140
145
130
125
135
112
135
166
153
164
123
141
152
148
146
200
109
140
127
149
115
150
158
158
142
162
122
140
127
119
153
177
140
116
135
154
163
132
124
137
133
147
123
123
127
153
121
182
135
571
127
132
135
169
131
114
152
130
143
116
145
146
148
147
147
117
127
118
138
107
138
130
114
145
144
162
104
114
129
153
151
147
136
117
135
147
142
111
107
165
175
157
125
236
121
140
138
155
135
145
128
143
170
147
133
123
125
148
137
150
140
143
141
111
139
154
127
134
133
117
174
140
115
151
168
144
104
123
121
162
128
129
131
146
135
123
108
142
134
113
141
104
149
139
133
127
127
130
152
235
107
156
127
129
147
149
108
116
130
129
176
118
138
105
130
116
165
125
142
130
135
140
119
135
127
138
107
125
154
154
161
127
164
157
130
128
117
114
147
143
152
144
124
131
132
133
131
135
170
192
227
174
180
110
132
145
137
127
157
157
170
146
139
115
130
149
141
133
168
118
142
118
137
138
123
154
148
129
99
107
134
128
133
140
148
111
125
143
144
126
154
125
114
133
131
148
126
138
147
154
164
142
135
140
153
201
110
135
157
152
125
101
120
167
154
147
128
126
135
151
118
122
118
113
149
142
160
131
141
147
132
99
126
144
167
135
117
126
163
148
177
211
153
204
179
144
222
140
142
180
159
141
165
200
177
136
137
150
131
124
143
124
146
124
160
131
157
154
140
98
116
148
127
146
217
120
109
130
147
139
118
130
119
145
103
150
133
135
121
140
150
161
102
133
134
159
136
156
149
137
158
126
130
132
130
133
138
121
138
137
162
176
160
181
190
149
151
132
130
158
168
168
163
148
148
145
135
108
120
179
216
156
218
244
156
112
163
140
153
123
132
126
159
139
106
119
133
136
145
144
127
129
135
146
143
145
133
155
166
132
130
163
172
186
178
150
140
154
159
109
128
150
145
174
223
143
220
214
192
124
193
167
180
176
143
138
169
122
155
150
129
138
142
117
148
202
161
120
156
169
160
161
163
155
130
119
143
140
170
162
124
133
172
145
126
95
141
147
145
133
134
142
108
145
130
138
125
143
147
143
152
135
129
146
150
144
150
144
132
139
169
175
163
145
142
123
131
160
138
133
155
178
148
152
183
129
161
149
167
148
140
143
134
134
134
218
149
120
104
138
116
152
136
145
155
135
156
140
127
128
130
219
111
151
134
121
131
143
142
155
98
138
148
138
145
161
138
128
146
141
117
123
132
153
141
147
108
150
142
148
133
149
159
123
161
140
108
119
146
129
149
119
116
161
159
172
159
141
163
120
143
127
107
120
154
143
161
153
138
136
162
147
143
98
107
142
111
160
133
139
146
156
145
160
157
123
135
162
132
153
140
178
106
153
139
130
155
125
164
142
160
158
146
127
147
134
145
140
132
149
172
150
125
153
172
156
181
163
165
133
175
175
149
150
128
172
149
168
181
153
149
183
146
139
172
143
151
125
167
140
121
125
151
140
141
138
121
158
136
148
178
147
103
151
166
140
148
135
153
136
124
172
146
141
131
142
146
165
150
149
157
133
146
161
119
173
148
115
139
164
149
182
145
153
117
108
153
105
157
151
179
142
157
129
168
124
121
153
138
151
124
137
150
149
154
143
124
139
276
128
151
154
154
130
157
161
143
147
154
142
141
188
150
152
172
131
170
142
148
123
119
117
126
130
171
157
150
136
157
139
151
150
121
166
115
137
162
141
152
174
136
155
143
156
134
152
167
136
168
129
155
144
153
165
113
138
139
166
159
177
154
163
159
168
127
157
145
114
161
136
152
166
167
155
109
155
151
156
139
123
157
135
148
142
152
154
166
141
110
133
183
155
154
162
137
174
125
155
114
150
119
116
165
150
169
138
149
3047
167
155
127
127
157
138
111
154
153
184
132
181
146
140
133
150
137
143
120
167
129
148
130
141
109
130
177
137
152
132
145
170
138
114
113
153
149
141
122
166
171
163
149
165
133
132
131
123
158
148
154
158
149
161
157
113
168
123
158
150
142
149
165
155
150
143
125
173
186
120
167
200
198
208
169
121
163
123
145
141
165
159
176
135
162
136
116
114
115
134
148
156
157
132
148
162
132
146
129
124
128
131
157
122
133
147
131
174
150
134
131
143
112
165
159
113
167
161
123
151
123
122
159
173
140
148
140
113
151
153
158
158
159
