211
178
181
193
212
171
225
226
207
202
149
201
202
192
208
233
175
197
182
226
200
195
204
187
203
198
208
221
201
186
193
180
206
221
196
205
169
167
198
180
210
216
196
217
169
198
182
188
190
195
170
145
193
204
171
208
218
201
187
169
166
224
219
234
220
192
188
202
211
195
183
191
213
179
231
233
239
304
263
393
318
431
359
256
288
245
252
334
278
194
200
186
209
158
174
220
207
228
278
333
327
269
281
357
299
390
324
354
371
284
258
286
197
183
223
207
241
219
211
161
210
183
151
202
207
177
224
220
177
191
196
199
194
191
201
156
207
183
220
168
206
158
211
221
197
200
209
211
200
209
217
208
211
171
188
163
206
187
183
248
203
1883
190
212
204
218
211
176
192
192
242
195
187
204
218
218
190
214
197
216
158
214
201
161
186
191
213
206
203
227
172
165
210
219
205
199
139
202
204
230
221
221
196
212
194
233
175
190
192
208
190
197
206
218
167
231
173
194
167
207
214
211
215
200
203
210
233
198
203
197
186
169
135
770
174
177
196
188
195
187
207
184
206
167
218
208
173
182
216
200
208
203
207
202
153
199
203
189
212
166
220
147
146
196
234
224
214
201
210
160
219
192
150
224
217
202
171
218
228
180
167
221
210
204
197
209
188
150
213
218
186
220
193
200
201
171
217
179
182
145
206
201
209
207
174
193
183
197
148
267
185
180
210
158
147
187
195
197
198
192
175
178
171
204
195
188
186
175
201
154
193
187
216
198
191
167
162
169
194
182
162
176
181
162
168
202
192
200
176
160
200
195
184
200
186
228
211
188
200
172
192
191
168
199
182
202
179
206
175
192
169
190
198
179
196
172
201
176
192
181
184
173
188
222
239
172
203
197
185
183
172
198
207
191
190
206
181
194
171
184
207
193
180
178
259
166
194
202
169
162
191
190
201
176
200
186
204
191
201
186
207
170
200
173
166
167
190
183
187
198
192
164
188
162
163
180
174
183
185
180
188
158
233
171
186
201
187
207
201
197
179
182
187
180
174
197
172
169
210
204
193
301
235
186
215
181
184
216
209
198
189
188
171
223
181
177
164
203
154
187
176
220
190
173
184
175
188
203
208
182
208
166
176
203
189
219
303
198
206
191
197
168
199
178
155
157
187
159
215
199
179
188
192
187
198
163
171
144
182
193
163
189
181
194
197
218
220
173
184
161
158
160
195
163
202
193
192
192
177
193
202
163
198
153
178
154
205
165
187
197
194
193
176
189
205
189
196
179
182
221
199
242
193
213
239
174
194
201
177
196
200
179
187
207
236
233
209
198
212
201
214
313
162
219
187
220
178
158
198
185
210
169
192
180
180
175
157
162
177
205
190
175
166
191
173
163
205
207
172
160
213
206
186
194
206
196
184
196
263
176
169
198
168
223
182
200
176
186
171
176
185
165
199
165
219
208
203
191
184
194
194
179
181
195
175
193
172
186
192
167
151
195
184
195
197
175
200
160
200
210
219
192
184
160
200
180
180
148
215
183
240
151
200
152
180
195
171
190
178
162
156
176
149
195
232
181
200
174
198
186
192
168
189
201
195
204
182
190
188
189
184
200
190
155
157
186
168
201
202
269
250
186
195
201
202
209
182
165
182
178
184
148
182
174
166
180
195
153
202
154
198
198
194
193
185
181
174
170
197
212
156
199
158
197
200
167
215
192
187
188
168
197
187
174
193
189
210
181
151
191
196
195
172
188
186
167
184
159
197
204
173
153
191
182
192
198
175
156
186
200
194
175
187
198
158
175
211
216
210
223
205
188
200
192
175
178
209
169
204
200
190
207
202
179
187
214
187
168
201
177
168
210
185
180
181
184
191
288
223
174
212
185
192
222
175
198
190
196
164
194
194
177
201
171
222
237
318
161
157
167
192
205
191
192
195
197
163
179
184
210
162
166
206
158
149
185
179
172
195
173
180
190
189
185
170
189
165
210
197
193
205
188
164
328
219
192
168
211
180
187
173
200
152
159
196
199
159
190
208
184
185
188
193
169
192
173
162
148
191
210
176
175
178
206
193
192
158
211
188
198
201
154
150
204
196
176
169
174
190
176
168
197
188
210
161
178
168
213
212
179
351
192
200
171
202
192
203
161
155
162
176
138
205
190
187
187
189
194
171
154
171
167
155
201
184
177
202
178
134
177
164
172
192
185
186
162
161
158
180
188
175
181
191
183
209
198
175
202
179
183
200
194
158
198
184
182
165
198
198
187
202
208
188
185
194
172
199
188
176
169
