180
217
184
202
224
197
214
213
187
244
239
197
213
215
176
199
202
182
205
225
196
213
239
170
193
223
192
193
201
223
232
238
254
293
304
307
222
218
218
208
212
279
192
202
189
220
246
162
252
187
182
293
297
187
333
209
246
269
208
207
218
216
187
199
191
192
175
175
244
230
208
223
195
218
207
196
181
194
250
179
218
171
190
213
212
190
185
200
179
192
195
196
176
208
173
180
201
187
188
192
218
193
212
213
206
177
203
187
234
177
208
209
196
214
168
188
220
181
188
204
213
175
189
190
191
196
177
206
175
208
204
186
185
169
193
196
194
196
235
239
213
200
194
195
221
217
220
214
216
184
178
190
225
184
193
216
191
176
182
188
193
185
215
177
188
210
213
213
183
175
218
207
205
218
193
180
271
174
205
205
199
171
152
209
182
238
171
204
206
169
163
209
248
226
206
183
184
203
212
180
205
183
183
249
179
178
205
202
169
219
209
180
202
187
173
197
148
207
216
211
205
168
204
210
175
222
208
195
179
198
190
184
223
249
242
215
200
209
308
161
209
206
219
219
206
211
212
216
199
215
191
292
333
208
207
200
213
233
227
185
182
194
191
230
193
226
219
268
216
230
165
265
605
235
210
210
240
205
228
226
218
300
207
251
352
235
227
234
237
254
262
193
214
229
197
231
411
214
263
235
237
234
268
296
315
308
330
368
262
234
193
197
228
214
213
224
177
197
223
266
218
202
203
179
253
212
224
228
199
190
186
176
210
160
200
217
301
205
184
197
180
214
220
227
195
234
185
194
196
266
192
202
217
249
195
206
194
226
194
219
223
223
191
189
224
225
259
202
184
222
222
201
214
197
181
183
210
182
267
279
292
301
223
216
204
201
356
195
187
211
279
274
268
221
229
219
228
217
221
292
276
444
273
257
253
265
220
194
291
235
186
203
196
293
210
279
251
233
218
210
193
207
198
290
330
221
213
192
248
182
196
193
190
308
192
180
224
339
243
191
195
200
184
204
187
182
188
184
208
204
202
178
185
224
171
206
234
196
256
187
196
198
190
207
247
203
192
224
203
176
209
197
215
223
291
250
187
215
210
204
210
191
194
191
206
177
258
233
170
235
216
353
207
222
185
176
202
189
211
199
270
184
196
273
187
217
220
232
208
210
199
191
202
190
192
196
178
193
200
229
277
191
228
233
243
183
190
188
223
190
224
287
222
201
217
181
216
205
201
205
196
366
341
194
207
231
224
169
249
215
196
169
220
235
200
341
301
230
190
197
199
201
246
227
228
194
233
191
192
195
195
233
241
198
198
188
251
199
191
205
197
175
216
213
195
236
254
203
197
255
240
184
227
196
172
205
207
177
245
191
185
195
200
194
192
227
175
226
229
187
184
190
181
200
218
191
185
246
205
192
236
203
216
382
237
208
216
198
176
184
220
202
178
217
195
181
212
201
196
234
214
185
212
209
218
224
201
197
209
217
176
163
181
222
225
166
171
345
210
160
171
188
185
181
230
227
332
204
231
218
189
188
179
207
182
196
210
209
194
188
185
213
223
180
228
291
224
200
191
193
191
183
224
214
196
206
218
196
200
214
227
182
197
270
224
210
204
211
232
189
503
210
177
202
233
182
194
188
182
248
226
184
205
210
228
191
248
218
196
230
203
238
187
193
220
205
217
196
206
180
196
205
187
172
193
201
195
191
189
194
182
207
219
186
196
220
188
214
187
202
207
221
211
193
183
189
191
220
215
204
201
183
192
227
218
183
187
194
179
216
184
218
200
195
205
212
207
182
205
193
231
213
197
200
195
214
197
213
214
197
192
192
178
177
194
181
197
220
189
198
211
196
205
193
213
180
191
176
178
183
241
202
258
202
201
178
206
224
188
181
222
184
199
203
174
179
163
218
191
195
193
183
209
200
203
187
193
181
200
203
201
205
189
185
210
197
216
185
233
199
192
176
196
200
189
196
213
197
206
185
185
177
183
264
198
197
267
180
206
222
198
198
259
228
203
215
175
184
212
187
213
224
181
190
186
202
204
202
205
195
195
213
196
184
213
208
177
186
194
202
221
188
185
195
181
176
184
180
229
186
175
188
187
191
206
201
205
196
218
191
202
178
170
168
189
182
199
183
190
223
176
227
183
167
199
183
212
202
201
191
193
186
177
171
208
179
200
178
192
195
166
178
215
179
272
170
193
209
194
162
178
247
207
174
183
175
174
193
200
204
205
210
189
218
202
202
189
194
195
177
184
181
199
185
186
191
197
167
208
215
