172
237
195
335
260
243
221
219
156
189
190
189
205
203
193
197
206
167
189
203
184
219
170
202
169
195
219
189
171
182
199
147
137
163
220
180
213
314
168
202
143
212
153
199
204
150
148
223
140
238
181
184
149
151
148
130
146
202
170
188
158
198
177
147
206
155
166
172
176
144
198
129
174
186
150
201
169
185
203
200
196
138
130
184
179
263
152
181
147
203
195
172
183
188
156
194
175
188
212
155
150
196
220
199
225
161
174
172
191
137
166
191
169
181
175
208
147
188
186
174
215
128
208
185
220
188
188
181
128
192
202
168
199
206
141
206
188
149
211
188
181
198
170
198
161
197
189
173
137
182
158
141
181
165
191
182
181
206
186
174
216
243
154
215
187
191
140
201
196
150
186
208
160
128
183
193
154
207
184
189
160
212
197
147
135
154
179
178
178
208
346
201
150
209
217
149
168
150
139
189
150
303
168
146
193
150
194
189
153
225
168
214
154
138
149
150
199
162
176
220
164
212
151
162
147
129
194
155
188
149
162
176
282
214
173
180
160
137
145
144
219
187
190
166
184
170
191
151
152
199
155
187
155
193
188
176
177
168
172
169
187
197
174
185
201
181
150
210
184
194
186
181
192
145
214
188
268
299
233
185
206
155
203
188
202
210
188
150
189
206
203
181
204
233
253
221
227
245
162
152
200
201
204
248
235
232
214
268
206
138
199
154
178
232
184
203
160
202
130
152
183
168
172
129
180
201
190
217
175
224
184
162
153
228
173
174
177
199
168
165
188
198
172
176
191
198
147
179
206
333
272
200
149
233
190
184
179
237
275
156
204
224
234
206
171
175
167
151
225
180
212
188
188
198
158
204
181
206
202
199
183
169
194
212
186
197
190
163
143
180
208
183
136
322
180
137
183
194
175
292
193
208
171
162
204
159
239
172
163
207
132
185
142
184
168
166
165
169
162
161
192
205
180
190
187
162
205
181
210
156
184
159
167
215
171
186
192
198
178
155
187
183
173
155
140
137
186
194
161
193
205
189
168
189
186
143
180
148
326
197
163
182
197
180
126
189
135
155
220
137
185
211
190
218
155
201
179
170
212
148
181
140
179
185
165
163
155
188
195
167
171
197
154
172
175
161
192
196
152
155
217
197
196
130
201
181
184
172
188
140
205
160
196
173
192
180
161
195
178
216
203
201
171
232
188
183
145
214
183
157
224
222
141
182
236
129
233
165
210
148
222
181
162
231
171
235
230
205
155
261
225
194
131
210
205
179
163
156
200
216
153
142
148
141
219
190
209
159
178
189
257
178
184
235
200
152
157
179
197
166
244
241
131
170
223
214
217
167
216
173
177
146
209
185
181
201
188
180
159
160
168
417
540
201
193
216
182
147
201
235
194
190
225
187
190
200
215
161
199
147
235
165
214
231
177
175
233
214
192
180
185
318
162
217
220
240
175
227
210
162
224
163
216
228
222
240
156
205
150
158
133
187
228
147
187
237
185
224
261
308
205
249
367
341
395
298
259
222
182
232
251
148
184
242
502
226
174
215
236
222
187
230
144
171
228
210
330
199
223
187
227
196
200
222
178
213
181
219
228
207
173
167
230
237
206
210
220
137
212
163
221
182
216
210
172
200
163
210
202
180
143
233
566
230
168
213
155
219
208
214
227
158
227
219
214
202
211
176
219
211
150
234
200
190
229
224
163
185
210
183
203
228
303
182
177
214
226
211
168
173
206
151
149
241
132
179
190
227
170
150
194
247
170
192
207
171
133
148
208
117
183
226
142
147
214
208
139
223
198
210
164
214
142
184
169
181
172
169
207
169
187
218
186
185
154
311
227
214
152
202
228
215
187
221
165
181
142
149
160
224
224
222
213
227
184
204
176
146
225
222
215
213
249
198
160
211
184
167
156
186
215
184
185
171
207
171
165
216
222
191
171
177
154
217
183
172
149
164
223
151
166
208
271
229
169
212
190
171
152
197
181
179
183
176
217
183
176
171
227
210
199
189
202
221
145
197
164
167
195
218
217
138
226
277
135
180
211
194
305
183
164
163
185
198
205
160
158
205
211
184
185
168
183
160
238
201
234
208
177
209
172
166
185
156
235
226
208
202
191
209
170
202
226
147
135
153
200
168
220
202
228
234
148
166
184
235
231
200
155
158
244
232
156
231
226
214
133
202
228
249
209
172
65003
232
201
233
169
213
182
165
191
226
210
253
178
234
177
217
231
179
222
3161
213
157
249
203
154
220
191
190
206
143
151
229
213
170
221
246
329
172
