156
156
167
159
233
220
155
163
241
168
154
168
151
158
159
164
151
193
220
151
155
226
166
158
155
217
161
149
156
155
166
155
157
239
157
163
154
151
162
168
159
227
163
165
186
168
207
232
156
153
232
195
211
159
163
209
154
168
158
157
208
158
150
165
147
152
163
157
165
146
161
146
153
216
165
150
210
150
162
158
144
157
161
179
273
163
159
161
159
152
155
148
193
152
144
151
230
220
151
168
159
150
155
148
208
150
155
230
143
216
155
149
161
189
229
157
173
241
151
146
162
178
157
163
216
162
166
159
172
241
162
147
186
150
148
204
165
162
139
152
153
152
148
157
186
145
148
173
156
158
149
147
203
241
152
161
163
237
151
150
165
156
171
242
159
156
206
151
162
232
202
215
161
152
152
172
235
219
151
159
148
160
203
157
150
148
187
227
142
141
210
153
166
148
147
161
149
159
140
165
207
173
139
207
164
147
152
196
206
149
159
159
140
149
167
199
143
149
213
133
157
157
152
224
147
158
134
141
256
397
166
184
168
167
166
177
167
183
173
170
159
167
171
169
163
215
167
172
165
213
175
158
153
153
206
165
165
179
165
217
149
170
219
153
164
160
208
139
147
173
191
145
160
154
144
151
147
304
199
208
242
213
149
149
206
354
207
144
163
227
170
145
144
225
153
140
219
144
145
226
136
141
141
224
143
139
197
140
141
143
143
144
150
142
149
224
207
153
157
141
152
141
151
139
145
206
200
140
137
210
149
135
157
137
234
200
139
153
198
148
153
195
156
140
136
140
214
142
203
238
140
144
219
141
141
208
136
138
324
191
150
142
207
147
228
139
141
155
212
140
142
138
151
137
143
137
150
142
141
213
149
146
195
137
142
139
146
155
209
139
210
136
143
206
150
148
145
220
173
160
139
146
186
200
163
153
143
151
135
215
141
139
157
213
162
141
200
161
137
153
190
144
199
140
144
144
164
196
143
141
140
200
143
152
205
150
137
146
203
205
145
138
201
142
137
186
199
135
151
203
136
140
143
139
157
138
136
131
145
146
156
144
157
143
131
165
137
153
136
150
142
147
143
208
149
154
149
140
141
140
180
210
139
146
144
162
151
145
141
136
199
142
156
153
159
157
189
144
156
137
208
148
154
194
145
139
191
139
145
214
195
141
138
141
166
136
213
139
134
193
140
144
145
139
184
144
138
147
156
152
137
150
186
200
148
138
146
240
157
164
223
135
160
219
148
170
141
157
209
213
138
148
175
142
147
149
140
154
162
128
148
151
167
153
146
175
215
155
153
230
220
164
182
213
143
142
145
160
148
162
145
152
141
167
229
140
139
141
138
151
234
149
129
148
204
138
160
143
149
152
141
148
186
161
148
156
221
160
142
219
214
151
147
159
144
169
159
153
151
226
147
206
157
154
230
221
225
141
145
212
137
150
213
154
210
152
165
143
157
202
151
147
200
158
146
210
140
165
140
214
141
150
200
185
139
155
155
162
162
212
159
167
146
150
140
142
145
139
216
181
158
148
151
141
181
159
220
157
143
171
143
167
209
144
147
140
138
151
150
149
213
141
144
149
140
209
152
148
158
214
162
166
255
205
144
148
216
155
148
145
205
149
167
145
159
152
224
158
151
144
138
143
143
147
151
160
152
144
227
222
144
148
220
141
186
141
150
142
155
163
149
163
144
155
146
148
232
234
147
192
150
217
157
143
157
162
173
163
159
160
215
184
162
149
140
151
170
143
148
151
157
150
140
151
168
169
150
202
197
159
161
203
154
217
146
143
198
161
147
221
147
157
168
146
174
159
158
151
149
206
149
154
147
168
169
199
153
145
161
153
209
210
161
151
201
208
151
152
165
222
157
149
162
173
176
152
157
169
168
146
150
149
169
202
159
162
153
151
195
147
157
150
157
145
161
157
155
155
158
153
151
195
147
154
163
153
150
159
151
148
152
153
159
170
148
155
152
202
176
156
167
151
170
149
154
148
146
210
159
152
176
154
151
157
151
152
152
219
155
154
172
154
153
142
142
147
144
149
212
138
144
139
152
146
150
143
151
232
146
133
144
138
155
167
200
218
138
149
215
153
155
137
147
149
169
146
127
160
142
154
228
150
146
156
141
141
159
136
143
141
161
142
137
147
160
149
199
155
141
148
147
141
143
158
159
201
199
138
162
147
167
223
155
141
205
145
206
143
142
148
131
151
145
157
203
149
154
151
191
153
146
138
146
142
218
138
146
157
215
219
148
150
143
205
147
148
226
144
149
223
