42
42
68
72
73
74
74
75
82
42
40
49
39
73
73
40
78
42
76
49
47
43
39
38
67
83
69
64
41
42
42
97
86
88
90
79
35
42
74
42
72
43
54
42
107
90
79
47
102
101
44
74
65
156
53
132
100
48
72
60
42
45
62
74
41
28
88
59
60
42
75
67
79
45
49
100
55
59
55
79
69
83
48
66
35
42
51
90
70
66
51
76
75
42
55
61
77
81
60
68
75
43
69
88
74
66
74
65
96
33
42
95
71
52
94
87
98
47
104
50
101
43
84
68
79
39
82
42
78
43
43
58
88
53
34
77
82
81
42
96
38
81
75
74
34
45
69
76
79
73
73
42
77
216
53
89
49
82
83
41
79
67
58
50
70
86
69
86
41
67
45
69
50
60
39
84
42
56
42
39
47
49
66
76
77
43
89
41
102
50
60
44
68
71
70
41
82
69
74
81
39
69
67
41
40
75
69
61
77
34
82
72
43
67
89
59
77
60
77
42
45
42
50
42
58
75
39
75
89
72
77
42
82
65
75
43
79
84
71
53
68
74
66
43
45
85
71
74
67
42
43
58
114
102
202
39
99
89
56
151
108
59
95
80
93
147
44
79
65
72
76
59
69
57
45
44
89
76
78
80
73
42
71
53
43
65
60
78
69
66
39
74
41
72
71
47
73
75
72
42
74
72
80
77
90
83
60
69
48
80
65
91
68
83
43
69
73
103
73
84
81
66
88
42
47
104
95
88
76
77
74
78
86
84
41
82
78
77
45
84
40
84
83
96
75
74
73
48
38
40
74
74
45
48
60
41
77
74
39
59
82
79
45
68
67
81
40
44
48
48
47
77
76
73
71
41
43
94
120
123
49
117
64
77
82
88
59
85
41
49
139
49
76
68
34
82
100
38
34
85
65
76
76
69
32
86
44
77
43
39
80
73
71
40
84
75
46
93
84
75
46
42
72
52
39
80
82
62
81
77
68
42
49
100
87
81
40
83
74
83
77
77
99
73
42
63
86
55
56
69
85
82
70
40
84
62
40
74
66
44
69
40
35
91
73
48
89
33
74
40
60
73
73
43
64
75
74
40
70
57
47
38
71
81
41
42
42
79
81
72
43
43
80
51
58
104
128
66
90
113
64
79
91
56
98
80
66
72
66
79
60
63
40
70
40
62
81
72
42
78
76
88
71
79
68
73
65
65
43
39
77
45
80
43
40
63
46
34
80
39
63
76
47
80
70
39
44
38
40
72
80
46
88
78
61
86
72
67
81
40
90
35
67
78
75
40
83
77
39
39
70
59
67
80
88
85
69
88
68
34
40
80
62
74
83
74
72
79
44
38
81
79
80
85
59
49
40
50
84
84
35
79
90
79
75
73
51
165
69
49
41
92
88
48
41
70
78
93
43
49
82
82
84
65
67
72
40
45
105
102
96
87
75
59
78
74
67
77
72
51
81
40
73
47
106
44
82
48
49
74
67
72
94
75
50
42
79
45
43
94
57
77
42
44
34
88
95
43
108
71
44
44
65
43
81
54
72
67
80
79
42
39
54
66
67
43
70
49
42
43
42
85
70
85
46
59
86
42
51
65
43
64
85
42
43
53
41
42
79
81
70
44
41
70
76
183
90
53
42
41
41
49
69
75
67
69
42
87
83
53
68
49
76
75
66
43
70
676
82
35
44
79
73
42
40
50
81
85
35
41
111
75
129
53
45
69
71
85
34
90
64
41
43
42
94
67
68
50
98
94
42
42
78
66
75
55
51
76
76
73
47
92
59
41
43
43
78
69
78
77
40
83
50
71
49
83
73
41
42
47
97
82
79
39
73
74
86
45
88
43
48
80
42
81
80
40
39
35
49
45
39
52
76
85
83
41
94
49
70
79
39
64
78
45
72
68
66
62
76
45
70
46
72
71
39
46
79
40
40
67
40
54
65
71
41
66
46
74
59
40
31
64
40
39
62
58
70
68
79
38
320
79
47
66
64
74
64
69
33
69
68
42
72
71
46
76
39
40
71
39
58
66
83
67
66
68
41
75
38
38
66
40
40
75
46
39
73
34
40
71
57
40
42
39
39
32
68
47
69
73
40
38
37
45
71
56
61
39
91
67
42
39
72
47
68
73
38
39
77
35
32
79
46
88
91
82
25
83
39
39
68
46
89
87
40
40
75
38
40
72
80
63
85
78
71
51
73
80
63
98
76
71
56
74
72
92
110
101
50
54
59
61
65
103
59
56
176
114
74
61
65
74
138
101
170
87
142
98
138
137
