53
84
63
43
45
66
40
62
75
58
109
63
77
47
72
65
88
76
40
40
59
77
41
40
43
80
88
71
65
38
39
68
59
100
87
41
80
44
71
86
56
64
39
90
40
86
72
38
44
41
41
41
72
42
42
79
74
40
103
49
41
85
91
41
84
43
41
41
48
45
44
90
40
101
131
44
39
99
38
81
82
107
76
43
42
82
39
45
47
44
186
41
75
38
39
41
40
40
73
41
40
88
41
87
40
39
41
39
45
39
97
71
32
102
42
43
42
42
39
79
33
86
42
68
39
40
38
40
66
42
72
96
73
72
40
69
65
44
73
39
42
46
33
82
59
41
40
40
85
73
41
36
37
52
78
77
39
50
80
36
41
89
69
41
40
38
63
93
75
40
96
46
47
65
42
41
64
77
47
80
78
49
164
50
42
42
66
97
73
79
42
40
92
84
67
35
84
83
33
79
39
37
70
40
38
78
76
41
98
86
55
91
57
131
72
80
39
68
75
40
89
76
39
88
47
38
75
60
71
38
84
48
40
85
49
42
67
67
94
73
46
44
78
79
74
87
40
68
37
45
68
75
62
67
77
39
38
76
95
73
90
41
44
77
73
93
67
40
80
41
42
77
39
63
68
79
54
46
75
41
41
77
43
34
39
40
40
68
43
50
42
41
82
42
74
39
44
48
76
39
81
89
35
40
110
41
67
39
41
39
91
79
42
42
80
43
85
39
45
40
33
32
71
43
41
71
44
66
44
44
78
75
82
71
41
39
76
42
42
73
44
41
77
48
41
65
75
45
70
43
41
62
41
42
42
41
96
72
43
80
80
40
53
41
42
46
90
40
76
97
40
39
44
69
41
43
50
66
69
92
77
49
318
47
65
34
93
45
77
70
64
42
43
42
53
117
45
80
93
73
47
102
82
88
54
72
50
55
42
42
97
50
93
86
83
82
89
53
93
123
55
78
96
160
69
42
44
67
143
110
37
44
77
59
84
47
45
76
60
52
43
67
85
87
94
47
73
71
69
63
92
40
78
45
73
67
80
76
75
71
39
50
65
59
52
79
57
81
42
78
69
80
105
39
39
69
71
82
46
38
32
94
41
80
71
41
32
42
84
74
49
92
47
74
53
32
53
49
41
68
72
86
59
61
100
101
38
66
48
42
78
68
39
92
42
41
53
77
46
68
140
53
81
87
48
44
94
39
40
33
40
83
37
39
57
47
45
68
76
41
79
39
35
39
77
83
47
40
41
40
94
74
39
38
40
42
76
69
67
38
40
39
85
71
32
44
50
43
66
85
78
41
43
49
71
67
56
47
39
40
70
69
82
48
39
40
68
74
87
75
86
90
86
82
69
39
51
106
63
81
45
57
43
53
70
48
52
39
48
39
81
80
38
79
78
84
76
54
86
86
80
87
105
107
70
91
84
77
99
101
71
87
84
78
88
42
87
67
90
73
74
82
42
75
57
73
48
75
48
70
49
46
40
78
40
75
47
49
75
43
38
49
46
43
44
44
43
69
42
133
42
34
122
67
67
80
89
47
43
76
79
82
41
72
43
86
43
88
43
47
43
82
82
87
50
38
69
75
41
71
121
43
44
53
73
47
35
94
80
88
79
34
41
73
40
94
81
40
42
50
38
70
47
42
42
44
42
81
61
49
45
48
57
78
77
73
139
155
82
47
71
92
60
40
66
40
88
101
65
40
107
38
40
47
80
47
40
39
50
42
46
39
73
43
70
53
67
86
65
84
42
41
57
39
44
51
56
49
69
39
46
62
81
42
42
69
94
123
57
127
62
93
109
96
87
45
71
55
61
197
43
42
94
69
73
254
51
42
43
69
45
76
40
176
39
75
35
68
43
49
125
49
71
38
217
43
40
56
68
86
73
68
58
69
67
42
42
42
150
67
76
43
46
42
43
43
42
45
52
79
42
39
57
73
65
57
71
46
41
49
90
87
43
81
51
42
72
88
71
184
48
40
82
72
48
82
111
65
44
42
79
67
34
39
104
44
65
76
43
44
41
44
78
40
41
89
57
38
45
39
88
68
42
35
38
66
72
82
75
45
43
54
70
39
54
39
44
42
41
47
49
125
67
114
43
57
48
99
89
47
41
102
41
80
73
42
41
71
42
50
65
81
42
54
60
42
102
69
64
91
71
62
91
48
77
41
40
94
85
63
68
42
98
64
58
49
89
38
45
82
90
81
46
45
84
52
41
100
41
61
83
41
42
86
80
42
150
118
43
91
44
41
78
44
54
49
46
48
72
42
