77
68
41
39
47
71
60
55
73
77
74
80
48
40
79
82
85
42
55
62
49
48
82
43
75
41
41
82
43
34
52
77
38
130
142
51
52
91
56
55
62
100
47
84
85
94
43
45
81
54
39
49
79
91
56
75
72
43
79
54
39
48
40
46
46
95
90
82
40
65
111
56
212
60
509
51
52
44
40
43
76
58
66
91
199
55
48
67
104
86
46
84
81
47
45
45
82
66
45
43
67
88
86
41
90
43
92
41
50
86
42
75
73
42
80
42
212
36
43
44
44
61
80
44
49
75
74
82
43
79
43
42
48
45
33
49
44
45
107
76
44
42
94
87
42
41
52
43
56
60
50
57
39
107
81
44
42
82
90
40
102
42
96
46
40
78
72
93
47
50
54
75
85
60
66
41
38
51
53
39
56
75
87
40
67
46
67
68
47
71
39
83
40
46
76
79
87
40
43
88
71
77
72
45
85
83
49
87
46
69
67
50
39
39
67
40
82
66
39
46
70
78
38
45
81
42
85
176
40
78
39
40
40
89
174
79
43
46
64
45
42
69
49
39
40
49
39
43
85
39
43
100
78
82
93
73
67
78
79
42
48
42
45
76
79
100
42
42
83
33
70
45
43
391
99
38
39
93
81
60
48
42
72
52
41
43
44
50
77
84
72
42
48
44
44
41
51
43
41
76
93
41
40
45
52
83
52
54
67
85
44
81
40
106
45
80
72
74
73
44
69
43
42
43
40
75
40
39
67
59
61
39
94
39
42
78
89
41
92
91
41
36
41
42
89
70
41
40
78
66
74
38
124
41
40
87
50
91
67
63
39
87
64
72
39
86
40
85
100
42
40
83
75
45
48
40
86
67
67
45
42
40
210
91
116
40
52
38
41
42
44
51
64
42
39
42
85
83
43
42
67
42
85
44
41
39
41
103
72
43
38
92
40
84
39
43
81
91
41
105
40
75
42
83
89
41
67
45
40
42
39
39
38
39
73
81
40
74
39
39
32
45
41
80
39
88
40
43
74
39
78
38
40
73
42
40
39
46
72
67
87
50
48
70
72
89
46
49
71
62
68
46
38
91
81
42
41
39
73
40
68
48
41
77
77
41
45
55
42
101
55
70
130
66
57
76
79
61
79
76
50
49
155
53
76
39
150
84
67
59
104
54
41
94
42
41
43
76
43
34
43
41
43
78
43
92
44
79
90
76
41
94
73
83
66
50
80
39
73
42
42
92
84
91
85
50
75
79
76
78
86
56
80
71
42
42
44
103
78
42
32
43
80
67
43
40
43
75
147
53
76
54
120
60
66
245
62
114
92
57
56
90
89
41
47
42
49
78
76
70
64
90
40
47
80
97
98
43
42
73
45
94
79
67
41
83
59
43
80
75
75
82
44
39
67
47
77
47
86
66
82
65
49
44
64
43
85
44
51
42
88
40
82
69
40
74
81
79
53
152
41
41
76
43
41
43
107
125
59
97
42
38
45
49
38
94
43
39
89
83
41
44
42
91
48
39
165
39
80
86
61
65
62
115
55
59
82
127
61
59
43
44
98
45
80
81
43
183
71
81
40
40
53
58
44
85
44
49
45
43
75
48
64
53
46
89
43
69
63
90
103
42
42
83
43
44
42
69
44
43
42
42
43
42
42
34
42
41
68
50
86
43
66
75
77
43
73
43
46
34
49
56
75
137
115
43
84
42
42
48
42
48
49
43
85
42
44
44
42
60
479
34
83
40
79
42
81
74
49
42
74
47
67
40
48
42
39
42
66
48
56
64
102
56
175
97
110
43
76
39
41
87
79
45
81
41
43
73
78
41
39
44
72
64
39
68
40
38
78
48
39
40
43
87
76
33
48
50
70
66
43
47
50
41
40
47
40
84
83
62
49
42
99
56
81
47
38
83
40
75
75
40
48
44
69
81
45
65
46
42
78
45
74
45
77
72
39
75
40
79
66
43
68
55
54
40
45
66
41
77
71
41
85
40
69
70
47
107
39
68
73
39
66
40
45
42
79
77
40
75
78
73
49
40
70
40
46
80
41
57
74
42
93
39
74
76
45
41
56
117
77
48
41
76
76
44
41
46
42
94
59
126
109
59
78
119
103
81
108
78
121
117
86
58
86
60
88
45
65
82
40
77
82
42
50
57
83
43
75
40
51
90
74
83
44
41
38
46
52
76
39
42
77
38
76
39
79
42
49
67
42
42
84
63
50
48
75
82
39
39
33
80
41
80
39
41
77
53
84
43
50
40
56
88
40
83
77
38
38
47
