173
188
258
297
153
218
274
190
172
212
193
136
175
199
157
183
181
184
174
165
184
176
205
166
158
175
136
158
213
228
180
226
179
211
200
156
192
206
179
138
200
192
183
187
179
201
169
209
187
225
180
163
165
181
217
169
178
199
149
168
267
193
221
203
189
222
178
177
215
195
191
203
202
200
192
203
195
179
230
168
190
209
211
198
205
194
218
217
198
174
188
234
214
301
187
221
248
181
214
218
189
232
205
190
194
198
200
202
202
196
200
357
208
221
337
207
198
194
226
234
193
201
238
183
212
199
226
211
219
205
220
208
227
208
188
192
216
194
226
199
207
201
188
193
207
211
215
210
226
210
193
200
198
211
210
181
166
198
236
221
217
195
213
193
185
203
231
393
367
210
240
206
435
260
227
223
300
196
208
220
279
197
225
221
210
198
258
314
230
210
448
224
245
248
232
231
294
248
256
307
209
210
258
203
228
219
260
257
336
222
262
240
227
205
210
234
272
222
218
228
225
217
193
189
203
210
218
298
241
208
236
252
219
318
208
203
252
194
214
207
232
222
219
211
201
225
291
326
265
202
199
211
242
255
249
206
308
219
233
275
209
195
270
289
226
260
219
254
212
191
217
190
188
177
218
250
209
205
235
198
177
166
183
250
164
161
208
161
176
223
189
194
329
177
173
168
193
201
183
154
176
170
189
243
199
172
186
176
196
212
168
178
189
162
172
157
189
304
160
208
274
208
251
353
222
149
253
172
177
194
156
176
214
200
170
177
176
192
170
172
161
211
213
221
156
156
148
154
175
154
323
167
214
203
177
222
208
192
178
177
177
251
203
177
174
231
156
153
204
157
175
180
234
250
200
211
250
169
190
225
167
212
175
217
205
167
208
219
175
179
345
211
219
185
157
177
256
176
287
322
252
299
327
211
192
161
187
177
171
153
175
344
198
250
182
223
198
153
417
163
153
196
329
175
188
166
167
231
164
178
174
217
175
205
180
210
207
198
206
192
278
215
178
219
176
237
157
163
154
189
210
174
266
208
181
160
238
162
175
192
157
176
187
194
221
174
203
176
243
220
175
158
219
200
210
190
226
215
213
206
174
183
167
169
153
203
149
204
173
211
179
238
175
226
228
194
181
232
189
216
185
182
220
180
241
193
180
228
218
242
202
188
227
221
209
236
196
192
160
205
202
226
195
164
168
176
199
187
187
182
181
206
211
200
161
205
172
188
174
150
201
208
229
155
185
219
182
160
173
174
190
318
291
214
196
214
168
199
207
190
172
207
167
164
216
190
226
172
254
234
180
204
191
211
165
158
168
202
204
185
195
257
218
240
262
148
178
164
177
185
197
217
170
160
227
181
175
206
169
203
153
203
177
161
164
163
186
207
216
196
204
168
191
174
166
178
165
167
188
187
171
161
182
235
167
183
262
260
233
249
178
186
179
162
175
201
178
162
160
166
166
231
159
183
161
171
168
206
175
166
150
170
171
192
159
173
156
161
165
173
186
165
192
182
240
208
156
201
169
171
166
208
166
159
204
209
236
150
163
164
225
187
207
229
160
227
202
153
172
176
200
164
171
203
165
209
161
155
161
204
178
170
217
316
218
226
175
207
263
270
272
229
199
337
333
435
248
301
339
218
327
232
292
228
196
219
193
183
186
191
172
175
200
206
199
192
234
246
307
214
216
195
215
169
196
180
218
269
206
208
182
185
198
197
173
227
254
230
204
180
186
185
191
249
172
195
175
180
200
182
182
182
201
187
168
202
192
187
200
217
182
189
208
175
218
200
190
180
188
194
218
201
188
183
200
170
224
171
185
306
176
218
180
179
188
233
181
213
234
204
206
185
232
183
184
185
232
205
182
214
226
213
170
170
183
178
246
237
207
215
199
187
216
214
208
219
200
192
229
195
199
234
190
188
171
185
186
227
189
185
207
202
186
189
221
157
190
228
243
184
218
180
202
208
193
213
233
184
177
234
194
221
178
180
178
234
190
183
223
195
193
202
183
189
217
194
189
177
207
189
225
225
192
237
185
180
238
187
224
199
194
244
212
204
236
185
242
213
187
228
179
228
188
180
228
204
184
196
214
182
184
221
172
181
190
183
241
213
174
181
186
174
211
230
227
227
209
195
226
178
189
203
210
186
187
186
209
232
187
208
192
246
232
247
183
189
210
233
196
195
200
216
206
214
232
203
203
199
221
207
204
203
187
241
205
199
197
189
197
257
230
210
192
190
204
231
204
203
206
200
193
202
184
185
204
227
183
215
198
198
