182
177
170
179
177
172
192
259
201
192
178
187
197
390
255
204
205
356
264
205
237
206
197
215
205
202
201
280
280
182
238
226
215
391
463
253
276
316
208
191
204
355
187
205
208
310
210
201
204
192
218
201
195
200
234
216
273
215
229
242
216
300
204
223
208
223
213
215
232
226
231
211
230
219
247
242
231
236
232
397
216
237
224
272
213
222
224
331
223
230
312
212
273
230
210
226
224
223
337
222
316
207
224
218
212
283
209
271
228
346
277
218
290
215
225
220
218
216
261
195
221
215
207
214
221
206
286
298
292
210
208
291
203
388
282
211
243
197
212
200
212
210
211
304
185
278
284
306
281
298
219
241
299
220
243
222
189
173
195
206
243
187
240
207
206
332
302
172
210
186
182
174
190
176
200
231
171
276
184
179
168
211
298
210
181
221
201
225
260
248
323
167
418
176
199
211
220
307
195
167
208
183
256
200
194
250
264
222
276
224
201
261
174
326
209
238
197
226
291
262
189
183
316
325
173
195
170
226
174
208
219
205
194
263
234
180
169
171
173
194
191
218
173
192
240
180
195
162
198
159
181
183
184
210
193
229
188
370
248
309
272
239
215
244
215
254
256
238
237
611
230
247
211
286
247
247
240
260
238
200
253
224
260
211
234
240
236
221
269
211
256
230
220
254
232
225
241
264
260
225
211
237
222
216
239
221
186
218
227
215
206
236
238
214
210
216
214
226
226
234
222
248
229
262
211
222
221
247
218
237
219
258
218
222
291
233
214
225
214
249
238
222
228
235
257
240
224
230
233
233
216
239
208
240
269
228
237
234
225
224
247
258
209
225
209
203
228
185
214
178
183
183
215
180
177
180
181
194
211
192
207
234
278
226
382
606
283
435
217
232
223
310
236
311
224
285
214
211
220
238
222
229
224
289
396
231
213
214
275
217
258
259
291
219
310
224
386
247
213
232
209
224
465
230
351
226
221
216
251
215
218
322
213
204
272
240
210
254
245
211
296
238
359
206
296
279
245
295
233
243
209
203
336
208
209
231
209
335
200
257
195
206
213
195
279
228
353
261
231
200
235
259
248
302
305
211
238
272
221
317
248
189
270
221
262
236
231
287
176
207
211
225
212
240
224
215
237
234
361
215
229
236
256
205
261
216
219
267
221
207
297
286
239
229
242
214
211
195
223
235
198
233
184
228
214
218
238
234
313
190
197
255
238
194
204
250
218
199
244
206
197
219
253
212
208
228
222
254
259
241
225
200
232
264
218
261
223
219
221
220
188
203
204
240
193
175
232
202
208
237
275
222
188
560
213
437
191
182
161
175
159
200
173
169
179
158
161
235
167
188
192
177
167
162
182
174
164
217
183
181
181
170
218
224
186
223
222
197
220
222
199
175
179
187
186
187
180
197
173
168
168
209
170
197
175
232
236
179
195
216
190
209
182
206
184
178
173
188
189
189
164
184
176
297
263
229
170
172
223
215
247
177
176
187
279
264
180
176
195
177
185
175
201
177
185
184
228
180
168
171
191
214
255
172
229
234
166
177
216
302
206
229
606
211
198
225
215
226
203
209
211
188
224
219
203
214
209
201
220
193
206
213
214
191
210
206
206
219
187
219
223
218
206
349
198
195
233
194
193
225
219
216
219
215
231
220
203
217
187
195
192
215
218
183
210
191
194
213
209
256
198
191
199
216
224
220
212
228
320
242
213
203
225
217
251
194
223
192
214
208
217
236
201
208
223
197
213
270
210
192
191
218
219
326
213
219
212
216
207
210
220
193
212
193
217
209
210
240
200
226
264
235
202
205
219
200
220
203
205
215
217
199
224
220
206
177
199
191
211
208
198
181
220
198
207
229
219
190
218
223
222
199
206
235
198
213
178
212
202
216
189
196
223
220
179
228
198
224
201
190
207
202
250
350
207
330
201
215
228
213
219
254
216
236
212
204
228
205
197
261
227
205
214
212
239
204
229
203
203
207
205
236
204
222
226
207
211
232
198
200
250
213
215
260
210
219
199
191
192
196
184
197
195
248
209
189
207
194
207
264
230
201
206
248
195
192
210
210
203
201
312
217
226
199
194
190
230
214
214
296
216
227
210
229
258
230
225
224
213
215
204
211
204
216
212
186
213
244
230
218
228
224
214
214
188
218
191
207
216
232
255
211
199
201
232
207
223
196
202
225
212
202
228
227
242
220
209
217
212
251
207
216
215
206
200
213
214
209
228
205
215
217
207
215
199
214
219
282
215
212
211
214
224
210
219
214
213
202
215
205
