173
153
165
163
157
206
190
143
161
160
163
166
169
132
176
172
151
160
184
164
180
153
184
161
185
160
171
137
171
155
161
153
159
160
188
160
153
183
180
176
168
165
177
177
165
162
164
192
227
178
144
168
169
173
179
158
166
182
180
166
171
167
171
166
191
141
164
153
183
163
202
171
172
189
159
236
151
157
183
177
186
260
167
163
172
188
175
205
186
171
201
184
169
175
188
179
169
137
185
167
165
169
181
182
163
162
178
152
169
181
187
169
199
172
173
191
164
169
178
175
190
201
193
196
177
186
168
167
162
170
177
186
177
179
189
187
177
163
154
163
175
155
174
168
178
189
297
176
185
157
170
166
154
174
156
152
157
168
173
167
149
181
164
176
169
162
165
155
166
186
176
163
178
149
164
163
160
159
161
170
164
165
165
177
169
160
178
160
178
160
186
166
174
169
172
152
163
160
180
161
174
166
176
157
155
169
158
175
169
158
172
156
152
150
150
174
148
190
159
178
163
164
158
173
159
179
162
165
150
150
146
193
144
173
164
172
179
164
161
165
151
180
173
162
160
173
175
155
166
158
156
169
190
180
186
203
213
215
197
244
202
190
199
153
167
163
162
183
149
167
172
192
158
152
168
158
174
174
157
161
175
165
165
174
176
178
172
167
205
163
171
159
187
163
173
180
161
160
173
170
157
172
189
186
195
177
159
176
156
165
186
187
149
220
212
206
181
164
167
190
176
159
170
201
175
168
168
167
183
151
166
154
163
137
161
160
184
168
165
157
184
168
165
163
160
162
162
163
175
198
155
180
161
229
179
143
180
149
198
188
153
163
170
157
161
163
157
163
179
155
159
162
184
182
164
171
182
185
176
182
160
144
186
153
174
139
155
164
185
133
194
174
167
195
168
171
165
150
175
165
180
217
139
166
122
180
182
189
164
186
169
158
157
185
181
172
158
163
187
166
153
165
155
161
161
179
143
157
162
169
168
180
142
178
157
149
164
169
169
168
165
171
181
153
164
170
148
168
192
155
164
183
174
157
193
185
155
182
189
170
178
154
173
161
161
149
167
159
185
171
187
156
163
159
172
173
161
159
184
180
165
175
166
171
169
170
179
168
168
166
167
167
182
181
178
168
164
172
173
171
160
153
189
184
179
177
221
214
204
205
220
233
224
230
167
233
249
257
279
200
240
227
223
215
228
243
205
198
166
196
214
219
199
186
239
214
203
180
170
183
170
161
158
193
165
137
167
167
182
167
157
151
167
164
174
184
164
180
165
164
175
170
165
161
175
153
164
166
179
166
165
166
172
176
153
178
170
164
161
167
155
177
158
156
153
180
160
174
169
150
162
164
161
173
170
161
168
161
152
160
164
172
147
197
162
187
175
170
159
167
167
149
184
162
181
163
158
169
183
249
166
173
160
171
161
176
156
181
163
165
174
167
167
176
173
176
167
200
150
166
161
150
191
192
165
168
171
157
173
165
201
156
189
156
168
159
167
175
191
167
173
148
176
167
171
159
177
198
258
149
160
166
172
161
163
150
168
188
167
183
196
179
168
182
157
164
169
161
216
200
165
180
202
175
175
175
159
141
165
188
184
162
171
159
172
174
128
171
179
155
196
159
162
183
192
181
158
189
154
162
185
166
156
170
172
173
178
151
155
161
188
179
160
166
161
154
162
157
161
168
179
170
161
174
181
166
160
169
172
162
155
176
152
175
156
183
162
159
162
175
186
148
168
150
182
161
155
163
175
158
164
177
173
154
171
166
159
173
166
162
163
168
168
175
165
154
150
159
161
157
164
157
168
168
175
167
157
159
154
170
160
173
158
166
164
154
165
149
162
169
171
181
172
158
175
171
181
172
162
161
165
193
165
179
173
176
185
175
166
164
326
191
149
150
183
159
158
176
174
147
174
177
162
166
163
174
160
166
166
164
169
175
192
166
179
172
147
149
158
171
163
185
169
178
174
141
196
162
193
156
163
183
176
170
156
181
161
159
170
159
165
170
174
173
172
173
199
188
196
218
225
236
203
190
179
186
183
208
225
210
216
220
206
221
239
265
253
278
263
212
240
231
202
185
173
168
189
165
174
167
174
173
191
173
178
162
157
171
186
176
176
164
171
173
163
181
156
169
167
176
174
164
158
163
161
148
160
158
187
167
167
163
171
164
328
179
155
177
177
163
160
159
197
197
159
179
177
186
166
182
155
174
165
153
138
140
147
157
193
166
170
164
144
153
160
148
147
119
175
177
165
183
176
191
167
198
176
194
141
182
