42
56
61
73
65
55
55
72
50
59
63
70
42
77
48
69
68
51
78
74
61
43
61
65
67
69
69
66
77
70
77
62
92
49
49
61
50
66
69
58
64
63
45
72
79
64
71
50
94
78
62
69
71
52
78
73
51
67
76
43
70
61
89
68
88
67
42
95
68
79
85
78
76
50
73
66
86
66
41
73
82
69
75
62
76
74
82
34
76
72
70
69
73
63
62
74
49
62
61
51
57
49
67
53
66
63
55
71
79
76
60
72
65
51
59
59
67
79
76
67
60
83
71
53
84
68
53
90
67
60
58
60
63
64
61
80
71
59
78
56
50
66
72
40
64
52
58
90
60
70
45
73
64
71
64
137
50
49
74
82
69
63
69
86
75
43
82
68
65
55
70
82
67
66
72
80
68
64
54
54
50
64
65
72
41
76
72
71
49
135
61
72
61
65
68
75
82
58
91
65
71
66
60
56
60
82
74
73
74
85
50
49
74
59
82
54
71
62
85
97
83
79
69
92
79
73
81
63
66
78
84
69
61
50
64
49
91
72
50
314
61
83
84
50
78
83
84
50
91
64
50
67
65
72
84
86
62
80
68
76
50
54
81
42
81
60
65
77
53
47
70
82
65
61
71
62
56
57
81
63
72
64
95
41
73
65
63
89
66
80
73
44
75
79
97
87
49
63
170
146
71
79
79
50
83
91
80
49
79
64
70
60
57
73
85
67
88
81
76
64
82
74
82
52
50
61
86
90
73
77
77
52
69
67
72
95
84
69
79
69
69
137
69
77
79
63
75
75
74
79
50
76
58
43
52
68
67
50
74
59
68
75
75
66
61
65
59
71
65
60
58
63
75
49
58
81
61
74
50
73
70
76
42
54
52
61
76
34
66
67
61
85
71
63
48
70
47
84
74
91
75
43
61
57
77
53
59
71
60
65
55
50
72
49
84
81
65
68
43
58
67
67
55
50
60
62
64
61
56
63
78
64
76
42
67
65
91
60
28
79
52
59
49
62
64
41
66
57
64
85
69
56
42
80
67
65
50
58
58
76
65
43
74
69
57
62
71
65
69
75
69
61
65
63
70
58
55
59
56
69
59
66
72
65
49
71
74
45
68
70
70
77
46
75
83
75
56
53
49
67
62
68
65
68
72
64
70
70
75
49
54
65
64
69
80
65
39
64
72
70
50
74
66
65
77
73
43
76
64
53
70
76
69
64
64
60
63
71
84
53
60
58
78
88
78
54
70
58
83
87
77
101
54
50
50
84
81
67
74
76
68
81
68
69
51
42
65
49
74
81
69
75
52
69
56
82
91
85
68
63
61
70
60
76
76
49
74
50
50
81
65
74
73
68
62
42
80
67
64
68
53
69
42
79
63
57
59
42
69
74
40
68
52
90
84
78
102
69
74
79
97
70
72
63
47
100
57
110
97
90
59
72
58
74
59
71
69
72
80
61
72
60
60
64
56
58
47
41
67
60
75
42
66
47
70
62
71
72
38
51
78
72
67
61
93
46
68
79
70
81
65
84
46
77
58
73
67
41
52
56
57
49
61
62
65
69
69
72
76
67
64
76
57
72
59
63
71
64
50
76
47
60
80
86
87
72
81
73
42
79
62
65
48
70
66
79
54
46
89
48
73
71
68
57
39
55
57
56
72
74
63
40
69
59
71
46
59
70
62
61
56
87
47
63
68
60
55
69
75
79
75
56
53
58
63
45
46
89
55
81
80
73
63
49
68
45
88
56
61
76
46
61
67
65
57
69
83
72
60
52
81
70
50
72
58
42
94
78
76
75
85
78
84
64
76
93
82
94
102
75
150
135
45
87
55
108
70
79
83
85
74
77
75
64
69
66
61
66
80
67
77
56
41
72
65
67
79
75
72
63
78
84
56
67
60
64
62
50
76
63
64
80
72
60
51
74
73
55
52
51
63
72
81
81
51
64
68
56
63
81
82
51
74
75
56
107
105
63
81
67
96
60
68
58
59
62
100
35
54
72
69
66
62
65
72
61
49
75
63
76
78
62
72
54
56
42
70
60
70
61
83
49
51
64
60
63
59
69
54
74
60
65
64
70
61
66
102
96
33
42
49
62
64
72
51
73
50
43
70
68
57
50
68
55
60
70
42
55
63
65
55
65
68
67
51
53
76
72
35
50
63
63
41
58
64
72
63
61
57
83
56
42
64
73
75
77
68
61
92
73
43
70
87
72
49
88
60
67
76
65
75
50
71
76
83
82
82
73
78
72
66
75
67
43
77
102
67
51
79
60
