194
308
183
181
213
306
200
211
175
267
212
204
199
194
199
175
169
181
165
201
191
180
209
204
171
218
213
212
203
228
221
289
197
196
191
174
173
230
210
211
286
259
169
198
198
221
175
229
177
161
174
321
193
212
175
183
175
180
187
327
201
215
217
183
194
199
233
209
172
196
193
309
438
273
176
239
195
189
192
205
221
186
178
176
185
220
187
221
214
195
176
190
179
186
176
173
176
192
172
176
192
171
166
186
162
194
183
199
173
166
174
198
183
165
167
189
154
174
181
192
169
168
167
170
164
188
170
169
162
180
164
197
159
194
183
170
174
170
187
164
181
153
174
164
180
180
165
215
158
180
163
179
182
191
162
167
167
255
190
276
287
181
194
169
178
188
172
197
169
177
168
181
172
175
194
167
186
202
236
181
205
152
167
165
266
175
168
184
184
170
197
178
169
167
155
178
171
171
169
167
179
194
180
185
163
171
269
161
196
142
180
211
186
158
161
164
181
177
164
168
224
177
167
164
177
175
274
166
223
175
216
230
170
220
226
158
168
177
241
238
166
192
191
211
187
215
183
161
206
192
162
248
176
175
173
167
177
169
173
162
172
265
183
166
167
165
167
163
193
150
157
181
169
232
167
166
164
151
166
161
167
177
210
229
177
156
205
158
171
162
255
174
230
186
165
170
185
172
191
173
169
162
165
172
185
155
186
167
174
244
176
218
170
154
166
217
166
176
165
225
165
174
173
220
160
218
160
185
175
162
174
172
172
228
172
175
157
243
164
330
168
177
212
186
193
166
190
213
199
168
182
176
167
162
259
170
177
190
164
168
176
212
174
228
165
192
165
212
160
228
169
198
162
228
186
167
158
192
206
214
202
165
224
164
230
163
207
187
172
166
184
187
169
194
193
200
200
209
195
200
179
195
177
198
200
191
199
180
201
176
176
191
187
188
185
186
198
205
219
268
217
198
193
173
205
326
194
196
217
189
194
173
212
190
173
199
202
180
196
199
242
196
236
202
192
180
204
200
190
201
196
199
200
196
193
177
191
177
175
215
223
193
200
197
212
204
192
197
178
211
181
190
194
186
263
205
196
186
185
179
217
186
193
194
195
193
191
193
205
202
191
312
189
198
287
291
210
186
211
267
183
188
181
191
186
186
197
192
200
202
313
184
203
188
195
190
201
203
206
189
178
200
205
216
186
183
208
187
181
245
209
197
196
207
192
190
260
222
275
255
182
192
197
211
181
187
205
193
185
270
182
202
201
202
204
204
184
183
182
197
202
200
309
282
223
241
207
173
188
229
174
190
180
190
188
224
217
189
186
190
182
283
206
216
234
172
184
183
227
184
175
161
194
240
186
198
183
172
183
185
180
175
184
223
197
200
175
187
175
203
180
187
181
180
183
152
181
229
169
187
178
163
176
152
175
175
171
176
165
171
179
176
173
207
174
163
176
231
176
211
177
221
169
220
182
225
217
181
170
154
175
219
173
178
178
210
214
177
209
171
173
216
235
171
173
214
215
175
184
173
243
193
184
177
152
212
176
190
175
185
165
167
224
230
188
231
176
168
191
184
171
213
173
223
179
210
183
189
181
190
176
170
218
174
170
215
197
182
179
166
171
202
173
173
167
168
185
169
188
179
232
353
248
214
216
205
196
211
236
226
232
209
235
192
226
227
200
184
247
231
218
208
251
199
223
223
236
223
202
211
247
212
187
226
228
192
212
225
211
187
213
248
216
204
191
217
198
202
204
227
243
184
245
268
303
262
262
277
227
240
241
203
202
221
198
291
224
212
208
226
173
190
200
212
217
225
205
195
252
229
262
273
179
204
246
217
195
253
215
223
194
264
219
245
213
247
204
226
216
209
214
236
203
218
226
192
202
191
217
197
217
194
219
196
215
196
207
238
200
227
219
216
214
188
200
204
201
220
201
208
261
218
208
198
260
208
247
205
248
209
207
214
201
217
175
235
242
241
234
246
203
213
215
209
202
335
236
188
183
246
192
189
209
229
195
227
213
195
201
196
241
251
173
237
222
170
201
230
168
162
160
246
202
238
237
162
218
254
161
216
164
169
252
181
176
172
290
179
170
158
219
204
216
176
237
198
244
209
225
171
167
225
177
230
165
241
244
176
241
216
165
227
209
206
201
178
168
245
175
165
164
203
219
166
167
206
230
158
177
162
233
198
179
170
170
208
242
169
164
165
253
159
174
180
234
281
242
242
202
198
174
179
225
208
172
163
280
231
317
337
191
163
254
194
182
195
253
208
258
171
