59
50
58
43
60
44
41
90
43
41
41
42
42
42
42
43
71
81
58
40
41
40
50
50
41
81
41
42
44
76
42
42
54
43
76
49
84
82
42
73
59
69
51
85
46
45
83
74
40
52
43
40
48
74
39
60
52
51
43
50
42
60
64
47
50
52
41
60
77
48
42
40
42
63
42
42
77
44
39
56
68
55
58
51
96
44
69
90
51
43
43
42
46
59
63
42
69
50
56
60
44
44
43
47
44
49
87
47
49
43
50
45
61
45
45
49
53
44
43
52
42
43
50
53
59
46
91
82
43
55
50
45
90
51
63
54
74
61
50
50
63
43
41
43
52
46
42
43
48
44
45
44
57
46
58
121
44
53
47
53
47
53
52
50
43
51
68
49
46
52
46
58
44
88
42
58
55
46
44
47
46
45
45
66
49
46
52
46
46
62
63
44
47
61
46
50
66
55
43
54
55
51
55
46
63
47
47
52
46
52
45
47
48
45
70
54
64
46
58
50
45
98
55
53
48
45
46
78
58
45
45
100
46
56
54
58
48
47
53
52
45
92
68
46
50
44
52
58
59
43
52
52
50
56
45
47
52
53
60
53
58
55
44
91
61
44
42
42
63
49
44
42
54
45
63
58
42
44
41
49
41
46
43
47
70
48
44
41
40
52
40
48
70
42
48
47
48
62
42
47
58
47
44
51
41
49
65
48
51
43
91
49
42
52
43
59
43
47
56
40
47
50
51
48
39
42
59
79
44
45
49
91
39
61
43
49
41
43
73
42
59
41
60
58
47
51
49
42
51
44
42
51
62
43
42
41
41
40
53
42
42
47
41
56
68
48
54
46
42
45
48
41
49
42
41
47
46
50
53
87
71
43
55
43
76
42
40
48
42
55
42
62
52
58
43
47
48
60
42
44
72
39
48
40
45
42
45
42
46
43
48
40
67
48
42
49
60
40
72
83
41
45
59
43
46
50
44
52
43
48
48
52
47
46
44
43
49
48
52
98
49
50
57
49
41
61
44
42
43
49
45
44
45
54
64
53
92
64
86
85
79
50
54
84
44
54
62
56
87
42
54
42
73
49
55
80
73
43
58
45
56
42
43
81
62
42
88
63
50
50
90
48
42
47
42
46
85
77
53
40
73
44
48
44
95
44
43
74
40
42
42
52
74
117
52
82
46
73
52
51
40
46
56
77
46
58
49
41
78
49
69
39
40
46
52
41
43
44
45
74
93
41
60
75
40
40
43
47
48
48
84
41
44
50
50
45
45
61
82
48
43
84
75
47
49
76
82
58
41
78
55
39
54
43
80
43
47
65
41
48
63
48
42
71
75
40
47
53
49
45
40
42
41
50
75
41
47
53
53
48
51
57
56
83
45
42
41
49
82
83
74
53
63
40
80
83
46
41
48
46
59
42
41
61
74
67
45
72
51
40
49
42
47
41
43
43
48
54
44
45
75
49
74
49
52
76
50
52
72
83
48
40
45
46
90
41
43
87
88
54
40
51
543
71
42
47
41
56
73
41
46
47
50
40
43
41
82
51
50
44
45
50
47
53
42
65
39
45
40
58
60
66
47
50
77
48
46
46
44
46
41
43
52
41
48
78
60
41
83
41
45
68
40
48
61
68
41
49
78
47
42
56
44
43
41
42
42
44
52
42
45
42
44
73
56
41
69
50
42
40
49
52
61
46
49
47
43
44
49
53
50
42
61
44
52
66
44
43
42
57
44
48
40
51
45
59
51
53
59
44
74
46
42
53
48
42
39
48
43
44
78
53
51
72
52
47
75
39
45
51
42
50
44
54
50
76
65
42
60
41
51
41
57
51
53
49
59
58
52
49
40
41
64
42
58
66
42
51
47
49
40
49
62
45
42
42
50
56
48
43
41
50
48
55
45
49
40
59
51
47
44
43
42
42
40
45
57
57
53
48
47
75
44
61
43
46
50
42
50
42
40
56
47
73
44
46
44
39
65
40
38
51
65
71
57
43
45
49
71
48
41
62
52
71
41
84
48
41
47
42
47
46
63
56
48
45
56
45
44
46
77
49
58
54
53
73
49
57
44
61
49
42
53
46
49
74
42
58
77
51
42
56
40
49
44
41
65
45
49
49
46
49
47
40
47
60
49
42
47
79
58
47
48
51
57
42
49
41
43
56
61
46
40
59
47
56
68
89
40
44
41
44
48
60
49
84
50
54
81
46
56
46
52
48
41
80
50
43
40
40
59
47
48
47
45
56
69
42
56
42
51
60
75
66
51
58
73
39
44
75
