62
64
50
78
90
74
106
59
67
48
64
109
88
84
72
66
41
40
59
47
41
88
46
44
42
90
49
50
53
78
43
42
58
82
64
75
75
54
55
78
41
42
54
78
66
48
51
54
46
78
82
83
76
55
85
77
72
49
47
49
63
68
98
60
90
79
76
53
49
76
50
47
79
64
48
63
107
65
60
67
81
49
81
89
61
83
86
83
49
49
98
61
80
90
67
32
46
75
68
48
43
41
42
41
50
68
52
46
46
51
47
42
39
90
54
43
47
44
46
45
39
70
58
42
42
46
43
43
38
64
48
47
43
41
42
39
44
66
43
41
42
42
40
50
76
68
63
40
73
42
41
47
46
84
43
59
85
61
41
48
41
47
72
52
42
53
51
53
64
53
41
48
85
49
46
41
66
44
46
40
76
49
44
53
41
77
108
88
44
77
42
40
43
159
41
42
43
42
77
43
50
65
78
42
43
43
78
42
51
89
43
90
44
42
47
52
77
99
108
251
37
86
45
45
77
82
85
47
70
54
104
451
49
62
69
44
45
44
54
53
95
81
70
52
45
66
51
44
69
80
44
42
90
42
44
71
54
48
73
43
69
54
44
44
52
55
93
54
43
65
51
75
53
46
52
83
80
76
77
51
47
51
48
55
66
86
66
115
78
126
42
66
82
43
48
70
52
78
55
42
68
76
42
48
42
89
59
69
60
44
40
41
42
78
53
52
43
51
44
52
69
43
42
49
49
42
44
43
67
55
78
42
73
56
40
55
77
43
72
42
50
42
85
45
42
51
47
42
52
41
44
42
54
73
85
51
45
43
85
45
50
79
83
46
42
102
58
72
47
43
43
66
53
52
47
85
73
42
51
56
44
51
69
61
52
48
48
44
43
49
52
88
58
74
80
76
97
111
104
75
56
44
42
55
61
52
64
90
79
81
53
78
76
82
52
43
74
42
41
83
58
59
90
92
64
53
68
46
45
75
81
43
44
45
45
89
80
51
72
49
49
54
44
74
75
43
59
53
58
70
90
58
79
82
44
44
76
81
43
51
44
52
45
42
88
85
43
79
44
74
52
86
69
53
51
87
61
43
100
104
48
92
106
86
45
67
62
70
45
46
89
67
66
72
65
81
91
51
58
80
56
42
44
45
49
45
54
53
98
44
46
54
45
83
44
93
45
44
47
81
45
47
43
44
45
45
86
47
45
53
86
45
44
44
44
43
47
44
69
46
44
80
45
46
69
45
57
98
44
56
83
52
67
46
66
47
45
46
82
77
51
38
46
47
59
49
82
56
46
95
93
87
45
74
94
78
69
53
97
54
46
97
46
53
83
78
46
95
76
52
65
72
59
88
53
49
51
45
74
48
50
46
66
69
56
85
51
49
71
71
83
58
82
65
75
94
70
70
76
84
42
44
64
44
44
45
43
65
56
86
45
61
71
68
64
80
81
52
49
55
42
47
43
42
40
78
45
76
43
43
42
42
43
84
43
42
43
63
69
63
47
76
42
82
51
42
61
51
42
63
43
52
42
52
44
43
87
61
53
49
34
70
41
47
57
78
42
50
42
78
41
42
64
42
44
81
63
50
48
50
43
61
43
56
85
76
78
55
54
45
87
51
48
40
92
44
69
73
41
44
41
71
50
55
51
87
66
68
105
65
47
60
43
82
64
52
80
72
61
43
67
69
72
42
79
45
43
43
45
85
44
81
50
51
53
67
69
45
48
52
74
40
64
53
40
73
49
74
75
49
72
77
60
40
49
82
50
42
47
41
78
54
43
42
68
75
41
49
112
77
100
42
67
42
40
73
41
42
40
51
43
40
54
89
81
39
44
61
45
42
42
68
44
74
42
41
53
53
41
76
53
55
40
46
52
72
53
70
55
49
79
43
65
40
42
78
42
65
43
39
73
41
33
75
41
52
41
40
42
49
78
40
43
70
40
59
52
68
49
41
40
69
47
40
45
80
41
47
40
35
43
44
42
75
43
63
43
73
40
54
48
50
49
70
78
83
45
56
44
43
72
49
41
80
43
46
40
81
48
41
41
41
41
41
44
67
41
49
41
72
49
33
45
84
43
43
41
66
78
41
41
61
85
42
39
75
58
40
71
51
73
50
53
40
44
58
43
66
73
40
43
93
72
50
42
84
40
41
41
51
63
48
68
71
43
41
42
41
63
89
61
42
72
59
61
41
45
42
73
58
67
47
74
44
57
68
49
46
67
48
81
89
71
41
39
40
42
73
44
53
73
70
39
43
76
78
56
59
76
47
