44
80
48
43
47
43
43
43
42
44
41
48
41
41
43
72
48
98
49
48
42
47
41
84
47
53
42
34
42
46
76
42
58
56
77
48
57
41
82
51
84
52
65
49
53
49
48
58
59
58
41
50
83
50
42
55
81
87
76
41
65
60
80
42
46
50
54
41
50
49
57
49
40
44
46
46
76
46
43
52
53
49
62
51
55
82
50
41
41
41
42
92
79
51
52
49
49
45
51
40
44
40
42
42
43
54
89
80
42
45
43
49
57
48
40
57
44
42
43
60
43
53
71
42
41
42
43
55
89
143
44
84
58
54
68
44
51
42
46
59
55
43
43
43
28
50
42
56
46
45
53
57
93
51
43
44
61
85
50
70
83
53
78
46
44
42
65
85
59
44
63
52
61
85
60
46
52
79
75
91
46
46
74
52
48
43
44
51
60
82
41
42
42
43
51
41
50
46
42
79
60
43
53
60
72
53
80
53
53
44
42
76
43
76
45
44
55
43
48
93
44
53
36
57
46
87
44
42
74
68
54
54
44
45
47
52
52
52
44
53
45
59
45
89
50
50
53
43
43
45
57
74
74
54
44
44
54
43
44
47
44
53
70
58
53
44
54
103
56
54
62
85
46
51
48
59
89
48
76
55
62
39
85
49
67
48
58
101
54
44
51
37
51
54
57
90
44
45
65
53
87
46
47
48
49
48
38
47
85
48
52
85
52
53
87
60
45
45
51
57
45
73
51
44
61
50
46
49
44
44
60
49
56
78
46
44
84
46
44
82
74
45
43
59
48
60
41
89
44
42
49
52
80
91
44
48
48
48
74
52
59
54
55
55
49
52
46
42
49
60
58
78
80
53
43
45
50
59
47
50
61
42
40
50
43
54
46
61
74
42
61
49
50
43
59
48
74
44
58
42
51
43
43
48
51
402
53
53
49
44
90
73
41
44
45
54
74
51
50
41
87
50
42
44
56
50
79
47
74
75
49
40
42
60
56
45
46
56
51
65
41
50
76
70
72
46
49
95
43
40
39
72
64
40
41
82
38
49
41
77
54
48
39
49
51
43
46
64
67
47
64
76
53
39
47
49
56
64
42
47
51
60
40
57
52
58
39
41
46
41
41
43
39
83
75
47
62
41
53
43
52
72
57
42
50
62
57
47
42
50
39
55
73
48
40
48
53
56
47
41
44
58
44
48
41
48
54
50
57
41
41
55
41
76
51
59
42
48
40
48
47
47
39
51
46
40
48
54
90
56
57
39
50
51
39
42
49
41
42
42
42
52
43
71
75
41
42
52
48
50
40
75
49
50
44
46
76
48
74
41
46
48
41
42
41
48
57
44
49
79
73
69
52
50
40
41
41
90
41
208
34
43
48
42
54
69
44
43
42
45
75
40
83
49
42
47
49
67
49
44
67
54
65
51
44
50
77
46
49
50
65
55
62
80
41
52
42
39
60
41
50
53
40
42
52
42
344
49
50
43
40
59
59
44
50
39
66
49
42
42
78
74
49
47
57
83
42
58
61
43
49
50
82
48
46
40
48
41
49
42
57
80
50
42
42
41
73
71
48
42
41
78
42
47
44
56
61
74
51
57
47
52
73
77
39
48
78
53
50
42
77
43
44
51
88
40
47
73
72
44
50
43
41
46
50
52
85
62
39
40
48
41
40
47
63
44
48
56
40
40
73
69
41
73
51
38
78
49
48
49
46
71
39
41
58
42
53
42
49
41
51
66
75
58
42
41
47
78
48
55
53
65
55
39
56
76
39
67
41
45
69
72
50
42
52
40
52
53
50
50
47
42
51
49
52
77
50
46
56
51
51
40
40
97
43
61
41
42
45
42
66
40
42
48
58
50
43
59
40
52
76
40
49
49
54
52
42
42
41
40
42
78
53
42
49
52
52
40
51
41
48
62
53
76
52
41
57
40
43
51
48
41
41
41
50
41
77
44
57
45
48
49
42
43
53
42
54
60
41
49
49
80
69
43
48
40
49
43
42
47
41
42
53
88
76
40
48
40
45
48
68
80
55
48
46
52
53
41
47
61
59
42
44
61
42
47
42
42
73
52
49
42
65
41
60
74
76
53
77
46
46
48
83
63
49
43
43
61
39
53
53
55
65
43
43
46
41
72
49
87
58
47
41
76
43
60
72
47
40
47
87
54
47
41
66
85
46
51
53
44
41
41
49
47
40
58
46
48
60
40
52
82
54
47
51
42
70
45
49
42
52
43
48
75
41
43
42
40
51
60
47
52
50
87
82
66
51
41
42
47
