196
202
240
233
222
188
209
215
206
263
199
203
320
207
172
232
197
236
210
191
195
215
210
207
275
192
194
187
195
240
200
204
237
211
187
210
199
188
203
248
195
216
209
235
234
214
223
211
221
212
231
221
218
204
210
187
210
230
197
166
165
162
230
170
185
217
165
166
238
165
173
165
162
171
173
166
208
159
171
219
212
166
171
163
167
175
164
171
176
183
186
177
183
198
250
226
188
243
193
185
223
188
177
235
186
179
185
162
179
166
216
174
186
208
172
157
168
172
169
181
163
167
177
218
167
220
176
178
179
168
217
178
174
204
184
162
155
216
172
168
170
218
181
174
171
176
171
172
229
174
157
204
169
171
176
164
176
235
167
170
178
173
177
206
180
169
171
236
165
172
178
180
163
163
178
200
177
167
229
186
192
185
177
181
186
189
186
203
243
195
199
192
188
171
222
195
222
185
196
179
250
266
191
187
213
189
174
208
177
197
205
175
226
178
251
230
179
198
269
190
193
169
170
186
186
173
173
173
180
179
172
174
169
184
178
233
175
180
210
173
176
215
173
243
246
222
193
188
195
182
174
151
166
180
194
173
168
171
187
191
189
199
197
183
203
177
193
180
185
164
186
208
176
175
221
297
195
176
206
218
215
174
196
218
180
217
177
221
177
178
182
187
173
173
189
169
222
169
222
261
232
205
188
176
211
170
194
224
205
179
223
214
182
201
195
236
199
183
234
194
180
194
195
187
166
198
228
184
181
186
184
185
196
180
236
186
187
180
204
253
187
180
182
187
155
156
192
196
182
190
215
184
194
188
200
180
231
179
205
228
226
196
181
169
174
223
166
174
246
173
215
189
182
188
185
169
190
148
207
185
233
196
184
236
213
202
175
229
191
179
176
203
162
210
189
180
238
188
233
174
264
206
191
187
165
181
205
210
222
204
175
237
185
205
215
234
183
151
206
191
170
182
199
209
228
223
219
220
184
213
197
226
232
253
210
228
240
210
206
203
229
212
255
217
223
205
219
215
211
223
224
209
232
215
266
214
219
241
241
201
220
230
218
228
226
216
210
241
223
215
192
224
232
225
238
214
206
205
214
219
211
241
235
228
210
216
219
219
274
209
246
213
208
212
207
231
213
220
223
236
218
207
220
215
228
237
217
231
223
230
238
202
241
215
214
228
216
200
215
232
222
217
221
221
234
227
233
222
189
226
247
229
224
210
225
223
219
221
234
224
210
220
223
225
225
231
222
213
181
230
216
194
181
172
159
216
184
169
188
182
196
201
192
182
180
177
195
195
163
198
190
226
195
170
208
188
231
191
184
228
184
194
224
202
198
181
170
189
208
200
167
213
188
197
191
178
203
188
184
229
188
196
241
173
197
219
200
185
170
195
208
195
198
216
228
155
168
188
164
213
195
198
205
178
232
162
192
222
193
175
213
166
173
206
168
158
176
179
238
207
204
213
184
181
222
217
210
203
197
198
205
195
183
202
159
191
230
180
206
171
199
181
196
238
183
192
189
177
207
168
192
175
199
179
205
222
214
221
245
219
204
280
193
234
207
192
215
201
229
252
180
329
224
232
189
210
281
198
194
210
213
208
193
198
217
221
212
209
209
235
207
210
223
222
220
215
219
198
213
216
221
217
231
187
198
206
207
216
210
251
212
207
256
202
205
275
219
204
258
211
236
205
190
245
205
212
266
239
229
183
260
213
223
208
186
268
210
182
220
230
196
237
205
219
257
216
212
241
228
218
210
219
216
245
226
207
216
209
235
224
233
225
228
300
235
219
230
232
245
266
231
231
213
223
192
269
224
196
252
202
199
234
212
202
272
221
200
224
227
196
251
209
217
265
225
198
203
266
213
202
274
218
244
242
209
200
245
269
205
224
248
193
188
206
261
230
196
252
192
237
205
227
193
211
224
192
200
251
205
217
226
207
201
262
209
200
229
190
199
214
212
193
199
197
261
222
230
201
221
216
204
200
200
201
223
204
194
204
229
204
189
199
215
221
209
224
295
230
223
206
233
212
217
209
232
193
205
189
201
211
202
208
194
257
212
195
192
210
206
223
192
210
190
188
254
225
204
259
225
203
228
188
146
146
182
198
201
139
138
256
192
173
189
206
144
146
143
136
201
137
150
143
148
152
190
148
143
205
203
220
164
139
205
228
141
141
161
219
146
199
139
150
158
182
196
215
140
198
149
182
202
147
158
223
148
177
200
186
148
203
140
155
203
158
140
148
152
147
218
140
227
140
193
147
142
141
138
163
194
140
