221
199
268
214
261
283
194
235
208
209
218
207
206
202
270
231
256
195
214
211
198
284
234
286
202
345
204
227
205
199
240
226
213
223
213
217
214
266
191
206
272
218
201
230
194
396
221
286
265
288
272
226
219
202
315
206
217
219
213
209
217
234
223
232
223
265
211
258
228
419
220
234
207
217
299
228
266
271
211
219
228
216
254
262
239
245
264
230
213
320
228
229
217
227
250
207
278
210
317
306
226
231
380
222
217
213
215
235
230
288
242
247
226
481
263
244
291
243
281
244
272
279
431
287
288
332
296
276
281
335
357
381
304
375
423
316
315
379
416
244
456
365
326
468
452
348
312
311
321
333
274
320
306
321
333
303
320
348
320
335
276
301
299
293
362
308
288
303
285
266
498
631
363
309
422
286
303
332
293
390
307
298
263
262
292
260
279
277
263
288
263
250
305
250
283
294
258
235
256
254
259
233
233
261
179
261
301
239
244
288
238
240
264
249
237
283
232
230
329
217
220
260
288
210
205
205
264
213
230
247
250
200
196
195
205
252
203
198
269
208
244
197
196
211
205
200
184
247
196
188
209
199
256
187
195
195
201
208
218
255
244
215
272
195
244
212
239
189
191
198
194
245
187
193
244
197
186
197
166
271
210
223
204
253
189
258
188
202
231
184
200
209
196
193
193
190
223
220
256
204
189
211
187
190
190
187
193
198
196
187
240
242
189
195
190
198
230
199
199
186
183
211
188
285
195
201
192
182
261
195
194
190
208
187
192
204
190
258
192
205
192
240
244
203
176
228
172
192
184
249
194
201
194
226
192
213
209
185
217
190
167
193
193
204
204
253
194
285
228
217
213
685
218
208
191
212
229
215
259
201
279
196
185
229
192
214
189
199
229
274
217
196
193
204
257
195
224
202
187
212
215
191
215
205
199
242
220
184
207
192
194
299
208
231
218
256
192
192
195
233
206
195
324
207
231
231
271
209
219
225
222
202
244
242
227
231
279
204
248
214
222
247
205
230
240
243
197
289
349
224
303
209
215
208
206
237
286
251
251
200
201
218
624
223
204
211
278
222
406
208
252
206
283
218
233
203
357
214
225
210
213
206
243
215
204
222
229
213
192
219
209
212
201
185
182
202
201
205
252
206
185
185
187
230
200
232
202
343
196
304
209
232
208
225
176
204
208
258
202
190
191
209
197
223
194
181
228
179
183
233
203
188
187
188
176
182
215
177
191
251
186
192
182
170
217
254
178
203
256
186
223
200
160
230
202
197
221
227
176
193
177
171
177
198
219
197
190
221
198
195
175
189
172
201
208
183
244
192
249
178
233
186
194
228
173
187
252
191
175
191
172
237
169
184
178
228
219
171
188
204
183
181
187
187
229
172
171
176
189
189
238
162
176
185
153
238
205
206
203
203
199
185
216
209
199
227
197
215
187
242
222
206
214
221
215
202
194
212
216
214
207
218
210
216
252
187
219
223
207
220
222
218
188
183
214
198
230
189
254
193
192
213
204
203
224
207
169
210
211
187
208
204
206
197
196
223
189
229
249
197
259
205
206
219
294
221
361
211
696
253
229
205
296
323
212
235
256
194
230
251
361
212
228
220
208
223
223
213
204
235
195
234
222
202
204
225
206
226
220
222
222
209
206
214
219
266
214
221
221
197
229
227
219
205
225
222
219
217
210
200
215
212
215
225
241
221
243
191
203
202
224
204
191
234
212
228
186
229
197
240
177
170
179
242
174
210
166
170
197
222
187
241
177
226
226
177
152
183
228
165
182
169
195
168
213
169
182
163
212
160
181
174
205
167
183
171
233
174
177
174
187
220
170
239
160
148
169
155
371
176
216
171
166
158
171
162
203
213
170
169
165
157
217
178
167
184
168
240
266
213
172
208
161
164
225
169
156
167
169
155
228
173
210
222
172
155
169
155
163
160
171
169
211
170
185
183
173
147
153
207
205
163
158
162
226
203
163
239
191
172
212
200
232
165
218
173
147
233
199
172
166
168
194
141
163
216
171
209
175
157
175
197
184
195
183
177
204
176
175
182
160
194
184
196
187
191
177
198
172
209
186
235
205
198
217
171
205
220
204
225
246
182
198
184
229
205
175
190
182
187
225
172
218
174
195
203
201
181
182
166
229
197
183
244
210
231
191
173
182
223
182
197
192
183
215
189
250
181
183
208
198
242
182
211
197
184
207
182
188
193
196
179
230
192
202
227
187
216
202
169
179
184
215
211
228
186
187
192
201
177
183
167
234
184
228
181
173
202
185
183
