734702
727442
809392
750350
733939
759805
755330
735594
727295
720069
744686
742427
728435
731874
723373
759237
758052
729341
723698
756161
731453
731322
744150
732219
726019
728093
736217
723109
746000
738103
727543
737404
727665
738254
741217
737124
738686
765139
732588
742853
731290
743355
741638
733759
729322
727931
745600
723266
716918
719595
932262
762219
743062
729440
734703
729984
732024
738794
784869
710047
730319
728007
736080
721217
727811
745111
731969
751049
756847
765927
722492
744964
783487
802362
810071
1127240
754358
759089
731732
753188
735442
738139
727800
749966
737114
773467
724572
753594
698810
753768
734589
735755
733311
739795
718369
742692
710087
714470
732450
740429
