1467061
1452604
1469710
1449291
1466868
1416871
1544393
1435420
1419901
1466854
1441554
1417612
1425325
1440248
1444916
1442797
1407534
1467484
1428361
1408924
1406952
1412692
1395592
1424968
1496819
1476841
1466846
1457440
1414932
1403076
1420307
1422230
1453511
1472193
1451259
1464863
1437532
1455048
1475622
1470887
1431952
1470453
1401891
1430291
1458441
1394115
1544472
1437028
1477493
1570461
1413439
1404591
1432915
1453973
1414305
1442795
1461109
1471283
1564422
1459326
1426738
1569876
1448473
1484117
1465486
1471316
1480898
1451250
1416896
1431904
1440560
1464624
1456562
1442893
1419085
1476211
1474789
1411780
1467046
1428654
1440490
1450487
1445884
1456577
1456810
1493667
1461906
1467433
1449381
1451527
1439947
1445786
1422564
1427580
1471553
1532267
1498837
1453714
1463698
1436802
