1399785
1289859
1302766
1295281
1277947
1296858
1253202
1247772
1255661
1262970
1248707
1371624
1283168
1271556
1271245
1332048
1251919
1402403
1251445
1272400
1290046
1260682
1765554
1242806
1250136
1249433
1270483
1246208
1246513
1435447
1312636
1240737
1250878
1273719
1369597
1229576
1241554
1227687
1289678
1265191
1236496
1253646
1336485
1251679
1269914
1283004
1242640
1227759
1345150
1265436
1283198
1245584
1268160
1265252
1270463
1270086
1244158
1248052
1324113
1361590
1364157
1301824
1272885
1321361
1260027
1277836
1284550
1239374
1287987
1301501
1326955
1335937
1288375
1265397
1286505
1279203
1250935
1304996
1651470
1296226
1342677
1293993
1306814
1283746
1268812
1333972
1298378
1286975
1256657
1295952
1281412
1279120
1259562
1287326
1269338
1237481
1247054
1270122
1286798
1277468
