984216
929891
943026
931814
921979
917865
917516
923147
925086
908681
942645
922622
923147
907901
907423
906430
925468
909063
919907
922670
930596
1031155
913653
912374
911135
902509
932081
892966
921555
915116
905281
901584
910917
901173
1005379
964456
907237
1042601
919419
921297
904403
905012
1335736
902927
903681
922599
905322
894447
880740
1063416
900239
913278
911110
920433
912001
934470
971049
936869
950145
933456
990534
952354
920438
929454
947618
924879
913510
914879
921497
932412
958608
971169
953942
930201
898400
923903
911865
930083
923536
935009
896070
926824
943370
922571
927558
931816
902067
901927
903311
906493
908637
906643
900084
932957
924936
942140
918661
918026
942539
920773
