1118615
1102774
1112214
1086082
1115949
1127003
1099391
1162159
1100634
1095251
1114933
1090019
1131415
1085679
1080841
1082277
1074575
1122581
1081223
1120303
1133653
1074596
1083882
1096954
1069930
1093198
1080078
1068191
1127795
1059138
1257093
1078464
1093621
1072997
1088149
1058889
1088977
1071711
1077416
1090143
1139468
1133913
1166428
1147798
1081059
1109165
1135459
1046948
1053843
1071764
1110028
1087530
1191320
1089533
1101189
1083891
1087453
1102221
1109585
1098579
1111603
1109294
1113823
1109727
1322104
1107640
1152586
1148936
1121127
1109057
1074506
1067036
1065986
1092879
1061582
1091365
1078110
1105520
1105633
1116512
1123665
1143223
1104902
1114438
1138182
1101015
1106993
1147704
1074729
1094121
1115323
1075149
1172268
1087686
1068453
1124581
1117805
1102158
1073143
1099212
