250817
251737
254772
251002
251548
251831
252378
243096
246138
240289
244102
243845
253351
252118
252097
262684
263821
261884
259717
254883
257034
252866
260102
364292
261646
252253
247667
250197
254308
249427
252969
252776
256108
246959
248096
254120
255027
251232
250236
247694
252303
252465
260733
252058
255143
251012
248253
254709
245556
250247
257448
249606
254166
249577
247360
250944
245818
253422
249103
247500
253939
253857
250947
256586
259623
292364
252004
273939
252911
250026
258808
255629
249077
254625
256453
243892
300465
250615
250159
247501
250926
251324
251301
250308
243533
252238
253990
247910
266703
260739
248381
252477
243723
246177
253487
256232
251710
250820
256896
254002
