407718
420624
416763
417861
407149
414444
403490
399242
425671
409147
410250
405403
408920
409326
425855
421879
409248
412330
409261
407848
422028
415656
414060
418037
415451
412814
411493
408950
415153
408115
409697
412180
409651
412418
406212
419954
405265
417000
456809
427565
418013
427431
434378
407003
432033
411429
424849
409387
405920
408667
410753
487456
418416
422089
401137
411429
413349
406619
401595
394359
418295
404416
404457
404377
421914
415277
410300
423542
409960
423514
420102
410005
546001
421725
462469
434121
421282
423777
430201
413126
425531
489388
429269
409596
406961
422500
406525
395448
412389
408295
398589
403691
407430
426502
408212
412511
412711
405339
421800
408630
