100485
199129
112576
103615
100258
102210
110369
101852
101755
102127
108864
103265
153113
109353
110025
107406
111245
105140
108327
112430
112476
111517
110338
114297
114123
115526
116212
111692
118718
115902
176409
116048
114885
118243
118088
117866
115831
117423
117715
115856
116027
116523
118224
117686
118621
116501
145729
117859
116757
118134
115778
116265
123681
115709
114175
126408
116849
119149
115554
112944
115611
118831
119662
126275
125250
236563
121422
117456
117830
116273
117299
117687
117125
118300
114360
114418
231043
114815
118565
117045
117410
117186
119508
117779
119037
117058
121216
114188
119573
117400
115700
115868
116356
116646
118127
117860
115096
120017
118418
117400
