568956
586407
592203
569654
574470
586192
564878
589755
588780
589483
585242
604590
584601
588071
644681
582758
572088
584048
580701
569313
587417
597953
571081
595292
570479
568607
561112
570793
733746
572040
643060
573950
612402
594928
588804
590266
571747
564748
566823
572642
561338
589711
574378
581318
586512
566993
572224
584542
554138
601124
571170
585663
564907
574444
624802
574814
574892
554679
562328
574996
568953
574173
572833
573283
572534
558815
573335
571231
550013
580398
588418
560692
595397
586301
1115992
1098885
845633
712958
660335
630471
623557
595286
579051
581690
579070
608867
577098
580043
572100
581506
585621
585307
574331
571405
571305
571405
565517
574601
576306
580433
